ID,Local_ID,Language_ID,Parameter_ID,Value,Form,Segments,Comment,Source,Cognacy,Loan,Graphemes,Profile,Audio_Files
ask-1-1,,ask,1,lu,lu,l u,,hindukush,,,^ l u $,default,3f49e2d7a33522883c97090c753fe0f0 c14eb82ad72464e99221925d1a3827fd
ask-5-1,,ask,5,aʈi,aʈi,a ʈ i,,hindukush,,,^ a ʈ i $,default,aef343815a438cd68e6431f3f516f9a3 87167b294ca083459d4041400e00dd91
ask-9-1,,ask,9,tsuzu,tsuzu,ts u z u,,hindukush,,,^ ts u z u $,default,db473016d15819b4da904b4a55ffac97 b190b9bc1cbef604a08b1e475d181d65
ask-13-1,,ask,13,agə,agə,a g ə,,hindukush,,,^ a g ə $,default,48aaaf5d1cd5909efd6b2a4c66fd1f40 b782e10f5e8640d58d61cf1b1cd41f86
ask-17-1,,ask,17,məɽə,məɽə,m ə ɽ ə,,hindukush,,,^ m ə ɽ ə $,default,7935dc84627cf391ac0aa8a73edafd63 c7d2641671132aeb1de5efc202c73d87
ask-21-1,,ask,21,kuɽi,kuɽi,k u ɽ i,,hindukush,,,^ k u ɽ i $,default,21923f0e6676f35e64fdddf18de6c263 778778c35aa8536e3f1b9a3f4197086b
ask-25-1,,ask,25,pʰijə,pʰijə,pʰ i j ə,,hindukush,,,^ pʰ i j ə $,default,9b6e043c2f2aa02a59503d548f6431c1 519f4a08b587ef2d64aa6cdecc365f75
ask-29-1,,ask,29,kamaʈʂə,kamaʈʂə,k a m a ʈʂ ə,,hindukush,,,^ k a m a ʈʂ ə $,default,8ac794bc842de067b29404a8e940f3c5 b582572df20d50f5ae6f08a168c87186
ask-33-1,,ask,33,atsĩ,atsĩ,a ts ĩ,,hindukush,,,^ a ts ĩ $,default,3c761baf6a503bb7004715e863eae61a 09c1ae1f030a6d6ad23d262003bc9465
ask-37-1,,ask,37,aŋə,aŋə,a ŋ ə,,hindukush,,,^ a ŋ ə $,default,8efc3af824254af0aa129f2eefdacd20 68af185dde54308c993cfd5aa511e878
ask-2-1,,ask,2,moːts,moːts,m oː ts,,hindukush,,,^ m oː ts $,default,9c4d5b2c7be93bafc554c46d87a76281 3d90ce98db124e7d9adda5f0ebc07215
ask-6-1,,ask,6,pərej,pərej,p ə r e j,,hindukush,,,^ p ə r e j $,default,45b87e031b05dfdf11f612a1eeed8473 9a48e677dd8ef3cd0a17a60f1829d5ae
ask-10-1,,ask,10,dos,dos,d o s,,hindukush,,,^ d o s $,default,d604648c0b165157f5f426037169f986 30dd66740a67e6aa3b5930c639d52f32
ask-14-1,,ask,14,purudzu,purudzu,p u r u d z u,,hindukush,,,^ p u r u d z u $,default,74b07c6d1d51976f7fde8553ff0bb997 70f1daf7d056d5a4fa483ce55d16006c
ask-18-1,,ask,18,ɕiŋ,ɕiŋ,ɕ i ŋ,,hindukush,,,^ ɕ i ŋ $,default,a20cc21e1975d8e9916c90299fea9db3 822f98b758f2862a89a5c5ee94b25816
ask-22-1,,ask,22,aj,aj,a j,,hindukush,,,^ a j $,default,c3192043f22a8471a43df25308d0f18a ca4ba3c462b28aecd99ed61f12ef241b
ask-26-1,,ask,26,zaɖuŋ,zaɖuŋ,z a ɖ u ŋ,,hindukush,,,^ z a ɖ u ŋ $,default,c6547a669ec18e2cb5232d9cdd5cb6c9 a54f681288a78065e489e5f91863b330
ask-30-1,,ask,30,paːr,paːr,p aː r,,hindukush,,,^ p aː r $,default,712ab24b27961e014824935e25284447 dc04c6381fc6b4387b4c789bfa154579
ask-34-1,,ask,34,vijon,vijon,v i j o n,,hindukush,,,^ v i j o n $,default,367de29e3e5c7ad37ef1e0416fdd72e0 b483b880f2e38954a991c81c5bd3ca0b
ask-38-1,,ask,38,uː,uː,uː,,hindukush,,,^ uː $,default,dd9d8a24ad15e19dc06e8bd7493900f1 93d1eed96fb1e4abe7b5e7f9133e94e1
ask-3-1,,ask,3,kaɳɖrə,kaɳɖrə,k a ɳ ɖ r ə,,hindukush,,,^ k a ɳ ɖ r ə $,default,68f0f3a7790a0911b00b45b610d5597f 3f414cc512792fbc3f0f032f930280cb
ask-7-1,,ask,7,nam,nam,n a m,,hindukush,,,^ n a m $,default,f74459396ee4ad5eee33cbf421e5c8c8 c4eeae9902b5feee3e270929c9f1b5da
ask-11-1,,ask,11,nosθə,nosθə,n o s θ ə,,hindukush,,,^ n o s θ ə $,default,594f21b3e0d77d3709fda4aaa607f10c e2c381fbadbdd8516b05c62e5305a200
ask-15-1,,ask,15,zat,zat,z a t,,hindukush,,,^ z a t $,default,47f8ffb242a30fbcca67a76196c35be5 609b5b1a428716e66a35ea46bdaede51
ask-19-1,,ask,19,kasrə,kasrə,k a s r ə,,hindukush,,,^ k a s r ə $,default,f8f710bba3c2aedfa6bd02c5223b3c92 5addb7dd5311717e6c6ba2fdeb6ac3b3
ask-23-1,,ask,23,atɕʰ,atɕʰ,a tɕʰ,,hindukush,,,^ a tɕʰ $,default,734b9efff61afb9198c4ae389a62f136 03b127727cdae5402f4bdcc35a7c277c
ask-27-1,,ask,27,kuroːvurtɕo,kuroːvurtɕo,k u r oː v u r tɕ o,,hindukush,,,^ k u r oː v u r tɕ o $,default,1b708911e8e176e1fad43e385372ebee 8d4fd84ec2fa80025f6476ab7b25386b
ask-31-1,,ask,31,mats,mats,m a ts,,hindukush,,,^ m a ts $,default,039e110123b9f107bd7644aad6c42ea9 ea4986b057a255c64da4d552ebc2a80f
ask-35-1,,ask,35,vendə,vendə,v e n d ə,,hindukush,,,^ v e n d ə $,default,a4ddb10ef420d64c6f83117b494fcefb 99a1b54be274dbc9873dbca1610ba667
ask-39-1,,ask,39,tsam,tsam,ts a m,,hindukush,,,^ ts a m $,default,967790d74f3c82058ca20feaa8a675eb 2ab3e2cf24f8e5b39b33e34c518ce211
ask-4-1,,ask,4,isθa,isθa,i s θ a,,hindukush,,,^ i s θ a $,default,1f95e357a59a5eb0cbe594e0dc1758fc a4a139e72ebbe0f35472f34ff564052e
ask-8-1,,ask,8,vaːʈ,vaːʈ,v aː ʈ,,hindukush,,,^ v aː ʈ $,default,a57b0ff2dbdc08f9d32c6eb5eff4c810 016e86be3e80486641eb1241b34642af
ask-12-1,,ask,12,su,su,s u,,hindukush,,,^ s u $,default,dcbff39b1869a385fbff13aa550f7818 90f0d8bdd49f32cd61362b699d51b2a5
ask-16-1,,ask,16,ʒu,ʒu,ʒ u,,hindukush,,,^ ʒ u $,default,cc27e8739f212b1d6b962c6898006562 6ded2676ece0e7b75630ef324b191521
ask-20-1,,ask,20,dõːt,dõːt,d õː t,,hindukush,,,^ d õː t $,default,3d4c0bc2526531dbcb836061969780f6 a6e4e16756611644c58a35d3d456c9d8
ask-24-1,,ask,24,kandə,kandə,k a n d ə,,hindukush,,,^ k a n d ə $,default,216203d08cdab27921c4b2db2059e9c2 934d491964d51e3c785a728cbd22e70b
ask-28-1,,ask,28,du,du,d u,,hindukush,,,^ d u $,default,b65b718aa3985befa920e412c14299f7 e28a1375d14c3f338750e86823a7d268
ask-32-1,,ask,32,abu,abu,a b u,,hindukush,,,^ a b u $,default,2da0b55e34a4925950fb9c6efecffc00 f154bc4540d7fe5cc104a2292c7770d8
ask-36-1,,ask,36,imə,imə,i m ə,,hindukush,,,^ i m ə $,default,d275322ff4ffaf2c717da78be6fd5f0e 56b27999ca90d1d7598af63e682d2296
ask-40-1,,ask,40,tu,tu,t u,,hindukush,,,^ t u $,default,8d4cedebae4641f69dcd681fe9d5573a 4f5831a21fee36b319ad607a5557a320
bft-1-1,,bft,1,kʰraq,kʰraq,kʰ r a q,,hindukush,,,^ kʰ r a q $,default,01f26de5002e31f81d0e0d39b53a7de1 16588688935ba04be1b5941f1c93cd97
bft-5-1,,bft,5,ruspah,ruspah,r u s p a h,,hindukush,,,^ r u s p a h $,default,11dbf44eef661be699e778115be809b8 473e6a8f02b21cda1e69b3cde936b8fe
bft-9-1,,bft,9,braŋ,braŋ,b r a ŋ,,hindukush,,,^ b r a ŋ $,default,526f62e5e9895cc86e6a0605d2ebf63c fb8c580a8c1107aac250167f51911c09
bft-13-1,,bft,13,õːma,õːma,õː m a,,hindukush,,,^ õː m a $,default,d07627664b2c1c139274846687817ceb 5e13a5e0c1891a97a9c2d0f092ead4da
bft-17-1,,bft,17,ɕjaː,ɕjaː,ɕ j aː,,hindukush,,,^ ɕ j aː $,default,0211a0bec0802798bf4fa29247c45066 fd3529154fa49d98d0a6ecf34f55233d
bft-21-1,,bft,21,kʰiː,kʰiː,kʰ iː,,hindukush,,,^ kʰ iː $,default,600b05dd83efeeefa50e48bb04ebba38 ece3af36b1e8fb6c08ae9371c47cbc45
bft-25-1,,bft,25,tʰũːma,tʰũːma,tʰ ũː m a,,hindukush,,,^ tʰ ũː m a $,default,fe98c23a9068c5045f263e0ff2e0e032 5c7b4a3048e86d3111270bcd8d480582
bft-29-1,,bft,29,snaː,snaː,s n aː,,hindukush,,,^ s n aː $,default,974b5d98d2055043124d6c926c285248 4d75d7df4605c5c2aeaa768ab9b9023b
bft-33-1,,bft,33,mik,mik,m i k,,hindukush,,,^ m i k $,default,444e19e17bc0a3a9b7166758161fe1e2 e4ab04339825ad9828348a37482f536d
bft-37-1,,bft,37,meː,meː,m eː,,hindukush,,,^ m eː $,default,a344d802cd2cebaecebe8359a1e88ebd ed71c660e30016c28aa9ce921fe612b0
bft-2-1,,bft,2,ŋjah,ŋjah,ŋ j a h,,hindukush,,,^ ŋ j a h $,default,e9f0340ef41e19575af07adfd3310530 7c1d6a873b7cf92365bd813491ee47fc
bft-6-1,,bft,6,gãːse,gãːse,g ãː s e,,hindukush,,,^ g ãː s e $,default,8eedc54974d80f209403e6f1e243cc1b 55b533773800ada0ef4db1cfbfee2d84
bft-10-1,,bft,10,laqpah,laqpah,l a q p a h,,hindukush,,,^ l a q p a h $,default,e2149b7d8bee926546f78f105a459c9e 59e335e9007bb7469fe6895953155a5f
bft-14-1,,bft,14,snaːbja,snaːbja,s n aː b j a,,hindukush,,,^ s n aː b j a $,default,8ba8389f347e0695772cca8b1c8e8aa3 f939299a563e44c567a5d1483b8a6849
bft-18-1,,bft,18,rwaː,rwaː,r w aː,,hindukush,,,^ rw aː $,default,7c79c48436458a0dce607bee870177e4 ef18b6a9dea91be8152183d6c7e4215f
bft-22-1,,bft,22,ŋa,ŋa,ŋ a,,hindukush,,,^ ŋ a $,default,24ad23815f54598fbe993145684c04cf 0136ca6b3ddee9ec1a695040d750b902
bft-26-1,,bft,26,bukʰmah,bukʰmah,b u kʰ m a h,,hindukush,,,^ b u kʰ m a h $,default,295f899269d007e4dc5ca4f503289cd2 a0deb7c8340daa8f1e0f55eed94c4dfe
bft-30-1,,bft,30,loŋah,loŋah,l o ŋ a h,,hindukush,,,^ l o ŋ a h $,default,511d6b87189b44d700834839700f81fc e7ff64a247a8d9d8717737db6d918c6d
bft-34-1,,bft,34,tɕʰinmah,tɕʰinmah,tɕʰ i n m a h,,hindukush,,,^ tɕʰ i n m a h $,default,ec57ab7420d7f6bf39af9c75fa195e82 ccc55e71964c2953cdc6201a5ae37317
bft-38-1,,bft,38,ɕik,ɕik,ɕ i k,,hindukush,,,^ ɕ i k $,default,c65f41e8ac4bfa130a617da45196219f 6e678d1d783bb3536f07e9ec495e036c
bft-3-1,,bft,3,braq,braq,b r a q,,hindukush,,,^ b r a q $,default,aad8a14c0502d670aa909efa6236ee09 67827913a1c5fadd2e55f68dc238fe78
bft-7-1,,bft,7,"mintaχ, miɲ",mintaχ,m i n t a χ,,hindukush,,,^ m i n t a χ $,default,b005ab26ec21cc2eceaae64ee5e71e56 b7dcfa1b8884890cf754238c46692be8 860304b87e8cf6bac6afb1c57700b8f9 8d60da1533feb699053dbd22e87af38d
bft-7-2,,bft,7,"mintaχ, miɲ",miɲ,m i ɲ,,hindukush,,,^ m i ɲ $,default,b005ab26ec21cc2eceaae64ee5e71e56 b7dcfa1b8884890cf754238c46692be8 860304b87e8cf6bac6afb1c57700b8f9 8d60da1533feb699053dbd22e87af38d
bft-11-1,,bft,11,"sarfa, suŋa",sarfa,s a r f a,,hindukush,,,^ s a r f a $,default,d3fbf4a6e48dc8319c09474d75f31dac 8aafd5d4e7d95c43ef023d63508473a8 6b58904673b82ef384172c1fa80c058e 3f2063c2a33526cc797f36b45cc09c77
bft-11-2,,bft,11,"sarfa, suŋa",suŋa,s u ŋ a,,hindukush,,,^ s u ŋ a $,default,d3fbf4a6e48dc8319c09474d75f31dac 8aafd5d4e7d95c43ef023d63508473a8 6b58904673b82ef384172c1fa80c058e 3f2063c2a33526cc797f36b45cc09c77
bft-15-1,,bft,15,tsʰan,tsʰan,tsʰ a n,,hindukush,,,^ tsʰ a n $,default,1c72466825856d5b2c271aa51ab204e9 6b65c92002cef9afcb59578898af9d67
bft-19-1,,bft,19,snamsul,snamsul,s n a m s u l,,hindukush,,,^ s n a ms u l $,default,8ae0dba634508fe10970db34196f74e2 fdec7b28ce595178a4a231759f5a47f5
bft-23-1,,bft,23,tɕik,tɕik,tɕ i k,,hindukush,,,^ tɕ i k $,default,af979d9397ecd882cba74d2fd006db56 ae3360c9440befb59c3a3dc672074b33
bft-27-1,,bft,27,lam,lam,l a m,,hindukush,,,^ l a m $,default,e3900832f4b1cd362751994d01adf9c1 347d9ca6a41742cbd253eeec94c79dc4
bft-31-1,,bft,31,"miː, miŋgah",miː,m iː,,hindukush,,,^ m iː $,default,46c8612429fb65dde50cc8382a084366 c1688b7d0efc96038b3d3e877424afa6 f371ddca602b65d5671fb1b42c6c9da7 d1d3f65453659ed035237a791069b1af
bft-31-2,,bft,31,"miː, miŋgah",miŋgah,m i ŋ g a h,,hindukush,,,^ m i ŋ g a h $,default,46c8612429fb65dde50cc8382a084366 c1688b7d0efc96038b3d3e877424afa6 f371ddca602b65d5671fb1b42c6c9da7 d1d3f65453659ed035237a791069b1af
bft-35-1,,bft,35,ɬtaː,ɬtaː,ɬ t aː,,hindukush,,,^ ɬ t aː $,default,d9ba5237ddc9f29154307035eec4e820 968c4f05b90b2a3422f41807a65e6742
bft-39-1,,bft,39,baχspah,baχspah,b a χ s p a h,,hindukush,,,^ b a χs p a h $,default,330ca2638bb2dee53031d8ea4ad98fcc 5db2af9eec6f50ea2d1bbc66b3dc5b7c
bft-4-1,,bft,4,skarmah,skarmah,s k a r m a h,,hindukush,,,^ s k a r m a h $,default,7e028996a4c171123b20c5333a8ff3d2 58c8d806274d50ad5fe9115e1d72f9f9
bft-8-1,,bft,8,rdwaː,rdwaː,r d w aː,,hindukush,,,^ r dw aː $,default,9e05a30eda5b284b64d0f801920d441d 2d91d517e7615b45428295bbd0fbf762
bft-12-1,,bft,12,ŋimah,ŋimah,ŋ i m a h,,hindukush,,,^ ŋ i m a h $,default,b970655584fb790896570e74bcff0d91 6aa726e52b6d8037d5805a4e476fbeb1
bft-16-1,,bft,16,ɬtɕeː,ɬtɕeː,ɬ tɕ eː,,hindukush,,,^ ɬ tɕ eː $,default,3d3dab28b2c5ee49f0680afe05c68729 867ade434161ee74fbf24728d5913cfe
bft-20-1,,bft,20,soː,soː,s oː,,hindukush,,,^ s oː $,default,11a4f0cc21f8781b61513a17ee822cd9 7115ae353c72ce13b76a6861e7f1fc64
bft-24-1,,bft,24,staqdʑiː,staqdʑiː,s t a q dʑ iː,,hindukush,,,^ s t a q dʑ iː $,default,811c0e065504e7ab7c35a017eeed672d 89a212694df05e16fd70ce0787357145
bft-28-1,,bft,28,ŋis,ŋis,ŋ i s,,hindukush,,,^ ŋ i s $,default,97db530761f65b40b05f3a828fa2e3b2 ea5bab2a5d35e578165dc813a9d7889c
bft-32-1,,bft,32,tɕʰuː,tɕʰuː,tɕʰ uː,,hindukush,,,^ tɕʰ uː $,default,beef15598d908b5968ddde7b75a35f73 81d0c5623422a6de6340a4f6411fc393
bft-36-1,,bft,36,"ŋajah, ŋadãh",ŋajah,ŋ a j a h,,hindukush,,,^ ŋ a j a h $,default,1f109e9abb07e1707613e4191a4d0282 ba4123c47b41e2caad71b5d8f47a9dd4 53e5a994b9d67f79bcc47081e425868c d53c69f293893a9a0366d4ed7d250088
bft-36-2,,bft,36,"ŋajah, ŋadãh",ŋadãh,ŋ a d ã h,,hindukush,,,^ ŋ a d ã h $,default,1f109e9abb07e1707613e4191a4d0282 ba4123c47b41e2caad71b5d8f47a9dd4 53e5a994b9d67f79bcc47081e425868c d53c69f293893a9a0366d4ed7d250088
bft-40-1,,bft,40,"kʰjãː, jaː",kʰjãː,kʰ j ãː,,hindukush,,,^ kʰ j ãː $,default,47c859189559fa3c0a5b5f852f1ce96f b219b164163d5a65006e3ba86c7e92ff dbaca2ccf5036260034ce08afcc001e3 7734eb35639c050352315b333ff83fbf
bft-40-2,,bft,40,"kʰjãː, jaː",jaː,j aː,,hindukush,,,^ j aː $,default,47c859189559fa3c0a5b5f852f1ce96f b219b164163d5a65006e3ba86c7e92ff dbaca2ccf5036260034ce08afcc001e3 7734eb35639c050352315b333ff83fbf
btv-1-1,,btv,1,raːt,raːt,r aː t,,hindukush,,,^ r aː t $,default,35eff2a640e52ade94f5b0139e40ce68 24d0a30fa5fc679f6225969803107d36
btv-5-1,,btv,5,hãɽaẽː,hãɽaẽː,h ã ɽ a ẽː,,hindukush,,,^ h ã ɽ aẽː $,default,6c0e6327f4538f2619fe0961aee58b25 464962786f00c88918da6fee9a9bbaf5
btv-9-1,,btv,9,tsyts,tsyts,ts y ts,,hindukush,,,^ ts y ts $,default,fd34c4335c1cc9dc1ec8716dfad70312 9608479be5be3dd0d518bff714bf215d
btv-13-1,,btv,13,juː,juː,j uː,,hindukush,,,^ j uː $,default,28de120ab514ab9613e242105ea1c0b9 85809a1f6d7d9cedbdf84583360f59e8
btv-17-1,,btv,17,mergaː,mergaː,m e r g aː,,hindukush,,,^ m e r g aː $,default,f6508b09dfa3aecd24232aa47fe6b0c9 51aa930aa6f1de2f7e82d5d336665fbd
btv-21-1,,btv,21,kotsur,kotsur,k o ts u r,,hindukush,,,^ k o ts u r $,default,6391b206874f914ec8694e6667f77bdc c5ca2ab4ae3886c1858b2f4ea81e416d
btv-25-1,,btv,25,puː,puː,p uː,,hindukush,,,^ p uː $,default,5841bd8a34f6bdbd4a04f9edd58cd87d f1eeb66d6fb512bd5876eec121c33258
btv-29-1,,btv,29,kaːn,kaːn,k aː n,,hindukush,,,^ k aː n $,default,08c18e6fa527ccc2f762d1681a8e2b45 fc04cf91a785119c1bfecd1c52dc8c2e
btv-33-1,,btv,33,ãːʈʂʰ,ãːʈʂʰ,ãː ʈʂʰ,,hindukush,,,^ ãː ʈʂʰ $,default,34477a72692f5eab60ba478f9e57b368 db578f81d43dab35319f759e4e550d38
btv-37-1,,btv,37,ãːr,ãːr,ãː r,,hindukush,,,^ ãː r $,default,93e9d06d0d70fa5fbeedf3ead12231de 75d400b1e8334c42548c897dd7ca4a4b
btv-2-1,,btv,2,mats,mats,m a ts,,hindukush,,,^ m a ts $,default,9ae2fecb873b62caaeecead8231a768e 7be1d89612683b70d5175b79f0dd1518
btv-6-1,,btv,6,puzelʲ,puzelʲ,p u z e lʲ,,hindukush,,,^ p u z e lʲ $,default,a8fa88ced4ff0fdbdef0f169034347db 8602e0f55b1bf9d6aeb02304206c67d6
btv-10-1,,btv,10,haːt,haːt,h aː t,,hindukush,,,^ h aː t $,default,d756041180dac2347443507b80cac5f3 67f59ceb01e21ee56a09f7f77a086a1f
btv-14-1,,btv,14,ʂũː,ʂũː,ʂ ũː,,hindukush,,,^ ʂ ũː $,default,f2f9eef77cb3431231db768d06c75e59 b40c4116d69ba21bbc82960c20a5352a
btv-18-1,,btv,18,ʂiːŋ,ʂiːŋ,ʂ iː ŋ,,hindukush,,,^ ʂ iː ŋ $,default,891edbece8b5243c0a167871e98fb1cc 64661391d920fe5a56801ee918e47523
btv-22-1,,btv,22,mah,mah,m a h,,hindukush,,,^ m a h $,default,b6cd7c5504693d1cb43a72f8029d07c1 9575b6c019484c5bbff10774683921cf
btv-26-1,,btv,26,kuʈ,kuʈ,k u ʈ,,hindukush,,,^ k u ʈ $,default,04390ece552c158a652e650587ddffd6 abf503f79f92731f4dab7daacf199394
btv-30-1,,btv,30,pan,pan,p a n,,hindukush,,,^ p a n $,default,0472b604416894255d850a83009be70a b9316feff13d5dfb8ecb52f571a42dff
btv-34-1,,btv,34,ɕur,ɕur,ɕ u r,,hindukush,,,^ ɕ u r $,default,6e6bae9ce267cfa4ac21baa01d716d33 631d3675da36495d31462475f48bf999
btv-38-1,,btv,38,zuwẽː,zuwẽː,z u w ẽː,,hindukush,,,^ z u w ẽː $,default,bce3ce38a7203e3eee7b765add470f7c fa811a7730e7abe15abd29fc93161c6f
btv-3-1,,btv,3,kʰaːn,kʰaːn,kʰ aː n,,hindukush,,,^ kʰ aː n $,default,98e9a0bb237db39fce5fc077906f7bf4 8c19fc51bda0f049f309968083a1e529
btv-7-1,,btv,7,nãː,nãː,n ãː,,hindukush,,,^ n ãː $,default,f022068863e2419bdcd546bc0fe56eac de1219ee7d5f40b0ce8c2985669b0068
btv-11-1,,btv,11,nũː,nũː,n ũː,,hindukush,,,^ n ũː $,default,832319e4d0b33d91585c4d59fd204245 19cbfe12975148a008c456f567acf619
btv-15-1,,btv,15,raː,raː,r aː,,hindukush,,,^ r aː $,default,0971cd87dcb98af6f91d416eded8f9da 424fe35d0bb1f1c3006a4c5b5625642c
btv-19-1,,btv,19,natʰoːr,natʰoːr,n a tʰ oː r,,hindukush,,,^ n a tʰ oː r $,default,bbd8f98675c3b6eaee1c0d8e0460846b 3716def4a5a8f299e60ac076152b4179
btv-23-1,,btv,23,jak,jak,j a k,,hindukush,,,^ j a k $,default,5894f6676a547c891d6b772b6f4fac81 246fbc6161ce02eb8240ce5015403e4a
btv-27-1,,btv,27,paːn,paːn,p aː n,,hindukush,,,^ p aː n $,default,edb8a64c747fa267ffb74402c1118e18 4dc4b5ce3b499e538a0688a032fffe9f
btv-31-1,,btv,31,mũːʂ,mũːʂ,m ũː ʂ,,hindukush,,,^ m ũː ʂ $,default,7dff29a1b0b8a6c15b1a5263c3fbba13 d0867a0832c29b077463f0fbb0b01ba5
btv-35-1,,btv,35,bʰaːluː,bʰaːluː,bʰ aː l uː,,hindukush,,,^ bʰ aː l uː $,default,8bda75101566597c1f79c5cd9f181e85 b73f903cf16a0e3fa219e4fdccc7df65
btv-39-1,,btv,39,tsaːm,tsaːm,ts aː m,,hindukush,,,^ ts aː m $,default,a496669f7cf0b256790fa61348e3f04c 8936115145a46cc35873a2e6c832a245
btv-4-1,,btv,4,taːr,taːr,t aː r,,hindukush,,,^ t aː r $,default,c8a4e89ef75436df5db660c8820b504d a303997d5d6ab8044a637b6d623c8fa8
btv-8-1,,btv,8,baːʈ,baːʈ,b aː ʈ,,hindukush,,,^ b aː ʈ $,default,1e8e836ae9d7e24bb7c2108f677bb872 d266f5fa6ee68ec00716dc808a1aa363
btv-12-1,,btv,12,syr,syr,s y r,,hindukush,,,^ s y r $,default,39aec82f01d48a02918fd0c9e6727520 3339062988f624c96797129d14a31436
btv-16-1,,btv,16,ziːb,ziːb,z iː b,,hindukush,,,^ z iː b $,default,135509924ad0743749c4e6e45cdacc6d fd01898efbe6196becc8af84b4759725
btv-20-1,,btv,20,daːn,daːn,d aː n,,hindukush,,,^ d aː n $,default,c9ae9f74f12f17142fc091d68935bc25 5811547859f39937b2512333f2a59ea6
btv-24-1,,btv,24,biːʈʂ,biːʈʂ,b iː ʈʂ,,hindukush,,,^ b iː ʈʂ $,default,a476fae3dcd2467d63b35872139292ef fcbfe1b4546af9fb3c1d45769263fb51
btv-28-1,,btv,28,duː,duː,d uː,,hindukush,,,^ d uː $,default,e64eaac33e181203a8c606d6a1e068ee 7c9db2d46be0f195fda1acc35d991d3b
btv-32-1,,btv,32,paẽ,paẽ,p a ẽ,,hindukush,,,^ p aẽ $,default,fbf94f3bb8b1498946258786000bdf5b bc54b9a273608e826650c815d35d794c
btv-36-1,,btv,36,beː,beː,b eː,,hindukush,,,^ b eː $,default,97e308aa0ef83159e151cb19237872ee 7638952985082ad34e3d3d2a345395a3
btv-40-1,,btv,40,tus,tus,t u s,,hindukush,,,^ t u s $,default,13df5baab82f56681c3eb0c333635dc4 c363aa9941f3c0b5b5c5e8d60a9788ad
bkk-1-1,,bkk,1,løːl,løːl,l øː l,,hindukush,,,^ l øː l $,default,592cacc5f711e8c8b7e06b6d2fb2e907 06963929c30ad07cfa9f4f39542115b5
bkk-5-1,,bkk,5,aːʈiː,aːʈiː,aː ʈ iː,,hindukush,,,^ aː ʈ iː $,default,b385c61f5c5283c29005a7972bd9b5df e05c949022302b568fc80fd021e76dec
bkk-9-1,,bkk,9,dyd,dyd,d y d,,hindukush,,,^ d y d $,default,f7a81a437d9b700d126ba57339d32516 ecd6a5e184998fc6394b8d4d3f4a146f
bkk-13-1,,bkk,13,je,je,j e,,hindukush,,,^ j e $,default,caf2a235da479ec4e3ab0053828eb2a0 070f7d1c1983ebe58bc1eb3588729b2d
bkk-17-1,,bkk,17,minis,minis,m i n i s,,hindukush,,,^ m i n i s $,default,36148f2af14688853dcd7023fc9c78d3 8cd34874276da0e338a0ecb75d1d0368
bkk-21-1,,bkk,21,ɕyæː,ɕyæː,ɕ y æː,,hindukush,,,^ ɕ yæː $,default,d2ecc0ba69035465eb8c897c95901670 84bf6bdf065f8a5041cc2617ca4e2c3d
bkk-25-1,,bkk,25,piːs,piːs,p iː s,,hindukush,,,^ p iː s $,default,a7771f9ff832cd7ad65ffd99bfa2d983 a2bb2ff73b476fbc336ed6c9ca268370
bkk-29-1,,bkk,29,kani,kani,k a n i,,hindukush,,,^ k a n i $,default,2dafc67afaf5a4d15431c56f0f009984 f5cbfd858e4f49be3d4c6ffb3be1aca0
bkk-33-1,,bkk,33,aʈʰi,aʈʰi,a ʈʰ i,,hindukush,,,^ a ʈʰ i $,default,448f6e120c5fe557c01e8b7f04ad30b1 5a73a39b6c1a4a21524a0c766a626904
bkk-37-1,,bkk,37,ʁur,ʁur,ʁ u r,,hindukush,,,^ ʁ u r $,default,2901de10713df20e3fb50c4980cd1b4d 430b12f83a39b8d7f125052cb1b0ff20
bkk-2-1,,bkk,2,njæː,njæː,n j æː,,hindukush,,,^ n j æː $,default,9ae8fbe34136135ca4e12334b461480d 0071babfdd550dc8b5434085ce17a70e
bkk-6-1,,bkk,6,pindʑo,pindʑo,p i n dʑ o,,hindukush,,,^ p i n dʑ o $,default,b6d54b3bd2fc3441bc809cbce0efecb3 33bb93c10ffadb1aa44be4dfaacf7dbf
bkk-10-1,,bkk,10,hæːd,hæːd,h æː d,,hindukush,,,^ h æː d $,default,6f7bd9f48658737ecccc124bdc8970a9 0bc700ba74890c278feaeddbef0ebec3
bkk-14-1,,bkk,14,laʈʰis,laʈʰis,l a ʈʰ i s,,hindukush,,,^ l a ʈʰ i s $,default,5f5e51c5d387b264ce68f27255e1d27b 9ec4682cda6ae2df73fd9373b03685ae
bkk-18-1,,bkk,18,ɕiŋ,ɕiŋ,ɕ i ŋ,,hindukush,,,^ ɕ i ŋ $,default,69ab6b5c7043ec84f962fe314ef52faf d0ea219bd10ce65217d90d261ecadf08
bkk-22-1,,bkk,22,moː,moː,m oː,,hindukush,,,^ m oː $,default,5a7cba3c4b89d10c5fa600cb6c61d06f 19b0b6f8e16eb723e5fc791b16a4d52f
bkk-26-1,,bkk,26,quʈo,quʈo,q u ʈ o,,hindukush,,,^ q u ʈ o $,default,b0c366b669c0969b8860637e52843542 1cd0f51d73a8850b717975fe86d42f20
bkk-30-1,,bkk,30,pæni,pæni,p æ n i,,hindukush,,,^ p æ n i $,default,120d973c27904c905eef7f7ff0ede1f0 4c696d35d06182f495d45140ba829824
bkk-34-1,,bkk,34,χalma,χalma,χ a l m a,,hindukush,,,^ χ a l m a $,default,6cbd689c3cd1de905fddca117a4ed3d7 506918c48b9d9a2252b18eb7c81a702f
bkk-38-1,,bkk,38,ʑwaː,ʑwaː,ʑ w aː,,hindukush,,,^ ʑw aː $,default,0479dd80ed086758443a0a97bce38c3c 5068e4032b82e5baee59bc3845610877
bkk-3-1,,bkk,3,ruŋ,ruŋ,r u ŋ,,hindukush,,,^ r u ŋ $,default,0574572371901547801f51610bedb0c7 08b5a44afc5079192ce4664815d30954
bkk-7-1,,bkk,7,nuː,nuː,n uː,,hindukush,,,^ n uː $,default,edf97b6c8c012cb155c7950118fd2b35 601cf9180d60af8b75476f3f4e8ddc80
bkk-11-1,,bkk,11,nøː,nøː,n øː,,hindukush,,,^ n øː $,default,38fa3a1bfa08d063e50d725f6a80f608 2f28d1f009ed4a02993f7b1606a328a6
bkk-15-1,,bkk,15,beldaŋ,beldaŋ,b e l d a ŋ,,hindukush,,,^ b e l d a ŋ $,default,e11d3106cd8ec3a90c660f7b931dbb12 e99c3734a8a693b50f7b38c49a6146e8
bkk-19-1,,bkk,19,nuːto,nuːto,n uː t o,,hindukush,,,^ n uː t o $,default,63a1245ae6b959983fc0b834d277a2d8 0dc755896cabc1e01713301d9a93e747
bkk-23-1,,bkk,23,ek,ek,e k,,hindukush,,,^ e k $,default,839d425a2bfc4008375d1f23822038fb ba2fc6b07e1f2c982eb2ff133f473dc9
bkk-27-1,,bkk,27,pun,pun,p u n,,hindukush,,,^ p u n $,default,4cb4d5edb658e4cad49c30875af63b44 ed442bd51e09020c39ebbbf568b593ef
bkk-31-1,,bkk,31,myɕ,myɕ,m y ɕ,,hindukush,,,^ m y ɕ $,default,b8750259d8a6313306c011fc7b424e29 7cc3c0e795183ef216d389a52b2100ef
bkk-35-1,,bkk,35,skis,skis,s k i s,,hindukush,,,^ s k i s $,default,d115abab08bb0d0660f9162e6d5e26a1 488f9ad2a056719f7df036a2918380d9
bkk-39-1,,bkk,39,"moːs, tʰuro",moːs,m oː s,,hindukush,,,^ m oː s $,default,8346d529b75a9401f43a388ba2eff37f a50617f85c051152f7a7684d94577d40 950f4f4cc74a4cf06f5210435990376b 72bf761f52b96a578b704f8805219284
bkk-39-2,,bkk,39,"moːs, tʰuro",tʰuro,tʰ u r o,,hindukush,,,^ tʰ u r o $,default,8346d529b75a9401f43a388ba2eff37f a50617f85c051152f7a7684d94577d40 950f4f4cc74a4cf06f5210435990376b 72bf761f52b96a578b704f8805219284
bkk-4-1,,bkk,4,tyri,tyri,t y r i,,hindukush,,,^ t y r i $,default,9973efc78c82f852702f4b81a14ae3c2 de3277cd9259ad2c4bffbade855138e3
bkk-8-1,,bkk,8,naro,naro,n a r o,,hindukush,,,^ n a r o $,default,afd5ec27ec9869cf02058093cb8dae26 c28fb2d8f336549e14a24643e08f0682
bkk-12-1,,bkk,12,syri,syri,s y r i,,hindukush,,,^ s y r i $,default,487b45436a429c3b871cae27f3c76398 755c6d3b70c458a32666c89cdb130b14
bkk-16-1,,bkk,16,gib,gib,g i b,,hindukush,,,^ g i b $,default,3b543330aa954d1a9bb7be414be5e502 c6bea4ea250f075dc19c7253ec34e92a
bkk-20-1,,bkk,20,dæni,dæni,d æ n i,,hindukush,,,^ d æ n i $,default,7e2cb5913722065266d93cd7563818fa 42f12a51e377aea0c7ed8d8c24595b7c
bkk-24-1,,bkk,24,tɕaχmæ,tɕaχmæ,tɕ a χ m æ,,hindukush,,,^ tɕ a χ m æ $,default,e5e7eeaa085f6457201a3607ae19e256 f91131e69dd3b1e5c142e442f0dbb0f9
bkk-28-1,,bkk,28,dy,dy,d y,,hindukush,,,^ d y $,default,3d453549c4b84e86d914902b5d6de001 a1838d2e202d79a45ffab907b082c5bf
bkk-32-1,,bkk,32,wæ,wæ,w æ,,hindukush,,,^ w æ $,default,85ab5217123048dba524d1792cd8e34b 65bb59772d313f1c1f69336add25bdf6
bkk-36-1,,bkk,36,bæ,bæ,b æ,,hindukush,,,^ b æ $,default,314b535542bbeb69de9f77e83962243e 82b671312902a5269e3e12b6f7e9440e
bkk-40-1,,bkk,40,ti,ti,t i,,hindukush,,,^ t i $,default,1acfb40648716b7e67b3ef6e04d481d7 cf157e72c310b251b3bcde49b5ea3117
bsk_h-1-1,,bsk_h,1,multan,multan,m u l t a n,,hindukush,,,^ m u l t a n $,default,c7a7ceabf95905a41f4468cb5e493fa3 d01bf02f72832dbcc3e55de394caa7b6
bsk_h-5-1,,bsk_h,5,tin,tin,t i n,,hindukush,,,^ t i n $,default,12d19c158e753719e90972d7209158f0 ec5b9f5505b13eb1ee7c0e62f9f9308b
bsk_h-9-1,,bsk_h,9,andil,andil,a n d i l,,hindukush,,,^ a n d i l $,default,dfbe740d594c23bbdd526bb68adb8e06 3a57ff746380ac062c41a83e30512c8f
bsk_h-13-1,,bsk_h,13,ɖʐu,ɖʐu,ɖʐ u,,hindukush,,,^ ɖʐ u $,default,ead4192f7ebf8895c0b47cf26c476c07 c14aa12d2daa81bfac1db6c78e04af7d
bsk_h-17-1,,bsk_h,17,wiːras,wiːras,w iː r a s,,hindukush,,,^ w iː r a s $,default,4370b5ee9dca0f7efa12b4e85ef347f1 3f9a684f6dbb6ba219769720f998ee9d
bsk_h-21-1,,bsk_h,21,huk,huk,h u k,,hindukush,,,^ h u k $,default,019095a6b405b8a0b3ac3cc7ec92a8fd 978c2509e15d628921f8d4bcd299eced
bsk_h-25-1,,bsk_h,25,minaːs,minaːs,m i n aː s,,hindukush,,,^ m i n aː s $,default,6deffb039b9d614fc486fb644c10f8d2 2139e0fcf4b37b01f19c8769251727a3
bsk_h-29-1,,bsk_h,29,altumal,altumal,a l t u m a l,,hindukush,,,^ a l t u m a l $,default,3555244c274b87941e9c5909679633ac e3aa9bd0ede9a79f3cb28b74b5aac63b
bsk_h-33-1,,bsk_h,33,altɕin,altɕin,a l tɕ i n,,hindukush,,,^ a l tɕ i n $,default,696e92f098a250207821b54f644b024f 13640904b178aad1a83e464e7e506ce1
bsk_h-37-1,,bsk_h,37,pʰu,pʰu,pʰ u,,hindukush,,,^ pʰ u $,default,2114f5d3d688b80d205eeb01440a2627 72a59684b9e17b8bc34fc3bb6f28ef73
bsk_h-2-1,,bsk_h,2,tɕʰumo,tɕʰumo,tɕʰ u m o,,hindukush,,,^ tɕʰ u m o $,default,e6306ae3f272c68c682a52c023ed0ff5 ef3d83a088f6e03c196c4f633d414f2f
bsk_h-6-1,,bsk_h,6,hik,hik,h i k,,hindukush,,,^ h i k $,default,4a61acecd317cc98312467f66423b2b3 dd0996d2a7b436f5d79b9758807fb4fd
bsk_h-10-1,,bsk_h,10,ariːn,ariːn,a r iː n,,hindukush,,,^ a r iː n $,default,1338fae67cfc07a7a0bb7b60f454cb93 65ec195d2a3418dabe4b12b8a9943627
bsk_h-14-1,,bsk_h,14,dojalas,dojalas,d o j a l a s,,hindukush,,,^ d o j a l a s $,default,64a13961a7d7baffe25f238173c80091 f33c32d89380ffdebddf4e921c368808
bsk_h-18-1,,bsk_h,18,ilturijaŋ,ilturijaŋ,i l t u r i j a ŋ,,hindukush,,,^ i l t u r i j a ŋ $,default,aa01c07f2919df385b9141ebefa10bea c2fdd18beab022afe14c6ee1c849dd94
bsk_h-22-1,,bsk_h,22,dʑe,dʑe,dʑ e,,hindukush,,,^ dʑ e $,default,2a78c822a511fbf5fa6d0e6b34556782 d001ac6e91ba0c453d5c1552769a7bb1
bsk_h-26-1,,bsk_h,26,adumus,adumus,a d u m u s,,hindukush,,,^ a d u m u s $,default,c443a67b361dd1f024e1bae105e18f9b 628b206404ab9f63e003d464cf41e114
bsk_h-30-1,,bsk_h,30,tap,tap,t a p,,hindukush,,,^ t a p $,default,b688aa1efaeb00b142cbdcf1cac6f0e4 d141533fc6fa6f90c39ef4f18b087df7
bsk_h-34-1,,bsk_h,34,akin,akin,a k i n,,hindukush,,,^ a k i n $,default,95dec48cbceb1bfca5998fd97f9b5bc3 85ca82c245aa9b7ac1378a40013b4c6a
bsk_h-38-1,,bsk_h,38,kʰaruː,kʰaruː,kʰ a r uː,,hindukush,,,^ kʰ a r uː $,default,25eed7a9eda24f0e5ef550a96893e0d5 a6e4422aaebd5afc1a3b8b8a4edcfa4a
bsk_h-3-1,,bsk_h,3,tɕʰar,tɕʰar,tɕʰ a r,,hindukush,,,^ tɕʰ a r $,default,2cb3892c438d3a6fd99998a25d267ccd 9f91a0abecad1e98280be165663a6136
bsk_h-7-1,,bsk_h,7,ejk,ejk,e j k,,hindukush,,,^ e j k $,default,0da421d8f276f7dd20ea98a587e3778f c5d77c14338161f59ddc50d761b09472
bsk_h-11-1,,bsk_h,11,tʰoʂ,tʰoʂ,tʰ o ʂ,,hindukush,,,^ tʰ o ʂ $,default,8ddcf761e728f95732a16ffe365a1ebd c24a3a48818b7797ece0d900d1e7c3e5
bsk_h-15-1,,bsk_h,15,tʰap,tʰap,tʰ a p,,hindukush,,,^ tʰ a p $,default,e23e940154aa34930c85ef1466b19b32 eadd7d38b3c78c8389e96aaba68997dc
bsk_h-19-1,,bsk_h,19,amupuʂ,amupuʂ,a m u p u ʂ,,hindukush,,,^ a m u p u ʂ $,default,389272885f8b193909d69bd97f828be5 819b48c961e11f23b60b567043029e77
bsk_h-23-1,,bsk_h,23,han,han,h a n,,hindukush,,,^ h a n $,default,a45e137f6015c0429a97f8ea9f08ce81 55a112c13fbc7212892dba48b246364a
bsk_h-27-1,,bsk_h,27,gan,gan,g a n,,hindukush,,,^ g a n $,default,eb98b9b864a7010e9ab763183825bfcd ee53f3b598487ed49f5f2c43d3ef5d64
bsk_h-31-1,,bsk_h,31,sis,sis,s i s,,hindukush,,,^ s i s $,default,7ff16bb3a38e86dbca4251b21b675290 eaf31c65b1dffa172e9f35276ee19cd5
bsk_h-35-1,,bsk_h,35,barenas,barenas,b a r e n a s,,hindukush,,,^ b a r e n a s $,default,3cc3a120c8dd70cfd4f1f5ff91122065 4524a5bfe68ea948db4969d98103624f
bsk_h-39-1,,bsk_h,39,awaʈ,awaʈ,a w a ʈ,,hindukush,,,^ a w a ʈ $,default,67bcfd8c91aa01430bd431af055b02cb c82b273e2cd0f109fb5ccf2289a32528
bsk_h-4-1,,bsk_h,4,asiː,asiː,a s iː,,hindukush,,,^ a s iː $,default,1acdebb07b7006550a821352c8b650e4 b8aed48b1597b78141c2294f54df9758
bsk_h-8-1,,bsk_h,8,dan,dan,d a n,,hindukush,,,^ d a n $,default,9aa4b9bb5ee6f994aaf5d0fa5fed09f2 d54746f39eeedb037feab6922bf00e7a
bsk_h-12-1,,bsk_h,12,sa,sa,s a,,hindukush,,,^ s a $,default,03abaa959f830c71bb8a5b566129630f 78bacb5f51584fb5cb3d170d2cbb5b31
bsk_h-16-1,,bsk_h,16,oːmus,oːmus,oː m u s,,hindukush,,,^ oː m u s $,default,db0a0750a5722a57aa3e05de065680c1 6169ef9bcd3982b17418105a32792093
bsk_h-20-1,,bsk_h,20,ameː,ameː,a m eː,,hindukush,,,^ a m eː $,default,a82444a39f98a80c33f5e8291b88a150 4bc52418f4647f985a0b91a6b7054218
bsk_h-24-1,,bsk_h,24,tom,tom,t o m,,hindukush,,,^ t o m $,default,82a0248798e7fc2eb309dd22f1f4fc42 8fde07f6854530713120f1313e7f6a48
bsk_h-28-1,,bsk_h,28,alto,alto,a l t o,,hindukush,,,^ a l t o $,default,cacb3a465f3271c1b1542fe31df46e80 61b95190914477262b2b536b0a9d1006
bsk_h-32-1,,bsk_h,32,tsʰil,tsʰil,tsʰ i l,,hindukush,,,^ tsʰ i l $,default,81f2712b40154bc72c91e4e876c5590b d8c7eef97bc2793d89bdfec65d490db7
bsk_h-36-1,,bsk_h,36,mi,mi,m i,,hindukush,,,^ m i $,default,45b79cbd3f49a1f0afe439925b53fbd1 f4b7650d2e3d3461475986546dc401a1
bsk_h-40-1,,bsk_h,40,un,un,u n,,hindukush,,,^ u n $,default,7ea307bbe3a9b1d04ac7755a87aae14e dcc3510878916e1ac55c08a278277d77
bsk_n-1-1,,bsk_n,1,multan,multan,m u l t a n,,hindukush,,,^ m u l t a n $,default,8cbfe9b7b56dfeb2b4006ddabfa4386f 560cecd336523eb1cb74735fb85c3a68
bsk_n-5-1,,bsk_n,5,tin,tin,t i n,,hindukush,,,^ t i n $,default,06f5147f00ce6d0f8685376015c8ce29 2812269db59493b828dd5ca17a9ae879
bsk_n-9-1,,bsk_n,9,andil,andil,a n d i l,,hindukush,,,^ a n d i l $,default,2481a0ad528a0cc0be4979df22940ce4 9a42a7efecb967c563bce6f1a2b3a56a
bsk_n-13-1,,bsk_n,13,ɖʐũ,ɖʐũ,ɖʐ ũ,,hindukush,,,^ ɖʐ ũ $,default,b6e7168f4cb7a11c74fddb64576fe51d b431778fedc7203e23cef77e4b14e879
bsk_n-17-1,,bsk_n,17,ajram,ajram,a j r a m,,hindukush,,,^ a j r a m $,default,6d2f4ef5814375c59eb9b2dd97fa65e8 29a13fdd27654a86f521c2814022087c
bsk_n-21-1,,bsk_n,21,huk,huk,h u k,,hindukush,,,^ h u k $,default,72b98293d4201f5a11bd6c04c75e48a9 9ac05935fd311cd013bf3929f1579619
bsk_n-25-1,,bsk_n,25,minaːm,minaːm,m i n aː m,,hindukush,,,^ m i n aː m $,default,4cefc0d9b90d85a5230e900773fd74af c159873d8bdd18401112c734f4861a19
bsk_n-29-1,,bsk_n,29,altumal,altumal,a l t u m a l,,hindukush,,,^ a l t u m a l $,default,5ec4824efd389bafe89858e382ecec78 55d8a1bd6f9d0ccce5e94b82a0542dd6
bsk_n-33-1,,bsk_n,33,altɕin,altɕin,a l tɕ i n,,hindukush,,,^ a l tɕ i n $,default,1242f5b3be96865fec4eda26ae45eef3 6e0c2916c8ab793016bdb36c35370e48
bsk_n-37-1,,bsk_n,37,fu,fu,f u,,hindukush,,,^ f u $,default,7d095e20f492194e2a1adf908333fd7b 2d2b8522b0448e81b9d942f6c8bc6c35
bsk_n-2-1,,bsk_n,2,tɕʰumo,tɕʰumo,tɕʰ u m o,,hindukush,,,^ tɕʰ u m o $,default,2cb7f53a188213db9b8bd722d8b6e124 e985c94aac8a71bd5ba96cfe906b46ec
bsk_n-6-1,,bsk_n,6,ʂeg,ʂeg,ʂ e g,,hindukush,,,^ ʂ e g $,default,b37de2fecb408288e3671bf9d56ce545 8573d96ca3ef0535dd3fcc269e44dafb
bsk_n-10-1,,bsk_n,10,ariːŋ,ariːŋ,a r iː ŋ,,hindukush,,,^ a r iː ŋ $,default,25271ee1a5df9e79714c60c9bcd21d3d ec4b2d16c92347eb8885caf0ad067467
bsk_n-14-1,,bsk_n,14,dajalam,dajalam,d a j a l a m,,hindukush,,,^ d a j a l a m $,default,c808f10f4a77c7b365a6461fd86d7d76 93f5f3ffe66e43c634b6f907651487ca
bsk_n-18-1,,bsk_n,18,"iltur, altur",iltur,i l t u r,,hindukush,,,^ i l t u r $,default,eab2d048b10a38918afdac2cc6590d68 77c6ce55ae091c08ad721a20f508ff87 87f29d66e60d1a2638bf0b562135d7bd af0f624fa227e1cbd523b860d686f04a
bsk_n-18-2,,bsk_n,18,"iltur, altur",altur,a l t u r,,hindukush,,,^ a l t u r $,default,eab2d048b10a38918afdac2cc6590d68 77c6ce55ae091c08ad721a20f508ff87 87f29d66e60d1a2638bf0b562135d7bd af0f624fa227e1cbd523b860d686f04a
bsk_n-22-1,,bsk_n,22,"dʑaː, dʑe",dʑaː,dʑ aː,,hindukush,,,^ dʑ aː $,default,1574bb8dd2bd38c225328a133e6522fa 12792391b80b89636aa2b05c0edbbc1b d204fa473292e2badb4b4de28f0d76e7 5c59e77039892a76c4581c70b8a9cd49
bsk_n-22-2,,bsk_n,22,"dʑaː, dʑe",dʑe,dʑ e,,hindukush,,,^ dʑ e $,default,1574bb8dd2bd38c225328a133e6522fa 12792391b80b89636aa2b05c0edbbc1b d204fa473292e2badb4b4de28f0d76e7 5c59e77039892a76c4581c70b8a9cd49
bsk_n-26-1,,bsk_n,26,adumus,adumus,a d u m u s,,hindukush,,,^ a d u m u s $,default,0291179aae74b8a832098b7f2fe87f62 22abb276f1ec95f04dda5774daa3ccf4
bsk_n-30-1,,bsk_n,30,tap,tap,t a p,,hindukush,,,^ t a p $,default,8b2152751ee5f1c925cdd66a17f55686 0b74d908c1f6baf5582f9711a67d4c21
bsk_n-34-1,,bsk_n,34,"akin, ekin",akin,a k i n,,hindukush,,,^ a k i n $,default,2a0b108cd121039058eefb46068a4eff 1252a03dd80fddcf534d7197fb58050e fa3c28ef75b56f7fce9f95a39fc7c3e7 d43fb16185ab45717fd66d2def98e102
bsk_n-34-2,,bsk_n,34,"akin, ekin",ekin,e k i n,,hindukush,,,^ e k i n $,default,2a0b108cd121039058eefb46068a4eff 1252a03dd80fddcf534d7197fb58050e fa3c28ef75b56f7fce9f95a39fc7c3e7 d43fb16185ab45717fd66d2def98e102
bsk_n-38-1,,bsk_n,38,kʰaruː,kʰaruː,kʰ a r uː,,hindukush,,,^ kʰ a r uː $,default,6105730b1df366d0a49d096d5bb01e33 20ee4f577a2dc18e6a64d289a26c7974
bsk_n-3-1,,bsk_n,3,tɕʰar,tɕʰar,tɕʰ a r,,hindukush,,,^ tɕʰ a r $,default,a4d730a0323ecebdbd343e567707da04 9ba1cf01426e0faa488cff4cfef4ab09
bsk_n-7-1,,bsk_n,7,guik,guik,g u i k,,hindukush,,,^ g ui k $,default,74a14a0e1cffd1f7ea333ca189f13b7e 225b6b29ea2a5356de2c005978601e5e
bsk_n-11-1,,bsk_n,11,"naja, tʰoʂ",naja,n a j a,,hindukush,,,^ n a j a $,default,f9309d19e52d5247aa092f0346e02db7 9712db0a55cc1d7b34409a2a6f144839 5d5b0853785e3eb1c13596c20064f0c3 677e61d94b6158048e64b29cded0dc43
bsk_n-11-2,,bsk_n,11,"naja, tʰoʂ",tʰoʂ,tʰ o ʂ,,hindukush,,,^ tʰ o ʂ $,default,f9309d19e52d5247aa092f0346e02db7 9712db0a55cc1d7b34409a2a6f144839 5d5b0853785e3eb1c13596c20064f0c3 677e61d94b6158048e64b29cded0dc43
bsk_n-15-1,,bsk_n,15,tʰap,tʰap,tʰ a p,,hindukush,,,^ tʰ a p $,default,3e5a2c1d87ba42261210d9a17577b536 ff253102307f5c2db9659a4108e6cafe
bsk_n-19-1,,bsk_n,19,amuːpuʂ,amuːpuʂ,a m uː p u ʂ,,hindukush,,,^ a m uː p u ʂ $,default,a9b4cf5e59b455db3a1729f89ce6e1ad fcdf663e4871e6a776cd74b093310d80
bsk_n-23-1,,bsk_n,23,han,han,h a n,,hindukush,,,^ h a n $,default,f746a0d997148f4d63c3114e60262fa1 65de03e1f2825f26ec0753b55d8bbea9
bsk_n-27-1,,bsk_n,27,gan,gan,g a n,,hindukush,,,^ g a n $,default,5cf6cf12e6b5216b227c6472ed6529dd e2e6dbe3f28df7615def712b3d3983c2
bsk_n-31-1,,bsk_n,31,sisan,sisan,s i s a n,,hindukush,,,^ s i s a n $,default,32e79adc2c173fc7a29b6b96f1947e8b 41346d8fe5e1e450ef313fa200431e1b
bsk_n-35-1,,bsk_n,35,"beren, beranas",beren,b e r e n,,hindukush,,,^ b e r e n $,default,3ca7a18b65d260dae07529ff9badc1c4 9e8b720aa9b31eeb6235f1392c1f2ed6 8645c6b97b10c83809f912a0ea7e05e6 5404a88a34b59bd04e7845866e17f283
bsk_n-35-2,,bsk_n,35,"beren, beranas",beranas,b e r a n a s,,hindukush,,,^ b e r a n a s $,default,3ca7a18b65d260dae07529ff9badc1c4 9e8b720aa9b31eeb6235f1392c1f2ed6 8645c6b97b10c83809f912a0ea7e05e6 5404a88a34b59bd04e7845866e17f283
bsk_n-39-1,,bsk_n,39,baʈ,baʈ,b a ʈ,,hindukush,,,^ b a ʈ $,default,f637836015200fe2a70c710d035d0650 58fd69e34f7c959f8417ea46ff4ace8e
bsk_n-4-1,,bsk_n,4,asiː,asiː,a s iː,,hindukush,,,^ a s iː $,default,9916bc525a8272ef1f2502e71e56d0f3 3aa07d1a8db8449215bff9689966fb9c
bsk_n-8-1,,bsk_n,8,"dan, danan",dan,d a n,,hindukush,,,^ d a n $,default,4f3ed1c9ac5d08469316844709d8c46d dea22a6236888d371b6720e781a57efe 269fd9094419f6e3a84f163aa87baad4 cf124f74257383dd45908b691154e7a6
bsk_n-8-2,,bsk_n,8,"dan, danan",danan,d a n a n,,hindukush,,,^ d a n a n $,default,4f3ed1c9ac5d08469316844709d8c46d dea22a6236888d371b6720e781a57efe 269fd9094419f6e3a84f163aa87baad4 cf124f74257383dd45908b691154e7a6
bsk_n-12-1,,bsk_n,12,sa,sa,s a,,hindukush,,,^ s a $,default,56768f73db0cb5caa5716edcd50bc87f c2f88df80b7f41879a6ef3f125208442
bsk_n-16-1,,bsk_n,16,baːʂ,baːʂ,b aː ʂ,,hindukush,,,^ b aː ʂ $,default,0f990255a55070294688b3dc500615d7 1f83fec33cdf8bcdf15bdd612ecc7d49
bsk_n-20-1,,bsk_n,20,ameː,ameː,a m eː,,hindukush,,,^ a m eː $,default,59ddd366bbb4fef4363f490b48a88944 9e6bb7781ec6a45a62baa0a68509966a
bsk_n-24-1,,bsk_n,24,"tom, toman",tom,t o m,,hindukush,,,^ t o m $,default,11d49d3690587520f3a43ce02adef7ae 6a7409a0a83366fd7da7bda87b53ac6c 08210ed62d091982c3ebac1147cc4846 ea52ce9ed9b3b8d6c16f8e15f74d08cb
bsk_n-24-2,,bsk_n,24,"tom, toman",toman,t o m a n,,hindukush,,,^ t o m a n $,default,11d49d3690587520f3a43ce02adef7ae 6a7409a0a83366fd7da7bda87b53ac6c 08210ed62d091982c3ebac1147cc4846 ea52ce9ed9b3b8d6c16f8e15f74d08cb
bsk_n-28-1,,bsk_n,28,altats,altats,a l t a ts,,hindukush,,,^ a l t a ts $,default,7afdec57c4727e66a55d7e31e04d3d99 c4d48fac9d6f5060d133b6d0b122321a
bsk_n-32-1,,bsk_n,32,tsʰil,tsʰil,tsʰ i l,,hindukush,,,^ tsʰ i l $,default,0eb44f54de96096d7f716623b594296b d891e5ce08fb703cf8d2e99df00bcc1f
bsk_n-36-1,,bsk_n,36,"mi, miː",mi,m i,,hindukush,,,^ m i $,default,bdc43473b1231762673d65dc5cb854d5 1d993358e336e527019fdd93cb26bcbd 6bfd169b7e3ab4e903d5b1248e553f21 05512f91ba091e81c98b0ccccdf078cc
bsk_n-36-2,,bsk_n,36,"mi, miː",miː,m iː,,hindukush,,,^ m iː $,default,bdc43473b1231762673d65dc5cb854d5 1d993358e336e527019fdd93cb26bcbd 6bfd169b7e3ab4e903d5b1248e553f21 05512f91ba091e81c98b0ccccdf078cc
bsk_n-40-1,,bsk_n,40,um,um,u m,,hindukush,,,^ u m $,default,fada5455bca65bd3f00ab3128cac9b12 ffe74fe703ba0ff78172fef438aee855
dml-1-1,,dml,1,loːi,loːi,l oː i,,hindukush,,,^ l oːi $,default,9ee585fce11e5047a41cdbe213c2c7b8 a89c691e75c40fd740781cb74427e186
dml-5-1,,dml,5,aɳʈʰiː,aɳʈʰiː,a ɳ ʈʰ iː,,hindukush,,,^ a ɳ ʈʰ iː $,default,9b4dfdfe412aae0834398c1453c81596 4b49f3e54e92441fb076d30735a1e96f
dml-9-1,,dml,9,tɕutɕu,tɕutɕu,tɕ u tɕ u,,hindukush,,,^ tɕ u tɕ u $,default,d9c3cdd9110bd5db47ee853f9b7a5f80 63d428979ca68f73980b6f59a9f2e723
dml-13-1,,dml,13,aːtsan,aːtsan,aː ts a n,,hindukush,,,^ aː ts a n $,default,9041a5edee5f005b1c289ba875e6a402 7061f231b01012969cd7a16b6b7efb22
dml-17-1,,dml,17,bren,bren,b r e n,,hindukush,,,^ b r e n $,default,646f4d975ac79a3b4b435ebc0ec24c1f 674a92573cac6700ada293c878459bf3
dml-21-1,,dml,21,tsuna,tsuna,ts u n a,,hindukush,,,^ ts u n a $,default,2c334c87898cc2f227ec4ce78bece1d5 dfdbf1aaea4b4ad371504204c37aa9ca
dml-25-1,,dml,25,pen,pen,p e n,,hindukush,,,^ p e n $,default,2f4f81e53ab4bcfa34f00eaae781be75 6e9035bb166f1b2e1f99f66b94d46fd2
dml-29-1,,dml,29,kaːr,kaːr,k aː r,,hindukush,,,^ k aː r $,default,76cf2a0bc78c9d960f03c991c392539d 3d28424434a7bd2bdb357f1569a66cf2
dml-33-1,,dml,33,ĩːtɕʰ,ĩːtɕʰ,ĩː tɕʰ,,hindukush,,,^ ĩː tɕʰ $,default,19a76debad6ea1181fbf9e9874628fb2 932e92461383f1413a08ff0a88976b6f
dml-37-1,,dml,37,aŋgar,aŋgar,a ŋ g a r,,hindukush,,,^ a ŋ g a r $,default,65c14f5f2adbc693f74423773acfcdaf 0772d59d03e9bf932f1e32882edea8d2
dml-2-1,,dml,2,aːmras,aːmras,aː m r a s,,hindukush,,,^ aː m r a s $,default,3ec479a4eb475fa6fc03b764343c3c57 a67480cc78224928cc718ac4d19dcbce
dml-6-1,,dml,6,poːrisan,poːrisan,p oː r i s a n,,hindukush,,,^ p oː r i s a n $,default,0462183ae133f255b46297477fc3c7da b56fa0e3463d6177ab3e51237ffc3137
dml-10-1,,dml,10,daɕ,daɕ,d a ɕ,,hindukush,,,^ d a ɕ $,default,a0f92c1865bf6dc081b709ce2d5f49c6 8383e67c8c28f0fcd12f27fa267d4694
dml-14-1,,dml,14,uɕtruːnan,uɕtruːnan,u ɕ t r uː n a n,,hindukush,,,^ u ɕ t r uː n a n $,default,a1c1d8b64e3f01121a1c955f55a54bad 242a7d275cc3985cfb60d4a4d69b0e84
dml-18-1,,dml,18,ʂiŋ,ʂiŋ,ʂ i ŋ,,hindukush,,,^ ʂ i ŋ $,default,8df3a52bd472f6be95f52bcba3813046 b0e0e128084c20be799bfd4dde18d4b7
dml-22-1,,dml,22,ai,ai,ai,,hindukush,,,^ ai $,default,cd4844578b1b21692782995df9632309 4c059aa368905607edfde9ae37d0888d
dml-26-1,,dml,26,kʰuʈa,kʰuʈa,kʰ u ʈ a,,hindukush,,,^ kʰ u ʈ a $,default,16f3da31d8490fd79e494c8cc87f22e5 44188465c9c47dcb8912abd07a5922cf
dml-30-1,,dml,30,pʰaʈ,pʰaʈ,pʰ a ʈ,,hindukush,,,^ pʰ a ʈ $,default,6b6f6f26f5f6789dfca656a87e1ab09c e1397c59a3497b513673be6488528ab3
dml-34-1,,dml,34,patɕa,patɕa,p a tɕ a,,hindukush,,,^ p a tɕ a $,default,70709dd8686c9ab7d97b55806eb11729 5676cccead53fab1b5534827a593d5f1
dml-38-1,,dml,38,ʑũː,ʑũː,ʑ ũː,,hindukush,,,^ ʑ ũː $,default,9ec6e8f1f6d92ddf4e981f13ee6ab53a e50c24739474b72548a2785f6212fd3d
dml-3-1,,dml,3,tɕuɻo,tɕuɻo,tɕ u ɻ o,,hindukush,,,^ tɕ u ɻ o $,default,7d5d8e035c2331b7731c539381e1df60 e50bc495cc792b1cff8847997f3d7aa0
dml-7-1,,dml,7,nam,nam,n a m,,hindukush,,,^ n a m $,default,273ebf2bef313694a6bd0cacdf432ca9 55252a9795fb87c561a32da3f45acb47
dml-11-1,,dml,11,nuwãː,nuwãː,n u w ãː,,hindukush,,,^ n u w ãː $,default,a2d58cb94d90ede7d310b0a328d51595 c9cd5f036cc4da3135433c28fdc946ae
dml-15-1,,dml,15,ret,ret,r e t,,hindukush,,,^ r e t $,default,d78019c7267fe85cc85ec890776ef4ad 4d22ec4171b21259cbccf83db52a9615
dml-19-1,,dml,19,naːs,naːs,n aː s,,hindukush,,,^ n aː s $,default,3cafcdfea770d0638102db2cc9cfeb46 b883929ea680f21a9755b4da81e7775b
dml-23-1,,dml,23,ek,ek,e k,,hindukush,,,^ e k $,default,d21d16a8224c37ef368e574d2818ceae 7fb76c5224eafe330397ec95eb8517ab
dml-27-1,,dml,27,pʰan,pʰan,pʰ a n,,hindukush,,,^ pʰ a n $,default,2a64b9c4f11d9e8fc5c02c184fe83989 ff636a175879b8f01ddb937b5f229e9c
dml-31-1,,dml,31,matɕ,matɕ,m a tɕ,,hindukush,,,^ m a tɕ $,default,9f8e172ccf005d60c6bcb68af3838020 4463c18dedb72eb3e4e04106870eb731
dml-35-1,,dml,35,daʈʂan,daʈʂan,d a ʈʂ a n,,hindukush,,,^ d a ʈʂ a n $,default,f43ed97078e7322d973bc28781eebb7c 3cdb8e8a14c0b9969af4b26a1dcfbce6
dml-39-1,,dml,39,gadra,gadra,g a d r a,,hindukush,,,^ g a d r a $,default,dffe055ec900931b88690bb2338fc693 f09bcc5f36087004e237ca4df0500538
dml-4-1,,dml,4,iɕtaːri,iɕtaːri,i ɕ t aː r i,,hindukush,,,^ i ɕ t aː r i $,default,e3b74a7e8fb5f8e81453d00f5b7c7250 8ed3d2e20178cb3e0d92aa0065d65e2b
dml-8-1,,dml,8,baːt,baːt,b aː t,,hindukush,,,^ b aː t $,default,2afc59e234e2e3e81d6b87ebe13b89a4 337492c186bd8d5bbc513b51a97c7610
dml-12-1,,dml,12,ser,ser,s e r,,hindukush,,,^ s e r $,default,9d01b7cc74dff22b5ae309e5f64a916b 777547df8b26bc4dce5d8a268caf5045
dml-16-1,,dml,16,ʑip,ʑip,ʑ i p,,hindukush,,,^ ʑ i p $,default,c86803361925330befdf0beb324621c3 64f0eea98375ed9154d6c4d1a04b2d23
dml-20-1,,dml,20,dan,dan,d a n,,hindukush,,,^ d a n $,default,fdf0bfd924f4e7ed80fcfa4b9c9137bd 4ceaf7751976582687d409923a97643d
dml-24-1,,dml,24,muʈ,muʈ,m u ʈ,,hindukush,,,^ m u ʈ $,default,d894dcefb10931dd4bdba2a9272e231c 64811c8b7f1d97b58b8a91d1e08cf126
dml-28-1,,dml,28,duː,duː,d uː,,hindukush,,,^ d uː $,default,c40a59e4e1208cd2f5224b4b846d1386 51fe536fe80e9c27ce62f2a4bdd214a4
dml-32-1,,dml,32,aːu,aːu,aːu,,hindukush,,,^ aːu $,default,730e4422cb1ac576724f508ee7fb045b 03caeb1bc91ba550e7e3dcd1e5baedd7
dml-36-1,,dml,36,ai,ai,ai,,hindukush,,,^ ai $,default,be72cd56fd02f07aa4b9ac0382214e47 82aa27262be0deaa80e60014af9eb541
dml-40-1,,dml,40,tuː,tuː,t uː,,hindukush,,,^ t uː $,default,aba233d9fbf88d8e5d2b744bb0592d35 09e0864f0548241b0e917e5e58ec4153
prs_d-1-1,,prs_d,1,χu,χu,χ u,,hindukush,,,^ χ u $,default,6641d5b5f944dbc21ad3145a66d33f3f cbd7ff9db9e2abde4a13f710a39ecdcd
prs_d-5-1,,prs_d,5,astaʁu,astaʁu,a s t a ʁ u,,hindukush,,,^ a s t a ʁ u $,default,2387646d3d201f048fe6f4e9d176aade 2d481bb62671fd07d905f133b1d97412
prs_d-9-1,,prs_d,9,"dʒidʒi, pistu",dʒidʒi,dʒ i dʒ i,,hindukush,,,^ dʒ i dʒ i $,default,400dd1d2417d236a9304b06a4efab91b 87b8494a248c27b4bec641ac8f3d4512 9a7863474297bded369f1dc58f9004df d4c52302337a53849ad2e06b49723683
prs_d-9-2,,prs_d,9,"dʒidʒi, pistu",pistu,p i s t u,,hindukush,,,^ p i s t u $,default,400dd1d2417d236a9304b06a4efab91b 87b8494a248c27b4bec641ac8f3d4512 9a7863474297bded369f1dc58f9004df d4c52302337a53849ad2e06b49723683
prs_d-13-1,,prs_d,13,"umajan, umaja",umajan,u m a j a n,,hindukush,,,^ u m a j a n $,default,b7825ace5d686003b40b08a78bfe7a04 c68a344f4966c9b6f59475092f8335bf de2409bca81e903280243eb6eab9fec7 983f6d0cc5ecd900ca083473f69ec2e7
prs_d-13-2,,prs_d,13,"umajan, umaja",umaja,u m a j a,,hindukush,,,^ u m a j a $,default,b7825ace5d686003b40b08a78bfe7a04 c68a344f4966c9b6f59475092f8335bf de2409bca81e903280243eb6eab9fec7 983f6d0cc5ecd900ca083473f69ec2e7
prs_d-17-1,,prs_d,17,mʉran,mʉran,m ʉ r a n,,hindukush,,,^ m ʉ r a n $,default,5b439e67d54addff3aec31e8dcffc2ab a514388f3fa1b05c2cf373a140e69ce9
prs_d-21-1,,prs_d,21,sag,sag,s a g,,hindukush,,,^ s a g $,default,58fb3af0e45082b2de1a09cc436d7522 fe0135f0f95358f5b0cf5f7e933de9f6
prs_d-25-1,,prs_d,25,χəːran,χəːran,χ əː r a n,,hindukush,,,^ χ əː r a n $,default,6a1274203d87344d2f8c958b3a2ab3c7 c67351a79f0c19e2270be5bf4998b2e3
prs_d-29-1,,prs_d,29,gəːʃ,gəːʃ,g əː ʃ,,hindukush,,,^ g əː ʃ $,default,ca606438e6e5a71a077c64f4ad868021 55f108643ced567ce3d96e4a66a13090
prs_d-33-1,,prs_d,33,tʃiʃəm,tʃiʃəm,tʃ i ʃ ə m,,hindukush,,,^ tʃ i ʃ ə m $,default,366eea029d77e1e72bfefbb429ba5764 e1801920261fd707e14cdf1af5713c70
prs_d-37-1,,prs_d,37,alaːw,alaːw,a l aː w,,hindukush,,,^ a l aː w $,default,3433cc514f80af4346159e3d5cece80b 1b24d2c2bf9bf5dc73b60968a32648a3
prs_d-2-1,,prs_d,2,moːji,moːji,m oː j i,,hindukush,,,^ m oː j i $,default,e9ad7e170406a4cab063f018f17d873f 3f334eb2e0ef98d858c95ba09d15955f
prs_d-6-1,,prs_d,6,ləq,ləq,l ə q,,hindukush,,,^ l ə q $,default,00f25c6b7ee707c0759dfad0d69c79b3 321f9b055dbd26bf1378825de1e0e042
prs_d-10-1,,prs_d,10,dɪst,dɪst,d ɪ s t,,hindukush,,,^ d ɪ s t $,default,d431d348d5128d6d98fca997f7a1c3f8 6b9d9aea2d50b8de26c6258466a0217a
prs_d-14-1,,prs_d,14,ʃinawjan,ʃinawjan,ʃ i n a w j a n,,hindukush,,,^ ʃ i n a w j a n $,default,793a1f108e3f9fba5adea9717a2b347e d70961c08310c5eb99d68c4bfd1765de
prs_d-18-1,,prs_d,18,ʃoːχ,ʃoːχ,ʃ oː χ,,hindukush,,,^ ʃ oː χ $,default,9de176cee435b1b5fe044a8dc0df9672 e2e3eb2376530a7d785c09222f4828b2
prs_d-22-1,,prs_d,22,mən,mən,m ə n,,hindukush,,,^ m ə n $,default,e3e128d5bedd9c62f69c9f3d0983169a 88693cbb0980f54c7f9879dbb35956a0
prs_d-26-1,,prs_d,26,zɪnʉː,zɪnʉː,z ɪ n ʉː,,hindukush,,,^ z ɪ n ʉː $,default,724aedae49d25cf0def1f7bfedb9cb1b ddb0b2f7160cffa02bee6678810f2a30
prs_d-30-1,,prs_d,30,barg,barg,b a r g,,hindukush,,,^ b a r g $,default,0a440151eacc431830ad9ec8ac8d3d06 ee0a1a261cb028d77d3db8a56017a36a
prs_d-34-1,,prs_d,34,dʒigar,dʒigar,dʒ i g a r,,hindukush,,,^ dʒ i g a r $,default,fd9465aa3f4a8ebc705302c75aa88443 b04487aeec15095c7c64ba27f0a145c9
prs_d-38-1,,prs_d,38,ʃəpʉːʃ,ʃəpʉːʃ,ʃ ə p ʉː ʃ,,hindukush,,,^ ʃ ə p ʉː ʃ $,default,8008fd18dedb9f938266ca5da8c50b2f ae3762f3d6bd656f22f9c0ba926b2acf
prs_d-3-1,,prs_d,3,kuː,kuː,k uː,,hindukush,,,^ k uː $,default,c37e40c9b574e51baabd5dd2f0cb8a4e a1d55feb8ea852a84ea0fe9a036305ce
prs_d-7-1,,prs_d,7,nuːm,nuːm,n uː m,,hindukush,,,^ n uː m $,default,dd9ce1511467f921dff2ed0ccd744d02 c74bec231fbcdaa3d278baaad60f56f3
prs_d-11-1,,prs_d,11,naw,naw,n a w,,hindukush,,,^ n a w $,default,aad9e0212768ebc62fa4f2a41c1f4f37 93aa46a47176015ec6bbbe2653e221a5
prs_d-15-1,,prs_d,15,ʃaw,ʃaw,ʃ a w,,hindukush,,,^ ʃ a w $,default,dea8753624eb5fd307898e949cc9b954 bcb5261b76cd29c989ae433c7811adff
prs_d-19-1,,prs_d,19,bəniː,bəniː,b ə n iː,,hindukush,,,^ b ə n iː $,default,97a2a3f1ff6a51a79e5cd97c32ec15a3 9490670b78e58b3bf3a8c8b7bf227b21
prs_d-23-1,,prs_d,23,jaːk,jaːk,j aː k,,hindukush,,,^ j aː k $,default,8e544e9f2a413d2309fcc9829c76ce38 67ed9fcee2d732c99f14ebde300ca42c
prs_d-27-1,,prs_d,27,ra,ra,r a,,hindukush,,,^ r a $,default,a5029295a3692941d75e8f50a0fc8b71 a7021cba0036f2fb2f25c9baa0485dd7
prs_d-31-1,,prs_d,31,nafar,nafar,n a f a r,,hindukush,,,^ n a f a r $,default,9e609deb07a7798934818209e73f37d5 aa7c3488307d5f529df3722b01443448
prs_d-35-1,,prs_d,35,dijan,dijan,d i j a n,,hindukush,,,^ d i j a n $,default,9de19cb51da7a49e0cffb39f048981f3 f8e5affa01c24b68b8bb172de79d7f61
prs_d-39-1,,prs_d,39,pʉːst,pʉːst,p ʉː s t,,hindukush,,,^ p ʉː s t $,default,e41a8ff3d0d92825649ec13c1544fe13 90eecbabe7bfbe4f615dd8b770a7cc7d
prs_d-4-1,,prs_d,4,sɪtoːra,sɪtoːra,s ɪ t oː r a,,hindukush,,,^ s ɪ t oː r a $,default,6a3cb696669865d4c9796d7b8bfbe4a5 96176cce5e89c2c641027f9163ab4a8c
prs_d-8-1,,prs_d,8,sang,sang,s a n g,,hindukush,,,^ s a n g $,default,a46745daaca866b887675b39bdb24c5f 98404a83bb1dc5de7c83e92d89338738
prs_d-12-1,,prs_d,12,aftow,aftow,a f t o w,,hindukush,,,^ a f t o w $,default,8af9c173093a146e7807d8fd9d851381 d06986d7b46c33b852e46a73f9ecec03
prs_d-16-1,,prs_d,16,zuː,zuː,z uː,,hindukush,,,^ z uː $,default,f8c52207b91b15706de9f72b70440cc0 db06dd6ce11def144d94c94c1a2991f2
prs_d-20-1,,prs_d,20,danduː,danduː,d a n d uː,,hindukush,,,^ d a n d uː $,default,30851a61131bbef5578549d4daa47e16 fdd11194767c84aae5cc533bb420443f
prs_d-24-1,,prs_d,24,draːχt,draːχt,d r aː χ t,,hindukush,,,^ d r aː χ t $,default,3d6526d9bccf6bd1aba405b906a94ca1 e03878c3b96cc8c2bd232756769cf9ea
prs_d-28-1,,prs_d,28,"duː, də",duː,d uː,,hindukush,,,^ d uː $,default,fd8a18b02d3661bb055388254284e980 fecc45ce2431e51bc1479e53cd1f4de6 e86b7ca8dedd9d5e042161e62563acf2 89aa808c3175db1969966d82cf97e495
prs_d-28-2,,prs_d,28,"duː, də",də,d ə,,hindukush,,,^ d ə $,default,fd8a18b02d3661bb055388254284e980 fecc45ce2431e51bc1479e53cd1f4de6 e86b7ca8dedd9d5e042161e62563acf2 89aa808c3175db1969966d82cf97e495
prs_d-32-1,,prs_d,32,ow,ow,o w,,hindukush,,,^ o w $,default,8faee7ffcbb36f7352892962e5809263 35290e853698437ab38bbc4c2dcd0af7
prs_d-36-1,,prs_d,36,moː,moː,m oː,,hindukush,,,^ m oː $,default,07aa3c15251419a935147031288c2636 adbf0eb27ebcbb4fb2ac6ac463460c92
prs_d-40-1,,prs_d,40,tə,tə,t ə,,hindukush,,,^ t ə $,default,0d83f458d0629b971c240507bfd62bd6 89134426ce864010662528201deb36ce
gwt_a-1-1,,gwt_a,1,lo,lo,l o,,hindukush,,,^ l o $,default,04e1c2f5600abd93ae07c5a6398dd98c 078eb4acde7dabe1339efce5aba931af
gwt_a-5-1,,gwt_a,5,haɖuki,haɖuki,h a ɖ u k i,,hindukush,,,^ h a ɖ u k i $,default,e1bec193a537a7d01ea8f67089a5b4d0 9b3874ff2886c8bc4e169b64890883cc
gwt_a-9-1,,gwt_a,9,tsutsu,tsutsu,ts u ts u,,hindukush,,,^ ts u ts u $,default,99b4e5c8519f323a7e7345bf5f3136b5 226722e4920b135c9dad19975597cea6
gwt_a-13-1,,gwt_a,13,dʑɑ,dʑɑ,dʑ ɑ,,hindukush,,,^ dʑ ɑ $,default,89151dc2204d6652eb33d383117beeea af99b4775ae838e297f880e00ad17ce3
gwt_a-17-1,,gwt_a,17,mimaːn,mimaːn,m i m aː n,,hindukush,,,^ m i m aː n $,default,a84c861d0ec3091183521cd220315d95 564575727dc2f5bf40cd291b7c5179cb
gwt_a-21-1,,gwt_a,21,ʂuna,ʂuna,ʂ u n a,,hindukush,,,^ ʂ u n a $,default,29829568cc2858207a5dfb359d906c78 e8614db8cd48f5b4499230a4ca337720
gwt_a-25-1,,gwt_a,25,lukɑ,lukɑ,l u k ɑ,,hindukush,,,^ l u k ɑ $,default,c4c51d238a5931c7da0f6943c2b7d303 8a9f6d5973914f0caacc231bf0c8f599
gwt_a-29-1,,gwt_a,29,kamʈɑ,kamʈɑ,k a m ʈ ɑ,,hindukush,,,^ k a m ʈ ɑ $,default,e41f7e904802bd2a34efd6bc053613c0 59c360f777c3718a4807c8dfc407770e
gwt_a-33-1,,gwt_a,33,itsin,itsin,i ts i n,,hindukush,,,^ i ts i n $,default,d64c8a8d5410ea7a9744cd545231b779 8fa48f58e1342d42ac12247b1c74ec7c
gwt_a-37-1,,gwt_a,37,aŋgaːr,aŋgaːr,a ŋ g aː r,,hindukush,,,^ a ŋ g aː r $,default,bdce0a17b65c09b77c886d96965ae410 f4b64d3f8a85eb1eeb782ee721e46054
gwt_a-2-1,,gwt_a,2,matsoːʈɑ,matsoːʈɑ,m a ts oː ʈ ɑ,,hindukush,,,^ m a ts oː ʈ ɑ $,default,0eb137053f345a32be7bd26bf2fee56c aa47cbe8c305896749280d529220199f
gwt_a-6-1,,gwt_a,6,poːr,poːr,p oː r,,hindukush,,,^ p oː r $,default,8d490d92494ef85ba15cb3f801871ad1 8e9b79a217a991e8cbbaf91dd4231b44
gwt_a-10-1,,gwt_a,10,as,as,a s,,hindukush,,,^ a s $,default,5a42b237245af7f7f322540219ef52e6 b924a726f550db65ace7ab870584a744
gwt_a-14-1,,gwt_a,14,ɕuɳɖimem,ɕuɳɖimem,ɕ u ɳ ɖ i m e m,,hindukush,,,^ ɕ u ɳ ɖ i m e m $,default,5773780c56ed1000b484e63de20b6d36 2b656b78b61cf9b547a53f3348dd83b4
gwt_a-18-1,,gwt_a,18,ɕiŋg,ɕiŋg,ɕ i ŋ g,,hindukush,,,^ ɕ i ŋ g $,default,db6d7811b185a3428600edc3f074ebe9 4a9f4387f2a2a4876154747e9a6ee7c9
gwt_a-22-1,,gwt_a,22,aː,aː,aː,,hindukush,,,^ aː $,default,4c1710fafe5bbc6a518b29136d4165c2 ac0845754621d5f1b2500b19c9f50b5c
gwt_a-26-1,,gwt_a,26,ɖuŋgɑ,ɖuŋgɑ,ɖ u ŋ g ɑ,,hindukush,,,^ ɖ u ŋ g ɑ $,default,b5f45984ff37ba04b201fb86b0f98ec5 9025f162939338fdc387ffcaba7c03a4
gwt_a-30-1,,gwt_a,30,paʈa,paʈa,p a ʈ a,,hindukush,,,^ p a ʈ a $,default,a2c005c2d4b7e2a419e2f71e923aa688 e1453998648c15560bc3ea677241b465
gwt_a-34-1,,gwt_a,34,hiɽa,hiɽa,h i ɽ a,,hindukush,,,^ h i ɽ a $,default,8c798e9cc0084ce69d6129b005b48d6a 63ce65ade5883f8a7ed873fa352eaece
gwt_a-38-1,,gwt_a,38,zum,zum,z u m,,hindukush,,,^ z u m $,default,15184259f9dadcf8d4fba3034171cb55 ccc68b3be1b646dcc33354b489d84651
gwt_a-3-1,,gwt_a,3,ban,ban,b a n,,hindukush,,,^ b a n $,default,b3542c7a4705edb35686a4a808073105 77d718688e761bdd5486d2e2f1ca4d9c
gwt_a-7-1,,gwt_a,7,naːm,naːm,n aː m,,hindukush,,,^ n aː m $,default,f5928d94c39a8c21538daeb3349a58f2 3b02cbe8888f7b554ebacbed5bc9e5e8
gwt_a-11-1,,gwt_a,11,nuŋgɑ,nuŋgɑ,n u ŋ g ɑ,,hindukush,,,^ n u ŋ g ɑ $,default,89e8e606a13ac897846b71f0746deb93 27c962832e2030f24e6bee958a06d33c
gwt_a-15-1,,gwt_a,15,heːl,heːl,h eː l,,hindukush,,,^ h eː l $,default,c3f19ed9821acb93feae419502f728b7 d128f1924982dbddf46035ea461dca43
gwt_a-19-1,,gwt_a,19,naːsi,naːsi,n aː s i,,hindukush,,,^ n aː s i $,default,c3e8e60c314a9ea42ebc8f6f496cefb0 755d80eacc55f7b94a7915b49dca455c
gwt_a-23-1,,gwt_a,23,jakʰ,jakʰ,j a kʰ,,hindukush,,,^ j a kʰ $,default,6ea7603ff684a2bb340e76affe9a68bb 84d844ca09b46450964e67ee8fa466b4
gwt_a-27-1,,gwt_a,27,"pan, pjaːda pan",pan,p a n,,hindukush,,,^ p a n $,default,780dee4ad4dcc0056c2780c6f8a15e27 397b9c520ce51a742c5efd49bfeaa392 9e418c3bfe7d57cfff881325c58c4be9 a96eca6951235f80a07329610ef650eb
gwt_a-27-2,,gwt_a,27,"pan, pjaːda pan",pjaːda_pan,p j aː d a + p a n,,hindukush,,,^ p j aː d a _ p a n $,default,780dee4ad4dcc0056c2780c6f8a15e27 397b9c520ce51a742c5efd49bfeaa392 9e418c3bfe7d57cfff881325c58c4be9 a96eca6951235f80a07329610ef650eb
gwt_a-31-1,,gwt_a,31,maːnuʂ,maːnuʂ,m aː n u ʂ,,hindukush,,,^ m aː n u ʂ $,default,946aefab10258b3bfac49621980d7686 6ba8514dc6a7b9e62093abb552f7f8c3
gwt_a-35-1,,gwt_a,35,tawum,tawum,t a w u m,,hindukush,,,^ t a w u m $,default,d8d2eea6eba9f4bf79fa3d4baedc591b 8d27aa7fe2778de4a7080a44dbcfacc0
gwt_a-39-1,,gwt_a,39,gaʂ,gaʂ,g a ʂ,,hindukush,,,^ g a ʂ $,default,b68714f9853e4aca7f7673b3123424e3 2f5bb19309efd9e9bdb7d4c7e65ef39a
gwt_a-4-1,,gwt_a,4,stoːre,stoːre,s t oː r e,,hindukush,,,^ s t oː r e $,default,ae57c7947b257ca1bcbd57d2ed0a17a5 7d972ede11f1207f9e1929907c841ce6
gwt_a-8-1,,gwt_a,8,waːʈ,waːʈ,w aː ʈ,,hindukush,,,^ w aː ʈ $,default,24949d11b1997fcb273188969f427159 9794f909c9745cecaed349b85fd9241e
gwt_a-12-1,,gwt_a,12,suri,suri,s u r i,,hindukush,,,^ s u r i $,default,7d1b1aaac134c294983b618a79486419 b0659ab62336d30cf565882b3c558c5b
gwt_a-16-1,,gwt_a,16,zip,zip,z i p,,hindukush,,,^ z i p $,default,4059a9791fa57a5b9bb30abb995f44ce 865ef31daca770377475d97ff84f73a6
gwt_a-20-1,,gwt_a,20,dan,dan,d a n,,hindukush,,,^ d a n $,default,ff2b85c21256fad451e5f92c917457d1 eb85d3e835119379f6565e9ee936834e
gwt_a-24-1,,gwt_a,24,muʈɑ,muʈɑ,m u ʈ ɑ,,hindukush,,,^ m u ʈ ɑ $,default,5cc668cf1f996b769b1e8c134780dd73 09b720dcbd97e6787aa7a4a3850b1111
gwt_a-28-1,,gwt_a,28,du,du,d u,,hindukush,,,^ d u $,default,8be488516a2d11ef8d48a1b8b74b9526 e6f38a98da2df94160b8d7cfa9833657
gwt_a-32-1,,gwt_a,32,aw,aw,a w,,hindukush,,,^ a w $,default,2ece82b00049aabbcf93022a812a4de7 9e851cfd2539a979f900d34543bbf79f
gwt_a-36-1,,gwt_a,36,mu,mu,m u,,hindukush,,,^ m u $,default,a871c60b4b4ef7de5018d3319fe13b96 6894e3380190580c3559af401bcafd84
gwt_a-40-1,,gwt_a,40,tu,tu,t u,,hindukush,,,^ t u $,default,cef7e87413731b987ee0cd36a7ca045b 58895d6a413db051e1b732fbb51ff0fc
gwt_p-1-1,,gwt_p,1,lo,lo,l o,,hindukush,,,^ l o $,default,889b8fa1680c25a1201e422ddfd68ffa 78c9816ee815e214719d666e44072f38
gwt_p-5-1,,gwt_p,5,haɖ,haɖ,h a ɖ,,hindukush,,,^ h a ɖ $,default,81ef5274c268ffb9827a1ab8777fa95f d75ad365662e1aad32767bd4e5b3a994
gwt_p-9-1,,gwt_p,9,tsutsu,tsutsu,ts u ts u,,hindukush,,,^ ts u ts u $,default,f3f86db7db35a038fc82c214f2c0ded0 e1365ad6813d4fc684507e521c983b86
gwt_p-13-1,,gwt_p,13,dʑik,dʑik,dʑ i k,,hindukush,,,^ dʑ i k $,default,9d3c8fe32da8f8ecd3a17d973071e7b8 5b109a4f5b24838f63cce0ba9beb9f4a
gwt_p-17-1,,gwt_p,17,mik,mik,m i k,,hindukush,,,^ m i k $,default,64be8f063f7705cbecca3e20252ad451 c7557746e8d325fd13aad2c74a479a37
gwt_p-21-1,,gwt_p,21,ʂuɳa,ʂuɳa,ʂ u ɳ a,,hindukush,,,^ ʂ u ɳ a $,default,e19849fd49e9bd7b3811b7b4a6e69f08 dcf43774609400648e6909e2506a2a72
gwt_p-25-1,,gwt_p,25,pik,pik,p i k,,hindukush,,,^ p i k $,default,21d35ccca6a63f3416580fe364742bed 6816c79771e40e983d12b9eeff9f19e4
gwt_p-29-1,,gwt_p,29,kʰamʈa,kʰamʈa,kʰ a m ʈ a,,hindukush,,,^ kʰ a m ʈ a $,default,68892f2e657df6da85e1f263a60c9213 b9141848fe75711a42fce984ca622202
gwt_p-33-1,,gwt_p,33,itsin,itsin,i ts i n,,hindukush,,,^ i ts i n $,default,cb53728a1cf56e82709d5f7afeda7f0c e89906b1ae6fdcb7bfad2411886455f1
gwt_p-37-1,,gwt_p,37,haŋgaːr,haŋgaːr,h a ŋ g aː r,,hindukush,,,^ h a ŋ g aː r $,default,2e997d881558ad47d309b9edfbd80d2d 8fa0ee2ecc8df9bb82ad2fb7f7e8a0bb
gwt_p-2-1,,gwt_p,2,matsoːʈa,matsoːʈa,m a ts oː ʈ a,,hindukush,,,^ m a ts oː ʈ a $,default,6d37545e5903ba6002b5ed9024c36c94 31ed5ed690e841456855a8fd7769553b
gwt_p-6-1,,gwt_p,6,poːr,poːr,p oː r,,hindukush,,,^ p oː r $,default,4d818081224f60eb37bf3003e0b7094a 36b037f7218666383d4c978901d4e946
gwt_p-10-1,,gwt_p,10,hast,hast,h a s t,,hindukush,,,^ h a s t $,default,ea2ea6a75c969be355eb1eb20f9b3cce a881da62f76bdf4d9d40e10d70853e54
gwt_p-14-1,,gwt_p,14,ʂuɳɖawa,ʂuɳɖawa,ʂ u ɳ ɖ a w a,,hindukush,,,^ ʂ u ɳ ɖ a w a $,default,b5c9e141d8d82f7019e41d8f9ac337e6 8b7ec23800ac653ff6073b36d359a9d7
gwt_p-18-1,,gwt_p,18,ɕiŋg,ɕiŋg,ɕ i ŋ g,,hindukush,,,^ ɕ i ŋ g $,default,993b37dabcaae80d7550abe90088027f e086dea86fb4fc32713da85364e48c6d
gwt_p-22-1,,gwt_p,22,ãː,ãː,ãː,,hindukush,,,^ ãː $,default,102560bc344506c03401bf9b4215151a f33d275a0c2117dde5b6dbf420f03f52
gwt_p-26-1,,gwt_p,26,ɖuŋga,ɖuŋga,ɖ u ŋ g a,,hindukush,,,^ ɖ u ŋ g a $,default,64592f044ba4968abb1a77e136d733db fc7fbcc45550966be872145f47eab45a
gwt_p-30-1,,gwt_p,30,faʈa,faʈa,f a ʈ a,,hindukush,,,^ f a ʈ a $,default,7437b3c78b5b5402842c395d91fe6a9c 605fb77ed8844de90a745fff6f0309bb
gwt_p-34-1,,gwt_p,34,andeːts,andeːts,a n d eː ts,,hindukush,,,^ a n d eː ts $,default,60ec9ccc18539f72b702224c0dddaa22 65236702d7f311254199be7c0d0f5bd4
gwt_p-38-1,,gwt_p,38,zum,zum,z u m,,hindukush,,,^ z u m $,default,ac4bbea7be94d486db52558c8b5b3f8c 2c19c3488966143e6ac5990c3ad6ac45
gwt_p-3-1,,gwt_p,3,"daɽa, gala",daɽa,d a ɽ a,,hindukush,,,^ d a ɽ a $,default,bd6db7cd545034a45c425f4b104ca2cc 3a588e4f2c1f8e7867d5276bd9f58165 599716b1f27af0cf4a510655a360bc1b 40557d63a08931dbfef63cd9a8d31dc4
gwt_p-3-2,,gwt_p,3,"daɽa, gala",gala,g a l a,,hindukush,,,^ g a l a $,default,bd6db7cd545034a45c425f4b104ca2cc 3a588e4f2c1f8e7867d5276bd9f58165 599716b1f27af0cf4a510655a360bc1b 40557d63a08931dbfef63cd9a8d31dc4
gwt_p-7-1,,gwt_p,7,naːm,naːm,n aː m,,hindukush,,,^ n aː m $,default,ebd1fb1357d2cb69166ece2141220752 f7a86261e811690e2734eb24f0be6bd5
gwt_p-11-1,,gwt_p,11,nuŋg,nuŋg,n u ŋ g,,hindukush,,,^ n u ŋ g $,default,0250ae71e17bd825b97ca7dd295efe65 e0d2ec670bbd633b68e2aa78132fae6c
gwt_p-15-1,,gwt_p,15,"eːl, hɛːl",eːl,eː l,,hindukush,,,^ eː l $,default,05024c091cdc77b1de1e3aae73a5cdc1 421a06d11b46aab4c87f79535884bcf9 8a50030eafd27aedf091faecef740b4d a62dae9662c12999549e7d16fbdb590c
gwt_p-15-2,,gwt_p,15,"eːl, hɛːl",hɛːl,h ɛː l,,hindukush,,,^ h ɛː l $,default,05024c091cdc77b1de1e3aae73a5cdc1 421a06d11b46aab4c87f79535884bcf9 8a50030eafd27aedf091faecef740b4d a62dae9662c12999549e7d16fbdb590c
gwt_p-19-1,,gwt_p,19,naːsi,naːsi,n aː s i,,hindukush,,,^ n aː s i $,default,ce739af0a58cf0aeb595f1d6b9e0e76f 6e9ff248a65b714ea9585c3493604c1f
gwt_p-23-1,,gwt_p,23,jakʰ,jakʰ,j a kʰ,,hindukush,,,^ j a kʰ $,default,50fb54d00ece18ea3eedbcc55fa8f1d3 1765a1f1f12927eede1fe254670312b4
gwt_p-27-1,,gwt_p,27,fant,fant,f a n t,,hindukush,,,^ f a n t $,default,3250e3f7bb0a661fed957e63d3114723 b190529c3487c502891a7652e27fd320
gwt_p-31-1,,gwt_p,31,zan,zan,z a n,,hindukush,,,^ z a n $,default,8f2a12cd963603a893e74f9cbd4f6bc3 eb99acdc336467b8db1dc9422c688c19
gwt_p-35-1,,gwt_p,35,baːlawa,baːlawa,b aː l a w a,,hindukush,,,^ b aː l a w a $,default,77a005fb9ae2ce559695851ef7fb5e00 c204f86b3da323f2faecd7c9b5a628fc
gwt_p-39-1,,gwt_p,39,gaɬ,gaɬ,g a ɬ,,hindukush,,,^ g a ɬ $,default,913684c6e6b5c11ab7abf4775ff0d213 738e9dba79399cb8254130739d7a7675
gwt_p-4-1,,gwt_p,4,taːrɑ,taːrɑ,t aː r ɑ,,hindukush,,,^ t aː r ɑ $,default,9269fbdf55c3d624d2054208229a7053 d12c59c068f01e43f194f994e0992cd4
gwt_p-8-1,,gwt_p,8,wɑːʈ,wɑːʈ,w ɑː ʈ,,hindukush,,,^ w ɑː ʈ $,default,7e654175eea1ebfdbdb2aab8753fb43e 2261acdb169c6b98cfee9c2bbaf0c9fa
gwt_p-12-1,,gwt_p,12,suri,suri,s u r i,,hindukush,,,^ s u r i $,default,0419f182e39949b2917d2d6657f9ab21 3031af251056717cad1769cd6fac7d8d
gwt_p-16-1,,gwt_p,16,zip,zip,z i p,,hindukush,,,^ z i p $,default,408229b5b38835ec2e4cdf5f53867f45 82c42d0442733b691d36ee1b6a7d130a
gwt_p-20-1,,gwt_p,20,dant,dant,d a n t,,hindukush,,,^ d a n t $,default,b7964786cc2c21225df125505af99108 a72de6490c4d91003c681f793ec940ef
gwt_p-24-1,,gwt_p,24,muʈʰə,muʈʰə,m u ʈʰ ə,,hindukush,,,^ m u ʈʰ ə $,default,bb41419613dffb892c4c2a474a23a662 7a5dacf777bc1a3cd84c50ddc9d399ff
gwt_p-28-1,,gwt_p,28,duː,duː,d uː,,hindukush,,,^ d uː $,default,5ef77bf1d96b0c5f9e6a99a3134770fc 0bb5e374af9ce42c85ef41d20ac95350
gwt_p-32-1,,gwt_p,32,aːu,aːu,aːu,,hindukush,,,^ aːu $,default,c1e31bb9f13b34cad91914997c2e215a 2f818c5f79e72a5fc42050c0df6f6ffb
gwt_p-36-1,,gwt_p,36,ama,ama,a m a,,hindukush,,,^ a m a $,default,b628b92069bb47cc0c9b756c328db564 75835f4226b9d74d1c3ee89096e9db5f
gwt_p-40-1,,gwt_p,40,"meː, tu",meː,m eː,,hindukush,,,^ m eː $,default,6bde87ef362d8e902b6ce22965635f26 489816d2bc5783fa318e235e1fed59bd 733ed318f02888537f2b9b1bf9cecf11 b61c0fa009857273fc635abe026831f9
gwt_p-40-2,,gwt_p,40,"meː, tu",tu,t u,,hindukush,,,^ t u $,default,6bde87ef362d8e902b6ce22965635f26 489816d2bc5783fa318e235e1fed59bd 733ed318f02888537f2b9b1bf9cecf11 b61c0fa009857273fc635abe026831f9
gwc-1-1,,gwc,1,rɑt,rɑt,r ɑ t,,hindukush,,,^ r ɑ t $,default,16a8053c7256450418c08abb4fc33b35 00b63fc3b45e83440233c0b35ab550b3
gwc-5-1,,gwc,5,hɑɽ,hɑɽ,h ɑ ɽ,,hindukush,,,^ h ɑ ɽ $,default,6ba689b11e4b46f108ec7ad5fbb72a7b dcaf5cbb29a285490e7db215d447ca40
gwc-9-1,,gwc,9,tɕitɕ,tɕitɕ,tɕ i tɕ,,hindukush,,,^ tɕ i tɕ $,default,00c90905fc692d187072cbd3d91a9ccd a116e5253a448b61d61dbdeb6495c783
gwc-13-1,,gwc,13,jaːg,jaːg,j aː g,,hindukush,,,^ j aː g $,default,2e2f4dd215462481e134652e36725b08 eba41dc96213dca50df33c61c8331b25
gwc-17-1,,gwc,17,mur,mur,m u r,,hindukush,,,^ m u r $,default,7fe179783ce2e71d0dc0be8bcc5070ad 8ab80a054c26246a517156ea5dfac307
gwc-21-1,,gwc,21,kʊtɕur,kʊtɕur,k ʊ tɕ u r,,hindukush,,,^ k ʊ tɕ u r $,default,3286561a6981b748d532fe09c39e2753 719ed02f34f168f92d47808599c685d1
gwc-25-1,,gwc,25,puːg,puːg,p uː g,,hindukush,,,^ p uː g $,default,be9046a1b8dcd247235faa51b2c1134e a64b97286fd512ab2d4c208b296dd15d
gwc-29-1,,gwc,29,kɑn,kɑn,k ɑ n,,hindukush,,,^ k ɑ n $,default,9d830d512f5f77a60dd7ebc71ab13fbb 3d3aabe61d589b3ac1df76fb801cdbc5
gwc-33-1,,gwc,33,ɑʈʂ,ɑʈʂ,ɑ ʈʂ,,hindukush,,,^ ɑ ʈʂ $,default,7562159ec261ed2f315ef3490431b386 02334e5e5160225433ce4a7247d47425
gwc-37-1,,gwc,37,aŋɑ̰ːr,aŋɑ̰ːr,a ŋ ɑ̰ː r,,hindukush,,,^ a ŋ ɑ̰ː r $,default,abc0e8177e8d139433103acb2ac9ba64 fa916488f592754e5e69304b9ba44f71
gwc-2-1,,gwc,2,matsʰin,matsʰin,m a tsʰ i n,,hindukush,,,^ m a tsʰ i n $,default,47da3f4dcc24ded6d20cd0f5c3187a85 2444c2eb71e6df6224790edd8e731c7c
gwc-6-1,,gwc,6,tɕʊpuʈ,tɕʊpuʈ,tɕ ʊ p u ʈ,,hindukush,,,^ tɕ ʊ p u ʈ $,default,e7633e2d590c4464253c076fb9ce7a00 a33b41633f0e159e53d44b82038aec90
gwc-10-1,,gwc,10,tʰeːr,tʰeːr,tʰ eː r,,hindukush,,,^ tʰ eː r $,default,5e0e63c0879596d0b38bb55c2d23d468 772fc0e641c8736537e4688035db65cf
gwc-14-1,,gwc,14,budʑuːg,budʑuːg,b u dʑ uː g,,hindukush,,,^ b u dʑ uː g $,default,82b30ce88e19fdcd29ef64062097c540 d1fef337c09ba80d843506736b72503b
gwc-18-1,,gwc,18,ʂiŋ,ʂiŋ,ʂ i ŋ,,hindukush,,,^ ʂ i ŋ $,default,4329eecf7cdedadd381ae739c212627c 70f5b099df44b4d951229d879aa0be55
gwc-22-1,,gwc,22,jɑ,jɑ,j ɑ,,hindukush,,,^ j ɑ $,default,a3a5dfc6f8bd3c715c8b1be803bbc1d4 cf571c0eb7e99ae96e84fe4e665aa674
gwc-26-1,,gwc,26,kuʈ,kuʈ,k u ʈ,,hindukush,,,^ k u ʈ $,default,47a1dd820f31ea5b147641f83b45ab79 160c7b110aad06da1b75f8f73f3ae57d
gwc-30-1,,gwc,30,poɬ,poɬ,p o ɬ,,hindukush,,,^ p o ɬ $,default,ec34bbab803d932fe1d3655d91ea167d cb558e7f240421a9384857fb1cee7d3a
gwc-34-1,,gwc,34,jan,jan,j a n,,hindukush,,,^ j a n $,default,35a6da0617ddcfed4a395a17e2d5c956 999fab2a0a87ae8ed157360c99cda9b3
gwc-38-1,,gwc,38,dʑũːi,dʑũːi,dʑ ũː i,,hindukush,,,^ dʑ ũːi $,default,9b5dececa6c668fcae342fc5e1663b5b 19993883a73898a8884672f7aad62e22
gwc-3-1,,gwc,3,kʰɑn,kʰɑn,kʰ ɑ n,,hindukush,,,^ kʰ ɑ n $,default,24ffc04b4bb4088ddd80f58c3e046d04 11170aef4ea05dfcb8558342d930c46c
gwc-7-1,,gwc,7,nɑ̰ːm,nɑ̰ːm,n ɑ̰ː m,,hindukush,,,^ n ɑ̰ː m $,default,edffda6503e40563db39d4df31a6b87e 04be93c40c9fbcb2b8f8caa2343dbdc1
gwc-11-1,,gwc,11,nam,nam,n a m,,hindukush,,,^ n a m $,default,1c8e7c4f2c55754561b6455df057b23c 061826219662defc68608b70647d8061
gwc-15-1,,gwc,15,rɑːt,rɑːt,r ɑː t,,hindukush,,,^ r ɑː t $,default,9df767a9711612aebe02c205df37d53c 788d192a366e56bcb1cf873ee51da138
gwc-19-1,,gwc,19,nazo̰ːr,nazo̰ːr,n a z o̰ː r,,hindukush,,,^ n a z o̰ː r $,default,bd43f8fa28131615c1b0a29500e062c7 0f35d7966001c56bb01ffc6f8c90fbc0
gwc-23-1,,gwc,23,ak,ak,a k,,hindukush,,,^ a k $,default,db1c05e29ae44e6ea6091bdbb4cf3938 c8f80df865984ffba8d55f5007b3e94b
gwc-27-1,,gwc,27,pɔn,pɔn,p ɔ n,,hindukush,,,^ p ɔ n $,default,4e872c50274dc8d42b7c67dab5720ca5 22274d7d3969b9408b32114569889634
gwc-31-1,,gwc,31,mḭːɕ,mḭːɕ,m ḭː ɕ,,hindukush,,,^ m ḭː ɕ $,default,0f5c7ea7332039e2d5bb41e5ab550f73 fb2d397ea814019d7464552558121c79
gwc-35-1,,gwc,35,tɕʰaʈɑːg,tɕʰaʈɑːg,tɕʰ a ʈ ɑː g,,hindukush,,,^ tɕʰ a ʈ ɑː g $,default,a37f9a242876f381074cd546b574b818 b5529d590ec8feff15960f11af430587
gwc-39-1,,gwc,39,tɕɑm,tɕɑm,tɕ ɑ m,,hindukush,,,^ tɕ ɑ m $,default,2c0c72bb9ce785835dc58752ce337d4a 3e8d8483f00a407b96b3f0d1231a6bcd
gwc-4-1,,gwc,4,tɑ̰ːr,tɑ̰ːr,t ɑ̰ː r,,hindukush,,,^ t ɑ̰ː r $,default,d03c9dd71c0ba4e02594404f29da0040 e80129d66869c8ae224d546764fce78d
gwc-8-1,,gwc,8,bɔʈ,bɔʈ,b ɔ ʈ,,hindukush,,,^ b ɔ ʈ $,default,8764b7f3aa05190885d45159de878c15 4922e8bda709fad6f0f54b956e496189
gwc-12-1,,gwc,12,siːr,siːr,s iː r,,hindukush,,,^ s iː r $,default,3f4dc6bff721d81c381c5e0a11a6600d 0e528403cefc8af43f51faa5bfedeb8f
gwc-16-1,,gwc,16,dʑib,dʑib,dʑ i b,,hindukush,,,^ dʑ i b $,default,6c39f2fd3dd73d3af2828bd0379da8a9 781056e515e546e08aad5134649c381c
gwc-20-1,,gwc,20,dɑn,dɑn,d ɑ n,,hindukush,,,^ d ɑ n $,default,b46f75f44bb004a3b36ec7155f986ed6 bdcff78d7566c7d912b2b3cfa8e0e7a5
gwc-24-1,,gwc,24,tɑm,tɑm,t ɑ m,,hindukush,,,^ t ɑ m $,default,a0eb3b267957394000b11661908d914c f0465219519a0c589c2d3aa4f09ed18f
gwc-28-1,,gwc,28,duː,duː,d uː,,hindukush,,,^ d uː $,default,310306369ab53c9275fdb2e7512d513a cf922f94dbd2a6d3d79d5d9d614a8536
gwc-32-1,,gwc,32,ṵː,ṵː,ṵː,,hindukush,,,^ ṵː $,default,833d715e99121d6e32d35fc77d4b9494 28abaaaba78020bb551b762283695517
gwc-36-1,,gwc,36,jɑ,jɑ,j ɑ,,hindukush,,,^ j ɑ $,default,38ca4317a91f11fd41a526e6d35f4282 6e16ff59538f4b8d4f41ed5b32f13e4e
gwc-40-1,,gwc,40,tu,tu,t u,,hindukush,,,^ t u $,default,da3e78a765ecf13ed131d1b47256efb2 87b43c431d1f84663be6812fe93775ba
gju_a-1-1,,gju_a,1,rat,rat,r a t,,hindukush,,,^ r a t $,default,1507114a5f9d58c0919ecb9445b028db aa6a2a5041ee0a512f0dd9142831ba1a
gju_a-5-1,,gju_a,5,haɖiː,haɖiː,h a ɖ iː,,hindukush,,,^ h a ɖ iː $,default,90cd0c85270b0c1636d64ddb44448b40 2e1ea7a43d291dd2aa3d10eb8ff73529
gju_a-9-1,,gju_a,9,tɕutɕi,tɕutɕi,tɕ u tɕ i,,hindukush,,,^ tɕ u tɕ i $,default,45dcb3e151548b8f7c83696e25fd4e05 e152fd9f735325d63f2235d16883cb9e
gju_a-13-1,,gju_a,13,aːnəɽ,aːnəɽ,aː n ə ɽ,,hindukush,,,^ aː n ə ɽ $,default,82f61de3808c3fd3d88b3966ed43f363 228895fd867022fd5aa82b38f7d7073d
gju_a-17-1,,gju_a,17,marəɳ,marəɳ,m a r ə ɳ,,hindukush,,,^ m a r ə ɳ $,default,b88e961935574b35ad581bc6067a3f88 7f1fb3af46440b6b216540f0045f176e
gju_a-21-1,,gju_a,21,kutu,kutu,k u t u,,hindukush,,,^ k u t u $,default,e922f18957bf8a48eef1edf54773aa7f 70f7630c58bb5b3a62ee78bdd5d4f36f
gju_a-25-1,,gju_a,25,piːɳ,piːɳ,p iː ɳ,,hindukush,,,^ p iː ɳ $,default,fd7654dbf40a0a3cfc1f614d4c3e749f 7ecc508b6a8790e24052c3d9cb054186
gju_a-29-1,,gju_a,29,kaːn,kaːn,k aː n,,hindukush,,,^ k aː n $,default,a643831ce23de7b86c8883d3f045cd17 1638b691103392f8a80087d7433d6640
gju_a-33-1,,gju_a,33,akʰ,akʰ,a kʰ,,hindukush,,,^ a kʰ $,default,ed14bb847a4ac66d5b5b7c18676482bd 6c2089c112dcf3f1ea250f9fe4ba14cc
gju_a-37-1,,gju_a,37,ag,ag,a g,,hindukush,,,^ a g $,default,68ea1f82ad32b4cde004cf7a7c376e87 daff3e3ab115fc68c9cf30f24a4737c6
gju_a-2-1,,gju_a,2,mətɕʰiː,mətɕʰiː,m ə tɕʰ iː,,hindukush,,,^ m ə tɕʰ iː $,default,bacc6eec8cb7cf1d64f96244cebc776f cd49edb391e4c05099c48c84c8fc5b9d
gju_a-6-1,,gju_a,6,bʰariːu,bʰariːu,bʰ a r iː u,,hindukush,,,^ bʰ a r iːu $,default,29c54a18dea391cf0e343d8781740af7 8660ae7d0fa5b35eae2795d3479086d0
gju_a-10-1,,gju_a,10,haːt,haːt,h aː t,,hindukush,,,^ h aː t $,default,192d293baf11de197c53ab2a561ec6bf 87fe76b55648a0086690567570a49d53
gju_a-14-1,,gju_a,14,sʊɳən,sʊɳən,s ʊ ɳ ə n,,hindukush,,,^ s ʊ ɳ ə n $,default,2deab4efab5926245cb7004eb3a320a6 af838450d102037633bc67b584961ab7
gju_a-18-1,,gju_a,18,səŋg,səŋg,s ə ŋ g,,hindukush,,,^ s ə ŋ g $,default,b44d625411402c09313a3dbf0a3da411 c52f9228369d4fa11d13eccc134e97ee
gju_a-22-1,,gju_a,22,hũː,hũː,h ũː,,hindukush,,,^ h ũː $,default,5864b35c22c22a446e48430cd35d34e0 1e18659e2a4cf057b16fd04d4ca8d04f
gju_a-26-1,,gju_a,26,dʑanu,dʑanu,dʑ a n u,,hindukush,,,^ dʑ a n u $,default,f8073b7de7ce20ff0bdfc2e6dfe8e8d1 2010551422d464100c5d96490c8248b0
gju_a-30-1,,gju_a,30,baːmfruː,baːmfruː,b aː m f r uː,,hindukush,,,^ b aː m f r uː $,default,b775cbcae8821e45b60144af7bad331f 86f97f0b9dd6336c482405918ac7204c
gju_a-34-1,,gju_a,34,fapəru,fapəru,f a p ə r u,,hindukush,,,^ f a p ə r u $,default,393e088c4630703e79dac8e86bdca94f 8f8f5b20793e38d7b136bd7e0f04743e
gju_a-38-1,,gju_a,38,dʑũː,dʑũː,dʑ ũː,,hindukush,,,^ dʑ ũː $,default,05bfa1ae508be3e5adccd5551bc59202 f94df5844822baef617ba525e1a69fb8
gju_a-3-1,,gju_a,3,ɖʰaːkuː,ɖʰaːkuː,ɖʰ aː k uː,,hindukush,,,^ ɖʰ aː k uː $,default,2fe57835a7a0d3053c257a037a95c603 757d027bd8b27a96ad3ff28413780867
gju_a-7-1,,gju_a,7,naː,naː,n aː,,hindukush,,,^ n aː $,default,161918b0ff9b264a53ffe63a74e2a1b9 c03e9129e3b0d01abbd68d8ff9033d34
gju_a-11-1,,gju_a,11,nuː,nuː,n uː,,hindukush,,,^ n uː $,default,4fd2139368a195af7ed7f5555a3dbe6a 51b96f94d0a4f08d71fc204341ef911c
gju_a-15-1,,gju_a,15,raːt,raːt,r aː t,,hindukush,,,^ r aː t $,default,e0a0436f83c86ea14aefc4d173dc3837 1b4edafe7a190333b2f4db00f0441828
gju_a-19-1,,gju_a,19,naːs,naːs,n aː s,,hindukush,,,^ n aː s $,default,357c00dc39a7181a579c21bc83474947 a133fdbfd53e53457586e35d12b7f270
gju_a-23-1,,gju_a,23,eːk,eːk,eː k,,hindukush,,,^ eː k $,default,162c3e2da1c21c195dc72096ec34e886 722422fb9a305cf333c50d9d2d2d43c2
gju_a-27-1,,gju_a,27,ra,ra,r a,,hindukush,,,^ r a $,default,ef035769e51d1705b96a70f9a2bc74da 0c8a55d3d9e805ff2af26a7ca0392304
gju_a-31-1,,gju_a,31,dʑaɳu,dʑaɳu,dʑ a ɳ u,,hindukush,,,^ dʑ a ɳ u $,default,9c3008065b56e8e7602f8741f93c41ac 236954804189b5a380fede8926f139d8
gju_a-35-1,,gju_a,35,deːkʰaɳ,deːkʰaɳ,d eː kʰ a ɳ,,hindukush,,,^ d eː kʰ a ɳ $,default,aa4988f23934bcfab2e1e69fdff6288b bec1cceb7a96161c3f818ffd381b525a
gju_a-39-1,,gju_a,39,tɕamɽi,tɕamɽi,tɕ a m ɽ i,,hindukush,,,^ tɕ a m ɽ i $,default,11ab5e5ac18c4da4d5ba556df755445e 836deb2c61bad8b5b76c7f3003276e02
gju_a-4-1,,gju_a,4,taːru,taːru,t aː r u,,hindukush,,,^ t aː r u $,default,853d03eccb325de7f0fb1d1badff2057 ec061f3a51f598051122958b3af8f1c2
gju_a-8-1,,gju_a,8,gəʈiː,gəʈiː,g ə ʈ iː,,hindukush,,,^ g ə ʈ iː $,default,8b18eadbcdf3d731563c58f94efc3532 e96fef28779c85819b3406999e5df688
gju_a-12-1,,gju_a,12,dĩː,dĩː,d ĩː,,hindukush,,,^ d ĩː $,default,e9c9f55b618a745dc87089f0d539e73d aeb533f692cbd48edcc5ed478cc70e24
gju_a-16-1,,gju_a,16,dʑiːb,dʑiːb,dʑ iː b,,hindukush,,,^ dʑ iː b $,default,0213e4ad95aaccd3fe8913a234fb6f80 7baa5fe45a216a2771b7dfa37b815979
gju_a-20-1,,gju_a,20,daːnd,daːnd,d aː n d,,hindukush,,,^ d aː n d $,default,ad46c453024b351e57ef1a716cead1dc dc8ff57f301d05018436de0781513d7a
gju_a-24-1,,gju_a,24,rʊkʰ,rʊkʰ,r ʊ kʰ,,hindukush,,,^ r ʊ kʰ $,default,071e5cfa389c23c46da706288e06b6f3 f3419a2cad56dac06bfb5ba258a6f670
gju_a-28-1,,gju_a,28,duː,duː,d uː,,hindukush,,,^ d uː $,default,68eaeac3adde5d829ebc09e5a7b3c81b fe52584ec3ec2079c3280d8f8894aafb
gju_a-32-1,,gju_a,32,paːɳiː,paːɳiː,p aː ɳ iː,,hindukush,,,^ p aː ɳ iː $,default,ba322be5e4b52d9142f6c2d932a853e5 df307801e4e758e5df99c7a2a6c9702f
gju_a-36-1,,gju_a,36,ham,ham,h a m,,hindukush,,,^ h a m $,default,63324218839bcd08e4ee459a23295bc5 fca5c62bcd1d029933f9d317f24e85ef
gju_a-40-1,,gju_a,40,tuː,tuː,t uː,,hindukush,,,^ t uː $,default,277c481e2002931ded64ecda582fde44 0d7cefa2de7cc0d8ccf22015df2468dc
gju_p-1-1,,gju_p,1,rat,rat,r a t,,hindukush,,,^ r a t $,default,e065ac331c0e1ec7f32ddb31c53a7f57 2440331c061bc0757774bb21990bb983
gju_p-5-1,,gju_p,5,haɖiː,haɖiː,h a ɖ iː,,hindukush,,,^ h a ɖ iː $,default,642744e1407f0daa751725f7227cc27a 7c1367519d314d77fce81e3eda9def77
gju_p-9-1,,gju_p,9,sinu,sinu,s i n u,,hindukush,,,^ s i n u $,default,91f306297c67820626b46dd8eec8e0cb 53bb2b4c3f10c74b69295b4497d8cd08
gju_p-13-1,,gju_p,13,aː,aː,aː,,hindukush,,,^ aː $,default,64a8f55d168bd7bceb63b27bddf8316c 811bbaf6d1d5de0a07a3ab2388670e33
gju_p-17-1,,gju_p,17,mərnu,mərnu,m ə r n u,,hindukush,,,^ m ə r n u $,default,1b352554ced27c3d01229b7a9e4ac506 574960f8a20fe10060281420bda8d952
gju_p-21-1,,gju_p,21,kutːu,kutːu,k u tː u,,hindukush,,,^ k u tː u $,default,1164603e761a201638178c45d3b0bca6 e4c2f1ca5ed95a1116ec12ea1e644d30
gju_p-25-1,,gju_p,25,piːɳu,piːɳu,p iː ɳ u,,hindukush,,,^ p iː ɳ u $,default,88536e0f5661ee28045ff800c8daf705 22fd89d04b1f4adedfbf3929fa6c6b6b
gju_p-29-1,,gju_p,29,kan,kan,k a n,,hindukush,,,^ k a n $,default,00ec86ea87e10b98411b25d68cc5856b 51c79188380e8c9a850928997989d4fd
gju_p-33-1,,gju_p,33,akʰ,akʰ,a kʰ,,hindukush,,,^ a kʰ $,default,7781bd51a34aad8b4006750d7f9a5b22 e8d9c1d1458c939f13eb8444963cfa95
gju_p-37-1,,gju_p,37,ag,ag,a g,,hindukush,,,^ a g $,default,b3029e373caccb0a350acb2cd65cc7bf 7525919ed4d94780b5a95db45e7a8856
gju_p-2-1,,gju_p,2,mətɕʰːiː,mətɕʰːiː,m ə tɕʰː iː,,hindukush,,,^ m ə tɕʰː iː $,default,4d75dbde97edd0c1e5e2ade36235768d c6c0fbcf8f8e3b9f5c56840af7e342dd
gju_p-6-1,,gju_p,6,bʰareːwu,bʰareːwu,bʰ a r eː w u,,hindukush,,,^ bʰ a r eː w u $,default,67fb450157089281b12ad527893f0fc7 614171fb9cac64f8bed43b6ad43df5a2
gju_p-10-1,,gju_p,10,hatʰ,hatʰ,h a tʰ,,hindukush,,,^ h a tʰ $,default,4dc1a1466d9ce1c054a109ab58745c70 1f4b940b0104ebd3fe3bf6936fb741a6
gju_p-14-1,,gju_p,14,suɳːu,suɳːu,s u ɳː u,,hindukush,,,^ s u ɳː u $,default,351513e6ff89df7ef5b231035c2ace19 5b5e69afa8cd7e9ad77ca92e3fde5d2a
gju_p-18-1,,gju_p,18,siŋg,siŋg,s i ŋ g,,hindukush,,,^ s i ŋ g $,default,a4ea26225be5ddee246bc9b169ad457f 8ff99ee3fdfd319a98b609de76847876
gju_p-22-1,,gju_p,22,hũː,hũː,h ũː,,hindukush,,,^ h ũː $,default,57aeaad94d16f9ade4a1a6c8b92aa29b 0b9938495464225c91476cb736bdea38
gju_p-26-1,,gju_p,26,kuːɳi,kuːɳi,k uː ɳ i,,hindukush,,,^ k uː ɳ i $,default,b735ce3b5f0158fe1dfd420f36f35183 21b2ccd20fe56066914bcc1a12453c1e
gju_p-30-1,,gju_p,30,patːər,patːər,p a tː ə r,,hindukush,,,^ p a tː ə r $,default,818ed3da1002e757a5a935f32da00009 c9b70c7e7307f36734989241d974a0d2
gju_p-34-1,,gju_p,34,dʑigər,dʑigər,dʑ i g ə r,,hindukush,,,^ dʑ i g ə r $,default,76c7494f890254a5f17b9e8ffdaad5b6 b6291448be1119d3dc7d429f7da30845
gju_p-38-1,,gju_p,38,dʑũː,dʑũː,dʑ ũː,,hindukush,,,^ dʑ ũː $,default,0564c68d94fc9bc202c6669754245acd 612ef41d3814ab48482ae15718fd9751
gju_p-3-1,,gju_p,3,paːɽ,paːɽ,p aː ɽ,,hindukush,,,^ p aː ɽ $,default,cd7277743f61ee835798ee1527b9d2f0 b5a380b4287d481c055ccbef916edaa4
gju_p-7-1,,gju_p,7,nãː,nãː,n ãː,,hindukush,,,^ n ãː $,default,73f5d5c80f09d9911045d463718bc7b1 817300fb773a92cf8337de1221989f98
gju_p-11-1,,gju_p,11,noː,noː,n oː,,hindukush,,,^ n oː $,default,b22dcd94fac99f73149d149d69263780 b1c45837429e2186f6337a385d9cbfef
gju_p-15-1,,gju_p,15,raːt,raːt,r aː t,,hindukush,,,^ r aː t $,default,2e3b9c7ff963fdb2755c7860a546eddf 905bc932cefed050043ca7cfed95f226
gju_p-19-1,,gju_p,19,nak,nak,n a k,,hindukush,,,^ n a k $,default,8e9550220b2f85d64b8c1e913f37be16 6ede79d6b62ef677eb8ccd30af7dc6f4
gju_p-23-1,,gju_p,23,eːk,eːk,eː k,,hindukush,,,^ eː k $,default,a6786d542b3b4b41b2a0a1e68acac41a 03420bb3b1f30ee5ba25778ac63e1fd6
gju_p-27-1,,gju_p,27,rah,rah,r a h,,hindukush,,,^ r a h $,default,be1ab9b9b096027d184f46b41f666f39 ecb57322bf7b19a6ec16bfea4671ac44
gju_p-31-1,,gju_p,31,aːdmi,aːdmi,aː d m i,,hindukush,,,^ aː d m i $,default,95e0b749ce2c30bfcf0564e02bda4672 421114d93f510ff65b9b36f40fe61686
gju_p-35-1,,gju_p,35,deːkʰəɳu,deːkʰəɳu,d eː kʰ ə ɳ u,,hindukush,,,^ d eː kʰ ə ɳ u $,default,7a4f92fd1bfaeb81aff1a3dd074a2f0f 5f23430c093a8a58eb0e9ebfe5948ba8
gju_p-39-1,,gju_p,39,tɕamɽiː,tɕamɽiː,tɕ a m ɽ iː,,hindukush,,,^ tɕ a m ɽ iː $,default,94014119da0a6e02ec24587593032246 02e3005564ff40755b544842259adb40
gju_p-4-1,,gju_p,4,taːroː,taːroː,t aː r oː,,hindukush,,,^ t aː r oː $,default,3d5a68bc306b00c2fa8ef7fcfa5c0b4b acb5eddeba2924f7ad2e5b158cc7261b
gju_p-8-1,,gju_p,8,baʈːoː,baʈːoː,b a ʈː oː,,hindukush,,,^ b a ʈː oː $,default,eb1394655f8a94f67e01e648f51ad9b2 3c146bf82438ace1dde9743118013213
gju_p-12-1,,gju_p,12,dĩː,dĩː,d ĩː,,hindukush,,,^ d ĩː $,default,24e8448a3dae74145793704d1a773281 7eaa6e0572da2878455414674684aa51
gju_p-16-1,,gju_p,16,dʑiːb,dʑiːb,dʑ iː b,,hindukush,,,^ dʑ iː b $,default,aa7483d6ecc4caaf4d9338dcdf8ab75e 69843c7486326f6602d2e9efe05ae547
gju_p-20-1,,gju_p,20,dand,dand,d a n d,,hindukush,,,^ d a n d $,default,2b69b1e01eeef5fcdb5d470f94c1c815 1510413e7ec7a33b507df481a5f9c9a0
gju_p-24-1,,gju_p,24,buːʈoː,buːʈoː,b uː ʈ oː,,hindukush,,,^ b uː ʈ oː $,default,0fec5748380292c61748dabdf1bc499b 669e4e210dd0090f96f39e0191f2bfd5
gju_p-28-1,,gju_p,28,doː,doː,d oː,,hindukush,,,^ d oː $,default,943490adaec0e1679a4d66b32239bd7c e78163970f8cf171b8c888259f503fbb
gju_p-32-1,,gju_p,32,paːɳi,paːɳi,p aː ɳ i,,hindukush,,,^ p aː ɳ i $,default,fa1756b1f9dd8f832a8901f4e325efac 3b35dde8b73ee36a626af9177ac4d639
gju_p-36-1,,gju_p,36,ham,ham,h a m,,hindukush,,,^ h a m $,default,01c1973878e6ab0d581d3399f7206f90 dbabf418da12390d4513dc0d950961e2
gju_p-40-1,,gju_p,40,tu,tu,t u,,hindukush,,,^ t u $,default,edc9322467fc117c2dfa389a757a3afe c79b05d69ad12830623d859bb63b549c
hno-1-1,,hno,1,law,law,l a w,,hindukush,,,^ l a w $,default,c43cbcc0d679db8be13cb72e2a8d4759 ac877c5e3a37ca2662743f153226e886
hno-5-1,,hno,5,haɖi,haɖi,h a ɖ i,,hindukush,,,^ h a ɖ i $,default,49c7682aa7f59c1d24910703f2da54e9 888fd031136cc7a98723bba3f2577da0
hno-9-1,,hno,9,sina,sina,s i n a,,hindukush,,,^ s i n a $,default,09ab8f2b7f23a8049d1b11f28796e886 b22d2d7a4ca26ceb579317400fe8e34d
hno-13-1,,hno,13,ah,ah,a h,,hindukush,,,^ a h $,default,7cc77ab3d59a78d9080a44c17cfbe924 c6f73ff499d6d29cb49eba39ed61baaf
hno-17-1,,hno,17,mar,mar,m a r,,hindukush,,,^ m a r $,default,25afd0ccf829e30ea17eb194c46e9450 c3984affa6b5592c3b04d568bde4c9dd
hno-21-1,,hno,21,kʊta,kʊta,k ʊ t a,,hindukush,,,^ k ʊ t a $,default,a29312de51b4eae8293f23c42f55de21 6b34fd779eb412304399976b324386f6
hno-25-1,,hno,25,pi,pi,p i,,hindukush,,,^ p i $,default,f4a17d199552fa158893cdca070b5325 055ef1c1ec637fc63210c89ef3a2bbdc
hno-29-1,,hno,29,kan,kan,k a n,,hindukush,,,^ k a n $,default,bab3871e6422fa5e01dd9bbc3689b8ac c1dcad201f8c38255c8e2d535a7725fb
hno-33-1,,hno,33,akʰ,akʰ,a kʰ,,hindukush,,,^ a kʰ $,default,ad771c2ea58346b7ffe9de7a905bde4d 25c27574bc3eb1df9bc23882d96ebba6
hno-37-1,,hno,37,agə,agə,a g ə,,hindukush,,,^ a g ə $,default,fb7fba248ab0126fa57815a4c397c295 177e7137247e33b7b13018804b3e2065
hno-2-1,,hno,2,matɕʰi,matɕʰi,m a tɕʰ i,,hindukush,,,^ m a tɕʰ i $,default,93aa33631ba2225883f35cb8752e4ca5 54c4958daad38ec64b4c7c75ae51cc72
hno-6-1,,hno,6,pareːda,pareːda,p a r eː d a,,hindukush,,,^ p a r eː d a $,default,a8e4af20633e09556ed68870b2bda95c 23e7817630b013d12cf76f0ec7c02031
hno-10-1,,hno,10,hatʰ,hatʰ,h a tʰ,,hindukush,,,^ h a tʰ $,default,6c114341a12318723e713b25b8d7eefb 518c3d5dea6ab8f00caa36a46a072935
hno-14-1,,hno,14,suɳ,suɳ,s u ɳ,,hindukush,,,^ s u ɳ $,default,f0a38a1a6f6e85c9fa368b750f37aaf0 18fdb4f46d574dd48b4aea728ec0ceb5
hno-18-1,,hno,18,siŋg,siŋg,s i ŋ g,,hindukush,,,^ s i ŋ g $,default,c7623c59a0ccf105965e3ff046ef791d 6db48d7c435cec39050719c09811b100
hno-22-1,,hno,22,mẽː,mẽː,m ẽː,,hindukush,,,^ m ẽː $,default,996b612b8473629a8f6bfb764949761a 5f9d028b5757bc5b62cbd4e729562d46
hno-26-1,,hno,26,goɖa,goɖa,g o ɖ a,,hindukush,,,^ g o ɖ a $,default,0596add706df726876ff4577c50c0b73 a50e7ebcfe268c2f5fbe9a1848da6fa2
hno-30-1,,hno,30,pater,pater,p a t e r,,hindukush,,,^ p a t e r $,default,0e950231d34203064f86bc55395013e7 1fca79d97fc47502a33d180b5aca0678
hno-34-1,,hno,34,dʑigər,dʑigər,dʑ i g ə r,,hindukush,,,^ dʑ i g ə r $,default,49ee98610e1a0246ec8332218473b628 1a7702b57079e74fe29fbd0914848a11
hno-38-1,,hno,38,dʑũː,dʑũː,dʑ ũː,,hindukush,,,^ dʑ ũː $,default,a778fc8e0521124362f23a6ce0def225 0121b24f518174b2662b7dce40ed8da7
hno-3-1,,hno,3,ʈaka,ʈaka,ʈ a k a,,hindukush,,,^ ʈ a k a $,default,7be54a8f7213cc9898174be4608751cd 572d0fdddae95dc9286435de35a9985a
hno-7-1,,hno,7,nãː,nãː,n ãː,,hindukush,,,^ n ãː $,default,638764ff0a003a1134c9b39a570bbd62 669d6dd9b8f333a16c4b0c53a98d9d7b
hno-11-1,,hno,11,nama,nama,n a m a,,hindukush,,,^ n a m a $,default,6482b4f33323757fe1b0aab7c4034005 bd96a749378e685d8afc1ce30cc33b3e
hno-15-1,,hno,15,raːt,raːt,r aː t,,hindukush,,,^ r aː t $,default,9d840ac868bd982a00339ecf6ed6d3bc f1e8d893942669046e843aa1cb8ede6d
hno-19-1,,hno,19,nak,nak,n a k,,hindukush,,,^ n a k $,default,818c4f7b6ab743ae85ccfc1bafaab423 713da5efc39cbe70d6f4095fca523ab8
hno-23-1,,hno,23,hek,hek,h e k,,hindukush,,,^ h e k $,default,22ea185868342f46e77cf99df05db86a 8fc0f80f0e0111491924c8f398a92f72
hno-27-1,,hno,27,ra,ra,r a,,hindukush,,,^ r a $,default,0d7dc1994bacae3a446e0d3b82c695ee 11148177d866436dfe4843562bcca7ea
hno-31-1,,hno,31,admiː,admiː,a d m iː,,hindukush,,,^ a d m iː $,default,ffb78bbb846118c93bcdf14bef399c12 47ec0499b23e3a38cd99e7e8e2ba2755
hno-35-1,,hno,35,deːχ,deːχ,d eː χ,,hindukush,,,^ d eː χ $,default,d89bbdbbb349d7c2cf89ab9cf00de6f3 c2f3a3a3f58c6568240c67221a78e297
hno-39-1,,hno,39,dʑamɽaː,dʑamɽaː,dʑ a m ɽ aː,,hindukush,,,^ dʑ a m ɽ aː $,default,d5340fb46d89cdc408db0a6592707e94 0dfefc8892d0957204cc3b9420e51ff4
hno-4-1,,hno,4,taːra,taːra,t aː r a,,hindukush,,,^ t aː r a $,default,79d4cd023c5c63cfb0b55dfc37c77ac8 eee84fccf8c8a185ed8b46bff8b2db79
hno-8-1,,hno,8,baʈa,baʈa,b a ʈ a,,hindukush,,,^ b a ʈ a $,default,71251dae506f4eed210e784160f8d276 c9a5fa615de583baedbb55bccd1252ca
hno-12-1,,hno,12,dĩː,dĩː,d ĩː,,hindukush,,,^ d ĩː $,default,b3d4d545bf9732923e0f9d3833714674 5a04b72e49910f8be333725669d0d0fd
hno-16-1,,hno,16,dʑiːb,dʑiːb,dʑ iː b,,hindukush,,,^ dʑ iː b $,default,c948b1f106f44d5f7891d303cece38b0 213c61a0674aaab9bb109121e0b16e83
hno-20-1,,hno,20,dand,dand,d a n d,,hindukush,,,^ d a n d $,default,c538473f5eb92b5957f060ef8386981d 23268f29ac4d0019313f32fe7da780cd
hno-24-1,,hno,24,buːʈa,buːʈa,b uː ʈ a,,hindukush,,,^ b uː ʈ a $,default,41e9d9253c5f8fa5e58038c2267504f9 df9c89d88105662ea9beae996aa24e85
hno-28-1,,hno,28,doː,doː,d oː,,hindukush,,,^ d oː $,default,2a81adf685528e84e10cbeba86e80480 63d5aff4add9fb1781574cb6810ba927
hno-32-1,,hno,32,pãːɳĩː,pãːɳĩː,p ãː ɳ ĩː,,hindukush,,,^ p ãː ɳ ĩː $,default,4a24ae3c45564b07d267b0d3427a1dc5 4bcf6e9bc20414ddc8a2e8324732b39b
hno-36-1,,hno,36,asĩː,asĩː,a s ĩː,,hindukush,,,^ a s ĩː $,default,dbadc557410547e0288dc7504fe11f1f ac5131a5d5010fbf48f5c68ab74e1663
hno-40-1,,hno,40,"tuː, tusĩː",tuː,t uː,,hindukush,,,^ t uː $,default,97ad7e1ffec9c86ac75a32f2dfbe3bb8 29254f95288eed839e2a953f5a500371 8e77111f1577db47ffbf1021f5414c5b d43be5336eccc0f71340fa91cc001370
hno-40-2,,hno,40,"tuː, tusĩː",tusĩː,t u s ĩː,,hindukush,,,^ t u s ĩː $,default,97ad7e1ffec9c86ac75a32f2dfbe3bb8 29254f95288eed839e2a953f5a500371 8e77111f1577db47ffbf1021f5414c5b d43be5336eccc0f71340fa91cc001370
mvy-1-1,,mvy,1,raːt,raːt,r aː t,,hindukush,,,^ r aː t $,default,1c057b2b98d45643e0adb51b7937899c 5c3e3031eedfb66cb947d10af5f08f59
mvy-5-1,,mvy,5,haːɽ,haːɽ,h aː ɽ,,hindukush,,,^ h aː ɽ $,default,ccc9d21d8e0bd02cd4ae2b3503509608 f1bdf637c9b29d17cadd9970cb0a6018
mvy-13-1,,mvy,13,ijũː,ijũː,i j ũː,,hindukush,,,^ i j ũː $,default,02bd02c14087495070aabf836ace7ee8 c886516a1cae8469cb96bbff777f46b3
mvy-17-1,,mvy,17,marilɛ,marilɛ,m a r i l ɛ,,hindukush,,,^ m a r i l ɛ $,default,bcae1b2acc806857f6f20277e41aa36f 0861d3b65cbe82428da4fc5ebf5dad72
mvy-21-1,,mvy,21,kutsʉrə,kutsʉrə,k u ts ʉ r ə,,hindukush,,,^ k u ts ʉ r ə $,default,b90c90c5a5f288f17a92e26bc0ac4f0f f8b1d3dc8db418ca7cc562495d500440
mvy-25-1,,mvy,25,põː,põː,p õː,,hindukush,,,^ p õː $,default,2a3a3081dbfe19865652bdf47da82ad1 3d445833533e9c39f0abe733897db868
mvy-29-1,,mvy,29,kãːɽ,kãːɽ,k ãː ɽ,,hindukush,,,^ k ãː ɽ $,default,df10ee8ae69ddb581803bf8ce4402a97 8dc4dcab68cd4588650d0dce9d3c4ac8
mvy-33-1,,mvy,33,ãːẽʈʂʰ,ãːẽʈʂʰ,ãː ẽ ʈʂʰ,,hindukush,,,^ ãːẽ ʈʂʰ $,default,15455afae023e8b119e00c5b1db5a156 8d985ed0f8e14fad38e7e693b5941b99
mvy-37-1,,mvy,37,aŋgaːr,aŋgaːr,a ŋ g aː r,,hindukush,,,^ a ŋ g aː r $,default,9759782e6ef53be4fec2a1126bf8aa7a 8120b92081f37f1cdcfcb7925fc6721c
mvy-2-1,,mvy,2,tsʰimə,tsʰimə,tsʰ i m ə,,hindukush,,,^ tsʰ i m ə $,default,aabecbe5c1714c33211dd5aa8bdee781 1e27d2b2d7bc22eb9f8ebd51c30e96e6
mvy-6-1,,mvy,6,punseːl,punseːl,p u n s eː l,,hindukush,,,^ p u ns eː l $,default,cba6865ab9c4fa9d3370a5b3be34515d 9c58311733788f739677d3fd6179633b
mvy-10-1,,mvy,10,haː,haː,h aː,,hindukush,,,^ h aː $,default,c8ca06ec7a2731bbb48819c3cde31f12 1ac216de83f5623e94c60d1a02ce83f7
mvy-14-1,,mvy,14,ʂũwũ,ʂũwũ,ʂ ũ w ũ,,hindukush,,,^ ʂ ũ w ũ $,default,efbdde20f87b4aa4991bfbbe803859d5 bf1f9baf0d82a8d40c616079b2ffc291
mvy-18-1,,mvy,18,ʂĩːŋg,ʂĩːŋg,ʂ ĩː ŋ g,,hindukush,,,^ ʂ ĩː ŋ g $,default,5238e9b211f1f78af4f22f0d538175d9 dfbf9d2aea7c5a785dd801caaa48fb64
mvy-22-1,,mvy,22,mah,mah,m a h,,hindukush,,,^ m a h $,default,49af0920303acfc22c192c40b94b6816 536ee5bd50d3e6899cc9a3bb539053f8
mvy-26-1,,mvy,26,kuːʈʰ,kuːʈʰ,k uː ʈʰ,,hindukush,,,^ k uː ʈʰ $,default,d27072af4602a3e1d3cb19b10f71f15f 8f37e2d8fc6cf604cfce314ec74863b4
mvy-30-1,,mvy,30,pãɽə,pãɽə,p ã ɽ ə,,hindukush,,,^ p ã ɽ ə $,default,695f8f9eb7d94a22534a8f9cbc490d8b 46bba90a80a834af47aa98a6fc37b81b
mvy-34-1,,mvy,34,ɕuːr,ɕuːr,ɕ uː r,,hindukush,,,^ ɕ uː r $,default,ce58725bd50d783c816a9063dea18855 e7526d5de61bbf51e888c69ae025a873
mvy-38-1,,mvy,38,zoĩː,zoĩː,z o ĩː,,hindukush,,,^ z oĩː $,default,1ab686eddabffa99d01baa9ca00c9ae7 cceb17ab876a69b105588f979e110fa7
mvy-3-1,,mvy,3,kʰaːn,kʰaːn,kʰ aː n,,hindukush,,,^ kʰ aː n $,default,85695783b077c413655bf799394b946b 6efec8b389fd8c35778a719d3372a03b
mvy-7-1,,mvy,7,nãː,nãː,n ãː,,hindukush,,,^ n ãː $,default,fb6920df6d06f4aa39893e94bd7f8137 df1b31bf7cf026ab8122152ecfa510e2
mvy-11-1,,mvy,11,nãõ,nãõ,n ã õ,,hindukush,,,^ n ãõ $,default,09291477284bc7e090c393ae86cbdbde 0c7680d4df2141a12abaecd296f70004
mvy-15-1,,mvy,15,raːl,raːl,r aː l,,hindukush,,,^ r aː l $,default,cf7d5e9b188c8b260f2e0f3007477494 9ed7d5da936cd89c467e9fa84327a2f6
mvy-19-1,,mvy,19,natʰuːr,natʰuːr,n a tʰ uː r,,hindukush,,,^ n a tʰ uː r $,default,9b9d49883270cfd8d3972f1fa90630b7 a12922be5b42ae098da10e2330aa4594
mvy-23-1,,mvy,23,ek,ek,e k,,hindukush,,,^ e k $,default,2f73cd2ba44401802d9f72651076d753 6d5c365fd6616c31b98c554145e6a89c
mvy-27-1,,mvy,27,pãːd,pãːd,p ãː d,,hindukush,,,^ p ãː d $,default,aab35a15d96e0897a64489169dc57255 4a4bc20a8a9e4dcc99419198fa4aca8b
mvy-31-1,,mvy,31,mãːʂ,mãːʂ,m ãː ʂ,,hindukush,,,^ m ãː ʂ $,default,f19f8ecd558ce0f2e83d431397acf2ba fbbde9ddd272933f3ad8f3cb737151ac
mvy-35-1,,mvy,35,nʰaːlũː,nʰaːlũː,nʰ aː l ũː,,hindukush,,,^ nʰ aː l ũː $,default,8e0840b99f11d8cdabd8ed45f3dced34 b3912527e9f587ebb53cec9507a6376b
mvy-39-1,,mvy,39,tsaːm,tsaːm,ts aː m,,hindukush,,,^ ts aː m $,default,6bcf6b74f8dc6036cfbf3208e2747633 74c7538843eb9fd6a598c568e40339b2
mvy-4-1,,mvy,4,taːr,taːr,t aː r,,hindukush,,,^ t aː r $,default,f99efbda1a19325db79cd020d8e62ace 3954125192b53dece1f76a8577d78ca6
mvy-8-1,,mvy,8,baːʈ,baːʈ,b aː ʈ,,hindukush,,,^ b aː ʈ $,default,98856a3aab698c42d32fae370c69173a b0a44be71a45a33b411a23e82eef2fbe
mvy-12-1,,mvy,12,sʉːri,sʉːri,s ʉː r i,,hindukush,,,^ s ʉː r i $,default,2124b0ba669e04ad6679cfccc23cee7c c1840e23162bec82ab2a3697e44630c9
mvy-16-1,,mvy,16,ziːb,ziːb,z iː b,,hindukush,,,^ z iː b $,default,7376952a9e9fc46ca650e975ebd0af6c 4ce0ee9813febca94410ec9bcc7f10a1
mvy-20-1,,mvy,20,daːn,daːn,d aː n,,hindukush,,,^ d aː n $,default,013c47228f51343f926b90ade75e6a71 c976df8470df8204ec57c9f3a7447da6
mvy-24-1,,mvy,24,gai,gai,g ai,,hindukush,,,^ g ai $,default,1fbe71d197c32cf61bff158d518a1445 15c0a0ae5f01c23e497b0b0c984d1315
mvy-28-1,,mvy,28,duː,duː,d uː,,hindukush,,,^ d uː $,default,5eac08a33c673a58f55c9513b516f79f 7b57a488ac1af4b63b3430d38b0d4ac0
mvy-32-1,,mvy,32,wiː,wiː,w iː,,hindukush,,,^ w iː $,default,a7117c5090effb226c9cf7d717bc4b49 daecc479d8de7c9de31a0e9741d26745
mvy-36-1,,mvy,36,be,be,b e,,hindukush,,,^ b e $,default,b786a6888d37a6092770c109d4c7891b 2d9ce6b796cbd5e29ed759bc27f1aadd
mvy-40-1,,mvy,40,tus,tus,t u s,,hindukush,,,^ t u s $,default,6412f12e0cce30bb14db33ac7b34e71b 0acbd5846ab342ad73af2caa7d278263
isk-1-1,,isk,1,weːn,weːn,w eː n,,hindukush,,,^ w eː n $,default,39fba4898198ef48013efe2ef6fe2bc2 31c9c71b23cb67ca157c071d289f9271
isk-5-1,,isk,5,wastuk,wastuk,w a s t u k,,hindukush,,,^ w a s t u k $,default,1f295d90c3d874c5eb371a51fc66bfb0 c51224df2ead655eb392e38f9ed56bed
isk-9-1,,isk,9,dʒidʒi,dʒidʒi,dʒ i dʒ i,,hindukush,,,^ dʒ i dʒ i $,default,e2df761c7e2879f009577cdafbb0c9a3 4e35937e7689e1d0862c5c9f3cb45198
isk-13-1,,isk,13,ɑːʁad,ɑːʁad,ɑː ʁ a d,,hindukush,,,^ ɑː ʁ a d $,default,4c208102ae37496547fe595a33187e4b fa9c7a4ee14873da3a16874716693b92
isk-17-1,,isk,17,məl,məl,m ə l,,hindukush,,,^ m ə l $,default,5b039c7895093aa96bfb86b159ed9d18 51f4a588e087acd2a89d15a4abe595d6
isk-21-1,,isk,21,kət,kət,k ə t,,hindukush,,,^ k ə t $,default,0b8bcb2e7785970226fa13ce821a0ca0 b2d46ec978bf540ce2da2709ada28b27
isk-25-1,,isk,25,pəvd,pəvd,p ə v d,,hindukush,,,^ p ə v d $,default,2b277a2ae9ad74a3716a946cc62c1a8b 5168ca92a2de0f591b5bcf6c0207a6cc
isk-29-1,,isk,29,ʁuːl,ʁuːl,ʁ uː l,,hindukush,,,^ ʁ uː l $,default,bcb256cfe6a46ab26a08034dbbeb2bfd 823a8c0c6f5b5a9780c8e36675e55a81
isk-33-1,,isk,33,tsɑːm,tsɑːm,ts ɑː m,,hindukush,,,^ ts ɑː m $,default,4785376c0aafce5fb455e8993ed42dd8 95ba7a0dbaf5548b234ddf31fc8990bd
isk-37-1,,isk,37,rəʃneː,rəʃneː,r ə ʃ n eː,,hindukush,,,^ r ə ʃ n eː $,default,daf240a834da864b6b5bbbec0d250e3d b1fc6cd27453bd0176f8dd0f51acd21d
isk-2-1,,isk,2,maːi,maːi,m aːi,,hindukush,,,^ m aːi $,default,3585936422633b8d3fb25e4657e583b8 f6cdef146df091150c2bd513bbdccc7b
isk-6-1,,isk,6,"faj, jɑːlip",faj,f a j,,hindukush,,,^ f a j $,default,3c88e24efbcae4ea0397efd2ac7b4b34 2d4f717401952c0dfa9fda9091e23ea8 ef20634935a47a5b348050daec0af020 baa779bf76524b499604e4132fdd2343
isk-6-2,,isk,6,"faj, jɑːlip",jɑːlip,j ɑː l i p,,hindukush,,,^ j ɑː l i p $,default,3c88e24efbcae4ea0397efd2ac7b4b34 2d4f717401952c0dfa9fda9091e23ea8 ef20634935a47a5b348050daec0af020 baa779bf76524b499604e4132fdd2343
isk-10-1,,isk,10,dust,dust,d u s t,,hindukush,,,^ d u s t $,default,c654209f1e73f55127dfb34ce11c622f cd5779f80cce1d57064687b8e041d863
isk-14-1,,isk,14,apaχt,apaχt,a p a χ t,,hindukush,,,^ a p a χ t $,default,f346936895c3c028dbd0dbd4d20c1f62 360cf7f75d00d76130dab679b94dbc91
isk-18-1,,isk,18,ʃɔχ,ʃɔχ,ʃ ɔ χ,,hindukush,,,^ ʃ ɔ χ $,default,0e868be10205c4c7d89c3368bb44e036 3640c7ec1b1a1d85679f3e287568abef
isk-22-1,,isk,22,azəm,azəm,a z ə m,,hindukush,,,^ a z ə m $,default,2ef4e3b7a149b784d25df80a19b7c648 e6a6f83a52d157480b53760f3f9ba93c
isk-26-1,,isk,26,zaŋg,zaŋg,z a ŋ g,,hindukush,,,^ z a ŋ g $,default,52469b02ace128b1dd946274076a96e2 864760c816a58d26484651ae4c1b74e1
isk-30-1,,isk,30,barg,barg,b a r g,,hindukush,,,^ b a r g $,default,86dd082eb81d6445af3f6001aae139d6 9f2765f439f41c45afb5a18c783d6d24
isk-34-1,,isk,34,dʒɪgar,dʒɪgar,dʒ ɪ g a r,,hindukush,,,^ dʒ ɪ g a r $,default,064f99c9f766aefbeafe19bd71059f79 d150b99b4f200bccb8067b0ff33c819a
isk-38-1,,isk,38,sfəl,sfəl,s f ə l,,hindukush,,,^ s f ə l $,default,0ce75f9daac690e8fc504652299f7319 7f32b21de814d435664ba980f3c96959
isk-3-1,,isk,3,ɑlaχ,ɑlaχ,ɑ l a χ,,hindukush,,,^ ɑ l a χ $,default,f2c9d46df5ec172c9d286908eff37c96 b782a0d09179736046e4faeff140c6a6
isk-7-1,,isk,7,niːm,niːm,n iː m,,hindukush,,,^ n iː m $,default,001d3d2b3c79751184f940f471ef9be7 83df6a42a37609e4be3e524ac527bf10
isk-11-1,,isk,11,naw,naw,n a w,,hindukush,,,^ n a w $,default,21b0ba3146c31adc745b1764c02f1304 981092fc9134c0cd856e362388aac234
isk-15-1,,isk,15,ʃab,ʃab,ʃ a b,,hindukush,,,^ ʃ a b $,default,f9a1f3e8594c8c9bd67d10b8cdd54fd1 45c6ed8889d464ae9c97a4f1ff3dbd1b
isk-19-1,,isk,19,nets,nets,n e ts,,hindukush,,,^ n e ts $,default,5132ae4c172e8e26451382c8ae6f4785 d41d980a67205fb4fd2242d9d88e712e
isk-23-1,,isk,23,wɔk,wɔk,w ɔ k,,hindukush,,,^ w ɔ k $,default,3b4c88b0b802d0efce1816af153e5248 df645c12153567faff151ff1ee6ef682
isk-27-1,,isk,27,ʃɑːval,ʃɑːval,ʃ ɑː v a l,,hindukush,,,^ ʃ ɑː v a l $,default,54e2531ecf7b184814a2d2328af3101a e793d24c70e88d294631b67c5cff6f02
isk-31-1,,isk,31,ʃaχs,ʃaχs,ʃ a χ s,,hindukush,,,^ ʃ a χs $,default,20e4f51b682a1590d0edd71dec631cab 55672eeecdd1c70cea3ce51f51c61f29
isk-35-1,,isk,35,wiːnd,wiːnd,w iː n d,,hindukush,,,^ w iː n d $,default,fdad8e3b3a86afbd624912a9d3caff2a de596d9562a31e83831d81246ee4d0f6
isk-39-1,,isk,39,krust,krust,k r u s t,,hindukush,,,^ k r u s t $,default,e01512f90e2a2fe958e6a0c837a20179 fe49d69999687e0c9878f51d11b083ff
isk-4-1,,isk,4,stɑra,stɑra,s t ɑ r a,,hindukush,,,^ s t ɑ r a $,default,056b9378ad1b1878852cb4e569a8894f c1a8559425862347503ae80b97a3331f
isk-8-1,,isk,8,soŋg,soŋg,s o ŋ g,,hindukush,,,^ s o ŋ g $,default,a3ceb3507c0a691f3b84fd9acfda5b3b 3d293d574c317d41cf65b3cb2663a970
isk-12-1,,isk,12,rejmuzd,rejmuzd,r e j m u z d,,hindukush,,,^ r e j m u z d $,default,18928e305f02acacd9a8cbc39713115c 4cab774eee67ea34c9196a47a2967c13
isk-16-1,,isk,16,zəvuk,zəvuk,z ə v u k,,hindukush,,,^ z ə v u k $,default,137178efa5748404c2bffb5ee4e926b6 214e5036f3e520fb5718147402f7bbe4
isk-20-1,,isk,20,dɑːnd,dɑːnd,d ɑː n d,,hindukush,,,^ d ɑː n d $,default,b74efd9d2efb7aae6b4fe44165a80f8b e59b9cf6bd5d312e415364ca0137fb86
isk-24-1,,isk,24,draχt,draχt,d r a χ t,,hindukush,,,^ d r a χ t $,default,6a6c32677402b66c4b88a3f752749ff4 12f6435bf32f2da2d91d3cc1055484bb
isk-28-1,,isk,28,duː,duː,d uː,,hindukush,,,^ d uː $,default,144a99a03bab87cbc0166dfd64356d4f d6c52c74e291c761c3d95593f85b6e22
isk-32-1,,isk,32,veːk,veːk,v eː k,,hindukush,,,^ v eː k $,default,eb141e3926b1be2c4e5379601805f2fd e1b36cf87d1a9543333254cc45bd083f
isk-36-1,,isk,36,dʒək,dʒək,dʒ ə k,,hindukush,,,^ dʒ ə k $,default,6e65be48fc8c96e455d779feab0f95dd 9c39cd0674f684f471b48196dacffdff
isk-40-1,,isk,40,"ta, fak",ta,t a,,hindukush,,,^ t a $,default,34b9379b72c47c3223b5c22a0216f84c 0b58fbb96de77fd4d713dc900e0a6343 3e82e0f165d6edbfea63d3d197150c7f aebfbe4995c97388858494b3f9fc2d56
isk-40-2,,isk,40,"ta, fak",fak,f a k,,hindukush,,,^ f a k $,default,34b9379b72c47c3223b5c22a0216f84c 0b58fbb96de77fd4d713dc900e0a6343 3e82e0f165d6edbfea63d3d197150c7f aebfbe4995c97388858494b3f9fc2d56
kls-1-1,,kls,1,lui,lui,l u i,,hindukush,,,^ l ui $,default,326484957d8682d95961cd8cf784c7dc 33c0819e7512e8c2a672646ab4be9989
kls-5-1,,kls,5,aʈʰi,aʈʰi,a ʈʰ i,,hindukush,,,^ a ʈʰ i $,default,8a1a88e854e2545722839d9eae37690b bd5c64acbc780ce061180c5357fb1297
kls-9-1,,kls,9,paːs,paːs,p aː s,,hindukush,,,^ p aː s $,default,0180212004dd5226657f61c5ea7df299 2da35e4b148d61ec1ef2df18d77f3238
kls-13-1,,kls,13,ik,ik,i k,,hindukush,,,^ i k $,default,66b56715f6bf083a436ae828d403d242 402e02d7f62e830dff8d3f6a85f5db1f
kls-17-1,,kls,17,anaːɕaw,anaːɕaw,a n aː ɕ a w,,hindukush,,,^ a n aː ɕ a w $,default,5a0eff03dfd95aa6a6d542c87db36973 90a1d1085a4cc0d7c0cc65e47a04e514
kls-21-1,,kls,21,ɕõ˞ a,ɕõ˞_a,ɕ õ˞ + a,,hindukush,,,^ ɕ õ˞ _ a $,default,9ab6d715b50cd79bea48b0555d6020f1 4cae371bac74356c64be87c90cba030f
kls-25-1,,kls,25,pik,pik,p i k,,hindukush,,,^ p i k $,default,a1e1523a2eafd17bc0d2ec814d99014c 4061ebdee1fed8af29b46873827e7233
kls-29-1,,kls,29,kɔ̃˞,kɔ̃˞,k ɔ̃˞,,hindukush,,,^ k ɔ̃˞ $,default,d3c4a3d593725bd90fdc8f483aa38b35 e60fb19df98c2d02171acd557d99e9bf
kls-33-1,,kls,33,ejtɕ,ejtɕ,e j tɕ,,hindukush,,,^ e j tɕ $,default,757d374089c8bc0ea398d68a5d61641d e8ebdf637bd1d68a00e78e494585f78e
kls-37-1,,kls,37,aŋgaːr,aŋgaːr,a ŋ g aː r,,hindukush,,,^ a ŋ g aː r $,default,b12a25686b437e5b1361df400c065897 776746616edcd8542a8134e493053c3c
kls-2-1,,kls,2,matsʰi,matsʰi,m a tsʰ i,,hindukush,,,^ m a tsʰ i $,default,df2abcbe4a662087b93569d66ae8cfe8 087f5a0e31f40968739725e20208c4a1
kls-6-1,,kls,6,puːri,puːri,p uː r i,,hindukush,,,^ p uː r i $,default,9b5e2b39edf2f22e71e07a6313d532b2 b44fd269ed05477f2f6cf11ad41f01e5
kls-10-1,,kls,10,baza,baza,b a z a,,hindukush,,,^ b a z a $,default,f1f8ace0941566cafb39f195b69183cf 29b2412d538d98af616cdc5e04856b33
kls-14-1,,kls,14,kɔ̃˞ karik,kɔ̃˞_karik,k ɔ̃˞ + k a r i k,,hindukush,,,^ k ɔ̃˞ _ k a r i k $,default,3011e3e18bc0da2ecb3a20cdcac027b0 7f56350144fab7894eebfa711d34f770
kls-18-1,,kls,18,ʂiːŋɡ,ʂiːŋɡ,ʂ iː ŋ g,,hindukush,,,^ ʂ iː ŋ ɡ $,default,1612ecfbfdfd4442f9d6413df30b0c32 f050ad6e531ab9d89679f590a2f26d46
kls-22-1,,kls,22,ah,ah,a h,,hindukush,,,^ a h $,default,de1753e90e7d349eede3adec4edfceae cf340145b26e437a11f06aa46d51d7f1
kls-26-1,,kls,26,ɖʰeŋk kuɕuruk,ɖʰeŋk_kuɕuruk,ɖʰ e ŋ k + k u ɕ u r u k,,hindukush,,,^ ɖʰ e ŋ k _ k u ɕ u r u k $,default,af0c3cfe29d9c3d0e8ff795cfa25c0ac 7ad10c2c6fe4c7167ebe1ea0d430ae5b
kls-30-1,,kls,30,pɔ̃˞,pɔ̃˞,p ɔ̃˞,,hindukush,,,^ p ɔ̃˞ $,default,98e3b477895a21801dbea6b32c46e03c 52f3ed9be1a29e84929a5221f35a8e5c
kls-34-1,,kls,34,ʑæŋgu,ʑæŋgu,ʑ æ ŋ g u,,hindukush,,,^ ʑ æ ŋ g u $,default,2d5e45b9b7650de583d856c449a2f123 4ccc519790374eab843944403a5cb286
kls-38-1,,kls,38,dʑuk,dʑuk,dʑ u k,,hindukush,,,^ dʑ u k $,default,fd71048354dbad7b52ba8a6fc512c179 dec8bb5c58cebc00cbd2d1ead2239dad
kls-3-1,,kls,3,dẽːta,dẽːta,d ẽː t a,,hindukush,,,^ d ẽː t a $,default,d1214f2c586fdda2993f8a8364fa2321 d776af3c8b14bd9147571043666802b0
kls-7-1,,kls,7,nom,nom,n o m,,hindukush,,,^ n o m $,default,077aa2d27723026bdf735c28044cba67 06ac59371fdccc7d4ceb38af1e8ff571
kls-11-1,,kls,11,no˞a,no˞a,n o˞ a,,hindukush,,,^ n o˞a $,default,6956c3587c966b723bb8e9ec4adab7a3 e701ded822272651c362996c1576a0a0
kls-15-1,,kls,15,troːmiɕ,troːmiɕ,t r oː m i ɕ,,hindukush,,,^ t r oː m i ɕ $,default,bef77235cfeff52d3be3d65835b419d5 3ec7d258efa85f8d5f103876dbf4f38e
kls-19-1,,kls,19,nas,nas,n a s,,hindukush,,,^ n a s $,default,b5aad433b9e76b576eae091288a6635e 1748aa28748e69cfeb864013fde68d88
kls-23-1,,kls,23,ek,ek,e k,,hindukush,,,^ e k $,default,19eefa8fb8fadc26d2beb25b5fad9bd0 cbd9e9e3712d7fde023ac85af42cb680
kls-27-1,,kls,27,pʰond,pʰond,pʰ o n d,,hindukush,,,^ pʰ o n d $,default,9d0ce4975dd8003e264171f601dc917d a70d04c644c51c829b13fcd46257aaa1
kls-31-1,,kls,31,motɕ,motɕ,m o tɕ,,hindukush,,,^ m o tɕ $,default,96457f0fd0cd23883d5b23f5fd1620e1 cc43f04a149553ab75bcc0c45509cbe2
kls-35-1,,kls,35,dʑagek,dʑagek,dʑ a g e k,,hindukush,,,^ dʑ a g e k $,default,2c36fe149a08d641071a216163f1992d eb1fd708397102f46f2b8adb92ab4928
kls-39-1,,kls,39,pʰost,pʰost,pʰ o s t,,hindukush,,,^ pʰ o s t $,default,2ee414762dbd0b6fa40c62b0b99e5fa1 b4dbf428c2f1dd2795fc66fe98c510d5
kls-4-1,,kls,4,taːri,taːri,t aː r i,,hindukush,,,^ t aː r i $,default,d1ee4c4915198baebc74664cd1ca7dfb 96657bbd6f76b916647b6dcf95fce67f
kls-8-1,,kls,8,bat,bat,b a t,,hindukush,,,^ b a t $,default,b8a5ee1d7b8b2efc0163366e3ddd06a0 122e356b5763e2e9fbab7f6bae820ddc
kls-12-1,,kls,12,suːri,suːri,s uː r i,,hindukush,,,^ s uː r i $,default,d4440b3bd75b2f1657bbabe6e9cc8376 2a2b14d0642d33712e954927c4a77358
kls-16-1,,kls,16,dʑip,dʑip,dʑ i p,,hindukush,,,^ dʑ i p $,default,087e1780fd440542262983cd240448b9 28a5d90ab84916098b9669399708fd16
kls-20-1,,kls,20,dando˞jak,dando˞jak,d a n d o˞ j a k,,hindukush,,,^ d a n d o˞ j a k $,default,736a2777e4597d6f1285cc93591bbb17 17e1d2f27bfd91ed5e28669032156b37
kls-24-1,,kls,24,muʈ,muʈ,m u ʈ,,hindukush,,,^ m u ʈ $,default,d4f5c763ede03f4008418971e8c85f0e 65445e886d9b7f060747cdda728c00de
kls-28-1,,kls,28,du,du,d u,,hindukush,,,^ d u $,default,6edf2288f5dcaac86920374412c31935 ed6d721d947ccf98c11fde691c3c7186
kls-32-1,,kls,32,uk,uk,u k,,hindukush,,,^ u k $,default,fb51f8a52b68091e8c77f127fb256f77 9788b90f52c3b6cb4a0d0f5fcd58f13c
kls-36-1,,kls,36,aːbi,aːbi,aː b i,,hindukush,,,^ aː b i $,default,60d01dd46846d33da78c5d01aaa95ce1 d029a5e295122f16b7a7d625a56f3c54
kls-40-1,,kls,40,"tu, taj",tu,t u,,hindukush,,,^ t u $,default,2aca4d0ebb33be9fba95cf47afffcd98 d934966f9b7d871a5a1b0f55ab7b47b4 ba0da67608eb34f80e832566fea41714 39afcf2935fb5cb7e25e352dc1fd3ecd
kls-40-2,,kls,40,"tu, taj",taj,t a j,,hindukush,,,^ t a j $,default,2aca4d0ebb33be9fba95cf47afffcd98 d934966f9b7d871a5a1b0f55ab7b47b4 ba0da67608eb34f80e832566fea41714 39afcf2935fb5cb7e25e352dc1fd3ecd
xka-1-1,,xka,1,rɑːt,rɑːt,r ɑː t,,hindukush,,,^ r ɑː t $,default,cafeb4546ed421ea25c04e9d48a0b22a 6c58bb20a2bd77968af9583f1685c50b
xka-5-1,,xka,5,ɑɽ,ɑɽ,ɑ ɽ,,hindukush,,,^ ɑ ɽ $,default,38c187152e702cf90e1b552caeea498b 1a9e294e08579127fb6263af11dffc97
xka-9-1,,xka,9,tɕitɕ,tɕitɕ,tɕ i tɕ,,hindukush,,,^ tɕ i tɕ $,default,e1ebcbe706406550c1e5bd34025cfa41 48dd3a6c6f7437d2e285f1262934285c
xka-13-1,,xka,13,ja̰ːl̥,ja̰ːl̥,j a̰ː l̥,,hindukush,,,^ j a̰ː l̥ $,default,cb4b04dbb6c2b18157654b2d11075104 b78e62381cf5de828164313919700464
xka-17-1,,xka,17,mur,mur,m u r,,hindukush,,,^ m u r $,default,4ad68abf2a9a970b1dc0cc408caec080 da29e1c256d3e1865f9afa0c53b9eb4a
xka-21-1,,xka,21,kutɕur,kutɕur,k u tɕ u r,,hindukush,,,^ k u tɕ u r $,default,dc464c8bd47c9774b5392406a995318e 47f05017b5e4307342932f8835c88f3e
xka-25-1,,xka,25,pḭːl̥,pḭːl̥,p ḭː l̥,,hindukush,,,^ p ḭː l̥ $,default,77fd05820661692c14d8d4f29c95d473 3a419c17ac7729f537e00d4a2c36f2cf
xka-29-1,,xka,29,kɑːn,kɑːn,k ɑː n,,hindukush,,,^ k ɑː n $,default,58db8419a8cb8b5f2962ec3c6dedb34f ae339cb03ab6aaa0907af2ce4ffd7a4d
xka-33-1,,xka,33,iʂi,iʂi,i ʂ i,,hindukush,,,^ i ʂ i $,default,e73e2100a43a51d067bcbd322b176084 7eda03ec11730826de532a7c16f46c65
xka-37-1,,xka,37,ɛŋgɑ̰ːr,ɛŋgɑ̰ːr,ɛ ŋ g ɑ̰ː r,,hindukush,,,^ ɛ ŋ g ɑ̰ː r $,default,620ba37c1b7e93d2139e119731fec2cc 965c78b1196b71b5bc89c609a1d0b333
xka-2-1,,xka,2,məsːin,məsːin,m ə sː i n,,hindukush,,,^ m ə sː i n $,default,1dac832a5e8a90853a116d053ef04acb 9dcaa6abdc8d51dfdf752bada396f3d4
xka-6-1,,xka,6,tɕupṵːʈ,tɕupṵːʈ,tɕ u p ṵː ʈ,,hindukush,,,^ tɕ u p ṵː ʈ $,default,7352fabe1e8631cd05b71bb5ff09ee44 0a4068f482ba2c137b451df209894b4f
xka-10-1,,xka,10,tʰɛːr,tʰɛːr,tʰ ɛː r,,hindukush,,,^ tʰ ɛː r $,default,7ddbd1b80d7bead44bbef65513c3de3b a0196102ac8381bc5b5ce4cb104e50e5
xka-14-1,,xka,14,budʑil,budʑil,b u dʑ i l,,hindukush,,,^ b u dʑ i l $,default,15ff9575c4bc93008b8c6174aab0de03 c9652b1b079930f2f0b10ced74d2322f
xka-18-1,,xka,18,ʂiŋ,ʂiŋ,ʂ i ŋ,,hindukush,,,^ ʂ i ŋ $,default,b7f6cad09276ea0da1d512fbe085961a 4a3a39e096b3905f9d0b688732c9e1c7
xka-22-1,,xka,22,mɑ,mɑ,m ɑ,,hindukush,,,^ m ɑ $,default,81a4207ebe26c898e0bfde1c98bca295 2add28f1d25f7a600baecf4151189164
xka-26-1,,xka,26,kṵʈ,kṵʈ,k ṵ ʈ,,hindukush,,,^ k ṵ ʈ $,default,0279db6c50b762bb90031f91f56b2331 fa42730e9401a5a5ec9b7141306d8449
xka-30-1,,xka,30,pɑːt,pɑːt,p ɑː t,,hindukush,,,^ p ɑː t $,default,6c9ff8314bcac33fa3c17b5bb4df3213 fdb1f27af74b8093ca1a9dd9eccca870
xka-34-1,,xka,34,dʑagər̥,dʑagər̥,dʑ a g ə r̥,,hindukush,,,^ dʑ a g ə r̥ $,default,d883ee6fc877e38e23cacdca30f5a2a9 1c753ffb5a22df3115bd2bfd81d06ad2
xka-38-1,,xka,38,dʑĩː,dʑĩː,dʑ ĩː,,hindukush,,,^ dʑ ĩː $,default,884ea264ee0f355ea9ec99be16ecd92e 3bdd701cbc3b6be58b4df527b2203537
xka-3-1,,xka,3,kʰɑn,kʰɑn,kʰ ɑ n,,hindukush,,,^ kʰ ɑ n $,default,3354c1b6ba28ff88d742f06e098f18cf c0ea91a0eb94f24e028f780ea0099da1
xka-7-1,,xka,7,nɑ̰ːm,nɑ̰ːm,n ɑ̰ː m,,hindukush,,,^ n ɑ̰ː m $,default,7fbffb3c151d58846c52bdb0dad33fb6 d57a74533480cfc369648d7a0caeb31a
xka-11-1,,xka,11,num̥,num̥,n u m̥,,hindukush,,,^ n u m̥ $,default,c7787c4d90b33810737dd68292cd19a3 954ae18ab005b879a83d6d76865d36d7
xka-15-1,,xka,15,rɑːt,rɑːt,r ɑː t,,hindukush,,,^ r ɑː t $,default,d607d8612896b139f4947aea9d6abed7 752a1423c12451035bcb9102b1ec152c
xka-19-1,,xka,19,ʂumṵr,ʂumṵr,ʂ u m ṵ r,,hindukush,,,^ ʂ u m ṵ r $,default,c1dbff828cc75ce8e942f99c921d231a 0cb4deeeeaf7ace29cbb1e18f080403c
xka-23-1,,xka,23,æk,æk,æ k,,hindukush,,,^ æ k $,default,83c2201cac0700f1d44adbee4ab866cc 72dcdf7ec1695a736dc71f706e4250a3
xka-27-1,,xka,27,pɑːn,pɑːn,p ɑː n,,hindukush,,,^ p ɑː n $,default,698f3558cd78da8f5366f1f72b1908ef ba1fd9a3b757e6cd62b83f7ef0be7c73
xka-31-1,,xka,31,mḛːɕ,mḛːɕ,m ḛː ɕ,,hindukush,,,^ m ḛː ɕ $,default,873def526e8d1c7d23498934c0b8b50e b2140d9832f82430d8a59f4fc23585ba
xka-35-1,,xka,35,nɑːlil,nɑːlil,n ɑː l i l,,hindukush,,,^ n ɑː l i l $,default,7fb3a8631e6abd024305dad83f3cd6b0 c8231979a9d0df2fd1908dc4b51a9023
xka-39-1,,xka,39,tɕɑːm,tɕɑːm,tɕ ɑː m,,hindukush,,,^ tɕ ɑː m $,default,132c562276653e54b8dc22966a519974 44f930f327225b79e157d1e4c28e59f9
xka-4-1,,xka,4,tɑ̰ːr̥,tɑ̰ːr̥,t ɑ̰ː r̥,,hindukush,,,^ t ɑ̰ː r̥ $,default,b60c8eff9100ccde9419016b64dd4531 a00ad451b7123f6868cf2491609950ab
xka-8-1,,xka,8,bɑːʈ,bɑːʈ,b ɑː ʈ,,hindukush,,,^ b ɑː ʈ $,default,699fc3105f0877981b1d1685fa1b1ffd 97c94dca763636b330fd2aa52b3fbb9b
xka-12-1,,xka,12,sḭːr,sḭːr,s ḭː r,,hindukush,,,^ s ḭː r $,default,11f0a4be9910adde8947ec7238674e75 676a57c5817d64f85da60637d2d17dea
xka-16-1,,xka,16,dʑib,dʑib,dʑ i b,,hindukush,,,^ dʑ i b $,default,1c4d8490829c449b6ec218443aa5b6b2 95e069862e3e1f2454c72bcb4fc828a8
xka-20-1,,xka,20,dɑːn,dɑːn,d ɑː n,,hindukush,,,^ d ɑː n $,default,fc74998365247dec0ce5d680f7bc056b c4257dcfd18060d45ccc97d559227f4c
xka-24-1,,xka,24,tɑm,tɑm,t ɑ m,,hindukush,,,^ t ɑ m $,default,bab15b793866bc34809ca4f85e0ed7f0 7a96b791f6b6f764d86117dc40a29c4f
xka-28-1,,xka,28,duː,duː,d uː,,hindukush,,,^ d uː $,default,c697b8e1c83d22753917f24b6d6f10d0 340ad7065b07eb4d722367ef8a614cda
xka-32-1,,xka,32,wæ,wæ,w æ,,hindukush,,,^ w æ $,default,5a15eb2eb4225c56e67a5472c325614f 02945f97d8c7203c51c2b7ab71d9e448
xka-36-1,,xka,36,bæ,bæ,b æ,,hindukush,,,^ b æ $,default,f50269de3df7821d7359f05fd22964cf f46c381acc804ba636785af2da8e7ba4
xka-40-1,,xka,40,tis,tis,t i s,,hindukush,,,^ t i s $,default,6c38d4faff1923707de2a04352099218 6b39b001add3843c6a0fa2f7fc4b2408
xvi-1-1,,xvi,1,ɫuj,ɫuj,lˠ u j,,hindukush,,,^ ɫ u j $,default,897d1d9c19ba16cfd23d25b304691229 fef904c2676214be75dd062ecbd3cef4
xvi-5-1,,xvi,5,aːɖi,aːɖi,aː ɖ i,,hindukush,,,^ aː ɖ i $,default,4e79ebf7c1f552e984449ba45f04e604 ce45d83fc52b26d9ff8bc43d473fb6e7
xvi-9-1,,xvi,9,tɕuk,tɕuk,tɕ u k,,hindukush,,,^ tɕ u k $,default,d2a636dc158e1e264790eeacd33aac4d e07bebbc92aa7ea23b7154b7c1587a65
xvi-13-1,,xvi,13,oːsə,oːsə,oː s ə,,hindukush,,,^ oː s ə $,default,b71245149fe115952e016938bbb1a073 264e4b6bc4d582e88fc522ad26c9f495
xvi-17-1,,xvi,17,maɻsə,maɻsə,m a ɻ s ə,,hindukush,,,^ m a ɻs ə $,default,41e7fac2a1a196aa5829eb6e1d76c08b 5d570b7709db900f105123794032462e
xvi-21-1,,xvi,21,kuɻi,kuɻi,k u ɻ i,,hindukush,,,^ k u ɻ i $,default,29a98a393be1462718a8eee215b14082 7c53a23498ecabb86336ed26ee24b297
xvi-25-1,,xvi,25,piːsə,piːsə,p iː s ə,,hindukush,,,^ p iː s ə $,default,4cdebfaf2cae068f3e0aa862b9cae4ee 32b777d4f4a1ab281a7e6c1394fb9aa8
xvi-29-1,,xvi,29,karmuːɽi,karmuːɽi,k a r m uː ɽ i,,hindukush,,,^ k a r m uː ɽ i $,default,b3175c6373492d33ab16b705bd04e924 c71343c58fc395e7fc272b0805b19785
xvi-33-1,,xvi,33,ɑːtɕe,ɑːtɕe,ɑː tɕ e,,hindukush,,,^ ɑː tɕ e $,default,1defb8add8537717668de335a044727f 8c737008961578a14cd7e55168a3ce14
xvi-37-1,,xvi,37,aŋɔ,aŋɔ,a ŋ ɔ,,hindukush,,,^ a ŋ ɔ $,default,44c99f30226199ffdf71eaac46c7f856 1b029f7088c5454630281cb2d8e2b27c
xvi-2-1,,xvi,2,ɔːmatsi,ɔːmatsi,ɔː m a ts i,,hindukush,,,^ ɔː m a ts i $,default,9d7dd21637daf6e4358b6c251c35872a 3d6e2113c876e7f1d133d659140a1bfe
xvi-6-1,,xvi,6,pɑre,pɑre,p ɑ r e,,hindukush,,,^ p ɑ r e $,default,5e6c1ad050b1e9bfb3f9eb6c334f93f1 49afd64e24efd59cd409e049525d54e7
xvi-10-1,,xvi,10,dyɕ,dyɕ,d y ɕ,,hindukush,,,^ d y ɕ $,default,6fd2a1b0fcfc1c3523fc7a503640c36d d1431a82ede46691187d116c7d81c593
xvi-14-1,,xvi,14,saŋaːsə,saŋaːsə,s a ŋ aː s ə,,hindukush,,,^ s a ŋ aː s ə $,default,879afadde0a334fc0a2538c4f24fcc97 37cac4d26d35ebb90fd161b5bee8224f
xvi-18-1,,xvi,18,ʂiŋ,ʂiŋ,ʂ i ŋ,,hindukush,,,^ ʂ i ŋ $,default,ed6c33978c42e860ab1aac3e2f1fd26c d43576fb2d213b85d5cc404d977e0fd7
xvi-22-1,,xvi,22,ɔːts,ɔːts,ɔː ts,,hindukush,,,^ ɔː ts $,default,382e147bf1c51c1fe02d4f93beeb9081 7fc82fa1269ef9ef86b85b46ddf6b534
xvi-26-1,,xvi,26,dzɑ̃,dzɑ̃,d z ɑ̃,,hindukush,,,^ d z ɑ̃ $,default,0d9fd0aaeca3b106721dfaec45f96fd5 d43d5a9541c18420cfdf5806b74221d9
xvi-30-1,,xvi,30,fɔr,fɔr,f ɔ r,,hindukush,,,^ f ɔ r $,default,691aebba8946654e9aef31cd3c626b81 0395fd4a56a97a89944107f2ff4daf5e
xvi-34-1,,xvi,34,jaɻi,jaɻi,j a ɻ i,,hindukush,,,^ j a ɻ i $,default,e3fefcf2c2caa5c3ba8b7bac808856c8 1ade81e2fe22678e28149f3a5ef4aba0
xvi-38-1,,xvi,38,jʉː,jʉː,j ʉː,,hindukush,,,^ j ʉː $,default,ab79d68a79a3e94fbedccf47558c097d 8b2f6c636e0f88fbe146e7cb1d32781f
xvi-3-1,,xvi,3,dɑ,dɑ,d ɑ,,hindukush,,,^ d ɑ $,default,0e3e1883997276f8f5af175abf1d6808 2ac1403813308a3225ccdabbefee28e7
xvi-7-1,,xvi,7,nɔm,nɔm,n ɔ m,,hindukush,,,^ n ɔ m $,default,0c37726a60fe64c5c6aac3ef248c8751 0a234134983d930392aa1a60c90347fb
xvi-11-1,,xvi,11,nuĩ,nuĩ,n u ĩ,,hindukush,,,^ n uĩ $,default,1595892f78bd536b2849680e4da6441d 47913a9ee81203baf6e27207bcb80330
xvi-15-1,,xvi,15,ɻaːdor,ɻaːdor,ɻ aː d o r,,hindukush,,,^ ɻ aː d o r $,default,6bc4eec47b76453224f0e32bd6e3f62d c17ff353492512fddf10a5d72f3c342d
xvi-19-1,,xvi,19,nazu,nazu,n a z u,,hindukush,,,^ n a z u $,default,9ef7eaf0769ee3131f8bd303c0463ea6 42f1d186b5fe6b7c96dc545193f1aaf7
xvi-23-1,,xvi,23,eː,eː,eː,,hindukush,,,^ eː $,default,4c530599e4735d3fbb1b9116874bdc5d 36429b0dd0bf43868aa1b02fddf6098d
xvi-27-1,,xvi,27,put,put,p u t,,hindukush,,,^ p u t $,default,9737fc358761d632bd0f56163584f562 c8e50c7e4bdb26ef34197811e4a0ad7e
xvi-31-1,,xvi,31,mandʑi,mandʑi,m a n dʑ i,,hindukush,,,^ m a n dʑ i $,default,7aa5c3d0c72af7f6e7cdc8f89912b80d 87144846b14387d35167bd5e40c08694
xvi-35-1,,xvi,35,vaɻisə,vaɻisə,v a ɻ i s ə,,hindukush,,,^ v a ɻ i s ə $,default,876c01ed7a34690a2799d856e68606ae ff4e59a3b9d90ef7e6354d1539e48904
xvi-39-1,,xvi,39,tɕɔm,tɕɔm,tɕ ɔ m,,hindukush,,,^ tɕ ɔ m $,default,14853cfb0907eb7dbb362b0dff31542d 90ea5e7b42620deaba79e6b9ef412b74
xvi-4-1,,xvi,4,ɻaɕtɔ,ɻaɕtɔ,ɻ a ɕ t ɔ,,hindukush,,,^ ɻ a ɕ t ɔ $,default,c83f9a2b39f97609155ddf53e16adbc0 5604450066b21e52c246885e0006b3e4
xvi-8-1,,xvi,8,vɑʈ,vɑʈ,v ɑ ʈ,,hindukush,,,^ v ɑ ʈ $,default,40e32497ff0959e76f4ca7ad18fd25b4 62a073ad13c2a68c497b621102e56185
xvi-12-1,,xvi,12,su,su,s u,,hindukush,,,^ s u $,default,8568efae198073ea177467f9002fcadb a9b98b3f713481be1e4781ee23014cbd
xvi-16-1,,xvi,16,dits,dits,d i ts,,hindukush,,,^ d i ts $,default,3849d80e39bcdb9912606636f83151ad e9bac5424a79416594ec1b7803fe82d3
xvi-20-1,,xvi,20,dut,dut,d u t,,hindukush,,,^ d u t $,default,0d97108c4165537de7dc6cc94defcb83 88990a6371527d7ae7f2da044f3ab50d
xvi-24-1,,xvi,24,kanɔ,kanɔ,k a n ɔ,,hindukush,,,^ k a n ɔ $,default,186943e893abd587d21a49a3e28938e4 6955713e5e10a38db66fc735ddc82119
xvi-28-1,,xvi,28,dyː,dyː,d yː,,hindukush,,,^ d yː $,default,fe519cb11776bf593e57b2713aeb96ad ccf493ddd2e1e661e39dbab4f533c4ea
xvi-32-1,,xvi,32,ɑː,ɑː,ɑː,,hindukush,,,^ ɑː $,default,1bde0897f48ddb888a151270908d6531 f99cfb873451e971757da32dcdca33fe
xvi-36-1,,xvi,36,iːmɔ,iːmɔ,iː m ɔ,,hindukush,,,^ iː m ɔ $,default,5ba481959ce2f5875bcb450296280ad6 d3d499bbc7837102ef2e8ac7c19dbfcb
xvi-40-1,,xvi,40,tyː,tyː,t yː,,hindukush,,,^ t yː $,default,5c0ae778b62a0e7f425eb9ecd383ceb9 3cca857e6b83065ada4d52e757b6fd98
kas_i-1-1,,kas_i,1,kʰuːn,kʰuːn,kʰ uː n,,hindukush,,,^ kʰ uː n $,default,c3b8b09fb3388bf30d2284c06d6339ad 2737bf40f360a5f66831ec46eb3085a6
kas_i-5-1,,kas_i,5,əɖidʑ,əɖidʑ,ə ɖ i dʑ,,hindukush,,,^ ə ɖ i dʑ $,default,4fb620d661f4055d97fc0cfcaa151200 479cdb154dc543b9ef779e8b5dfd90bc
kas_i-9-1,,kas_i,9,siːnɨ,siːnɨ,s iː n ɨ,,hindukush,,,^ s iː n ɨ $,default,2325caeee643f64aeb515f6fc5811e12 4765e677a2686c4449a5b3a4990ab28c
kas_i-13-1,,kas_i,13,"jun, valɨjuːr",jun,j u n,,hindukush,,,^ j u n $,default,f8b57f17bfbcbfa6d6436261a1a2ee26 99e7f1fbe17a5dca47ae38a2a1dcf364 380a320c6071837a1af4a5ae44904f6f b150473eada3fd64dc73e9bb32d3d249
kas_i-13-2,,kas_i,13,"jun, valɨjuːr",valɨjuːr,v a l ɨ j uː r,,hindukush,,,^ v a l ɨ j uː r $,default,f8b57f17bfbcbfa6d6436261a1a2ee26 99e7f1fbe17a5dca47ae38a2a1dcf364 380a320c6071837a1af4a5ae44904f6f b150473eada3fd64dc73e9bb32d3d249
kas_i-17-1,,kas_i,17,marun,marun,m a r u n,,hindukush,,,^ m a r u n $,default,0db108e5957c70e820a53ffd7ecf216c d771148997b5025fd128f3b972afa49a
kas_i-21-1,,kas_i,21,hũːn,hũːn,h ũː n,,hindukush,,,^ h ũː n $,default,eb3974f114023c6682c49f0cd45eb16a 07f9b7dfbf6e21c1770b887492e70d5f
kas_i-25-1,,kas_i,25,tɕon,tɕon,tɕ o n,,hindukush,,,^ tɕ o n $,default,99a47ac3287177146ea0c4a18fddb24c eb3db731988114d1af3504f484637019
kas_i-29-1,,kas_i,29,kan,kan,k a n,,hindukush,,,^ k a n $,default,3ba3e95ec13405246abef10dcafb0ce1 c5cc1a929c6378297cd957aa0ce0ba80
kas_i-33-1,,kas_i,33,ətɕʰ,ətɕʰ,ə tɕʰ,,hindukush,,,^ ə tɕʰ $,default,fce2792f53a920ec4d954494e6740c4b c9d958d76591c5e606db96ece135f402
kas_i-37-1,,kas_i,37,naːr,naːr,n aː r,,hindukush,,,^ n aː r $,default,9e626f5fdce64dd4118fe673c9cea856 9cd8e983da080243698acc73f53b61e2
kas_i-2-1,,kas_i,2,gaːɖ,gaːɖ,g aː ɖ,,hindukush,,,^ g aː ɖ $,default,a9d3746339f9f8d2548f1ab28657d205 057d76842137f9b68796ae5ac53e6165
kas_i-6-1,,kas_i,6,bərɨtʰ,bərɨtʰ,b ə r ɨ tʰ,,hindukush,,,^ b ə r ɨ tʰ $,default,5cbed6503bd98167beec7453d5157caf 5e7a821e61ca41e8303c803347a3a1b7
kas_i-10-1,,kas_i,10,atʰɨ,atʰɨ,a tʰ ɨ,,hindukush,,,^ a tʰ ɨ $,default,a3f7544b3b09fab6447471de60eb01e8 4a0166cf05c8cfa004e9005531db883b
kas_i-14-1,,kas_i,14,bɔːzun,bɔːzun,b ɔː z u n,,hindukush,,,^ b ɔː z u n $,default,fbdf9c446e74f74cb6ba77ae19e4467b 09cb5dcbf2514fc9fcca50701509fc35
kas_i-18-1,,kas_i,18,hʲə̃ŋg,hʲə̃ŋg,hʲ ə̃ ŋ g,,hindukush,,,^ hʲ ə̃ ŋ g $,default,d6016554921245da2dc003b138a0a010 5515f938bf1a0f793c98f2769a8194a9
kas_i-22-1,,kas_i,22,bɨ,bɨ,b ɨ,,hindukush,,,^ b ɨ $,default,3b72e45c8922c48b4b1b0a4af5ff5c10 5ad0b5ff127a60cc45c966c511591630
kas_i-26-1,,kas_i,26,kɔːʈʰ,kɔːʈʰ,k ɔː ʈʰ,,hindukush,,,^ k ɔː ʈʰ $,default,ac09f51a85af107fadc9f066c8f72af0 e33323e1fcf6dd8b01d457797a26ade6
kas_i-30-1,,kas_i,30,panɨ wətʰɨr̥,panɨ_wətʰɨr̥,p a n ɨ + w ə tʰ ɨ r̥,,hindukush,,,^ p a n ɨ _ w ə tʰ ɨ r̥ $,default,dcb6fb61766549b7a318b175d45ee2d7 a0e942106814a55f06ef68cba3175414
kas_i-34-1,,kas_i,34,krehən maːz,krehən_maːz,k r e h ə n + m aː z,,hindukush,,,^ k r e h ə n _ m aː z $,default,156485706c43fe60a015ac8706179553 28055ba162cfb414331a1f29646430f5
kas_i-38-1,,kas_i,38,zɔːw,zɔːw,z ɔː w,,hindukush,,,^ z ɔː w $,default,47302c03e67ba8a44e99b0754c448b14 626c9de82d34074e175aaa8d27386d0b
kas_i-3-1,,kas_i,3,baːl,baːl,b aː l,,hindukush,,,^ b aː l $,default,88c474dba4882fedf2f3bcf1e0f7981b 0877483e9fe1d09a53a566af6f7a5b95
kas_i-7-1,,kas_i,7,naːw,naːw,n aː w,,hindukush,,,^ n aː w $,default,6a7383922960cca8a28ac2a625bb6e64 13983278dd244da652c8d1324e114a26
kas_i-11-1,,kas_i,11,now,now,n o w,,hindukush,,,^ n o w $,default,c590d4b5d4c95a555dced9c9e5034c74 7125e8b4b79c14ec9dacf0afad5e7a0b
kas_i-15-1,,kas_i,15,raːtʰ,raːtʰ,r aː tʰ,,hindukush,,,^ r aː tʰ $,default,326fcb9db71fd48f045609c87cb77bbd 572a53bb58e323c204a4cb6346d8aa7d
kas_i-19-1,,kas_i,19,nas,nas,n a s,,hindukush,,,^ n a s $,default,bacf9703a7c14ab87666403f5d3a9873 b7481458641b6c196945ffe9f0c35164
kas_i-23-1,,kas_i,23,akʰ,akʰ,a kʰ,,hindukush,,,^ a kʰ $,default,9aedfcdfc7f279ea1591349f7885f5fc d9d2ccf0940a1dc178e48963d75f45f7
kas_i-27-1,,kas_i,27,watʰ,watʰ,w a tʰ,,hindukush,,,^ w a tʰ $,default,a44336301336fe6d006ba8a9a88036a3 5d78a398fb0f7444001412fd6299d3d0
kas_i-31-1,,kas_i,31,"nafər, ɕakʰɨs",nafər,n a f ə r,,hindukush,,,^ n a f ə r $,default,7791ed315598ea7c26fca6bce45adf48 018bf6297a50ff3a6e3a6d678b3a0f7d 7f91389233637c37b06f77f44a6a9224 3de72d4234500daa08c60d0c7a739943
kas_i-31-2,,kas_i,31,"nafər, ɕakʰɨs",ɕakʰɨs,ɕ a kʰ ɨ s,,hindukush,,,^ ɕ a kʰ ɨ s $,default,7791ed315598ea7c26fca6bce45adf48 018bf6297a50ff3a6e3a6d678b3a0f7d 7f91389233637c37b06f77f44a6a9224 3de72d4234500daa08c60d0c7a739943
kas_i-35-1,,kas_i,35,wutɕʰun,wutɕʰun,w u tɕʰ u n,,hindukush,,,^ w u tɕʰ u n $,default,72d18940d8b18fd671752ebd10265351 ea2527256b4bf5f9253010d2a80a1813
kas_i-39-1,,kas_i,39,mɨslɨ,mɨslɨ,m ɨ s l ɨ,,hindukush,,,^ m ɨ s l ɨ $,default,bc778900a84e37592abd90eb83f76627 531e283fbf2fb42d7f9f50387d614b9d
kas_i-4-1,,kas_i,4,taːruk,taːruk,t aː r u k,,hindukush,,,^ t aː r u k $,default,0c76469941577ea54f56fd7a28a04a0d 73a240d1314763104f7d23300e5866ed
kas_i-8-1,,kas_i,8,kənʲ,kənʲ,k ə nʲ,,hindukush,,,^ k ə nʲ $,default,4cc12103b3d5061cafa9aab2daefaf03 8b68bc3aab72e3dae391b29832049c28
kas_i-12-1,,kas_i,12,aːftaːb,aːftaːb,aː f t aː b,,hindukush,,,^ aː f t aː b $,default,c511975c03aaa72742af5e9ca9406abb 6c45c46b60eadb618774d4b90a6c8dc7
kas_i-16-1,,kas_i,16,zʲew,zʲew,zʲ e w,,hindukush,,,^ zʲ e w $,default,34e0cc218a542a728282ee725cdb4ec2 4ad371f6126a5de22701c5f808ec45c3
kas_i-20-1,,kas_i,20,dand,dand,d a n d,,hindukush,,,^ d a n d $,default,2bb2839beb83cbee79a1f39be06cf88f bf445f97b6d831e25a2449a82cf47774
kas_i-24-1,,kas_i,24,kul,kul,k u l,,hindukush,,,^ k u l $,default,b07bee75b5f263cf0aac3b236bc47594 584af621a949521a4c9165880f20200b
kas_i-28-1,,kas_i,28,zɨ,zɨ,z ɨ,,hindukush,,,^ z ɨ $,default,73fd8b2b0418736d3962512df4691b16 95dec4b9746fa25282bc526c72ef57bb
kas_i-32-1,,kas_i,32,aːb̥,aːb̥,aː b̥,,hindukush,,,^ aː b̥ $,default,40224fe7b1824063d6d1257d5a79605c fb2584d1a4466199fa8886de66fcecba
kas_i-36-1,,kas_i,36,əsʲ,əsʲ,ə sʲ,,hindukush,,,^ ə sʲ $,default,aca1e3af9f253ee51e1aba0936461c57 7540c12a439d2dc6741d2459efa42f79
kas_i-40-1,,kas_i,40,"tsɨ, tuhʲ",tsɨ,ts ɨ,,hindukush,,,^ ts ɨ $,default,bfdf9d9b7e4240aa7bbf1310f7468d9c fceb012e3f7553ee0b0f1f084a95b213 19bb244e1a501a31ecffa4b20fd08c91 41c3d1a1c69d1993c27fed53198a70aa
kas_i-40-2,,kas_i,40,"tsɨ, tuhʲ",tuhʲ,t u hʲ,,hindukush,,,^ t u hʲ $,default,bfdf9d9b7e4240aa7bbf1310f7468d9c fceb012e3f7553ee0b0f1f084a95b213 19bb244e1a501a31ecffa4b20fd08c91 41c3d1a1c69d1993c27fed53198a70aa
kas_p-1-1,,kas_p,1,ratʰ,ratʰ,r a tʰ,,hindukush,,,^ r a tʰ $,default,902e37f2c78ae39a0bbbf7958866826a e89dae5282d52e63b86eb49d5cedddf3
kas_p-5-1,,kas_p,5,əɽidʑ,əɽidʑ,ə ɽ i dʑ,,hindukush,,,^ ə ɽ i dʑ $,default,67b51fe31bb1b86248f3c66bc9c2a340 a14b2369c90306c75ca688b0c983b0f5
kas_p-9-1,,kas_p,9,bab,bab,b a b,,hindukush,,,^ b a b $,default,17f9d5eaac46da1d91c08c4cd0a7e496 1c36fcd7081b45ea0677e451dd80ee3c
kas_p-13-1,,kas_p,13,walːə,walːə,w a lː ə,,hindukush,,,^ w a lː ə $,default,f9d36fb708c980df1c1200b1f012abde aa46417877bfef82ab26b173999c755a
kas_p-17-1,,kas_p,17,mar,mar,m a r,,hindukush,,,^ m a r $,default,7edc4ae795df15e0eb0b21a1cd074d3a 68c56e2978026748388add18279d68e2
kas_p-21-1,,kas_p,21,hõːn,hõːn,h õː n,,hindukush,,,^ h õː n $,default,636cefba7d80e3142bbd223556cfbe42 3a4356b28c911a828b274dd03a49c2fe
kas_p-25-1,,kas_p,25,tɕe,tɕe,tɕ e,,hindukush,,,^ tɕ e $,default,7796a1af2d32f77648d9bae72f620f03 0c49af3b58c714064d92d39d40a68174
kas_p-29-1,,kas_p,29,kan,kan,k a n,,hindukush,,,^ k a n $,default,963c80d577e06ff855ab2af84b5d3eaa 523b88e677495515836ea3e25e1e7fc0
kas_p-33-1,,kas_p,33,ətɕʰ,ətɕʰ,ə tɕʰ,,hindukush,,,^ ə tɕʰ $,default,ef80604616eaa1deed7ab57d90552a1a 16cf16f9eb63d24b058631d29ee7a3b7
kas_p-37-1,,kas_p,37,naːr,naːr,n aː r,,hindukush,,,^ n aː r $,default,c14b9c55e2d624930a20801a0acea414 7f8e198638369701dedd9756667a802e
kas_p-2-1,,kas_p,2,gaːɽ,gaːɽ,g aː ɽ,,hindukush,,,^ g aː ɽ $,default,666788fcde78e9569495b51fa2242070 2009ce473d542f11921f48134dc7b504
kas_p-6-1,,kas_p,6,bɨritʰ,bɨritʰ,b ɨ r i tʰ,,hindukush,,,^ b ɨ r i tʰ $,default,6fd3b89033cf2f9c3185dec2926bdb13 22faf998693e4252dbee978f6a1ecfdd
kas_p-10-1,,kas_p,10,atʰɨ,atʰɨ,a tʰ ɨ,,hindukush,,,^ a tʰ ɨ $,default,adfa7a41b4f172dc82d4ca9c28b01bd6 5688ee7ba0e270b40a5ac9f7d5bfbcde
kas_p-14-1,,kas_p,14,bɔːz,bɔːz,b ɔː z,,hindukush,,,^ b ɔː z $,default,34e4a5e980a70984a54ef5ee41389877 89e935d24beb398a5fee299aee3307fb
kas_p-18-1,,kas_p,18,hẽŋɡ,hẽŋɡ,h ẽ ŋ g,,hindukush,,,^ h ẽ ŋ ɡ $,default,19e5fb2b6f6949fba99716dacc289949 cdc6013d5e1b0845cf32c6aedb27e871
kas_p-22-1,,kas_p,22,bɨ,bɨ,b ɨ,,hindukush,,,^ b ɨ $,default,b92d94229adc37e52ea98ab173208e9c 5130c86e7c49e0bcaa334b4349fa3663
kas_p-26-1,,kas_p,26,kʊʈʰ,kʊʈʰ,k ʊ ʈʰ,,hindukush,,,^ k ʊ ʈʰ $,default,eb0f500ef001117dee4d10a7b0efb2ec e17d9e4dad97737b82499a5aba6f66df
kas_p-30-1,,kas_p,30,pan pɨtɨr̥,pan_pɨtɨr̥,p a n + p ɨ t ɨ r̥,,hindukush,,,^ p a n _ p ɨ t ɨ r̥ $,default,b01cb361b43c214854c726fa888a439f 3f0374b22ce41233c2512d778696f210
kas_p-34-1,,kas_p,34,krijən maːz,krijən_maːz,k r i j ə n + m aː z,,hindukush,,,^ k r i j ə n _ m aː z $,default,a4eaaa116a3271d6f1c7cc05c171c96b e2f04c2aeb02fd5c06c3f0a901f45ba8
kas_p-38-1,,kas_p,38,zɔw,zɔw,z ɔ w,,hindukush,,,^ z ɔ w $,default,ac5c4b2c15951555107564d13fb596c6 5146ca8e79cd5054bd82de1ede2f0647
kas_p-3-1,,kas_p,3,pahaːɽ,pahaːɽ,p a h aː ɽ,,hindukush,,,^ p a h aː ɽ $,default,7cb38e4f1afc84c865573957d1700f98 7c9c0be212e9fc57f242d265d9720b70
kas_p-7-1,,kas_p,7,naːw,naːw,n aː w,,hindukush,,,^ n aː w $,default,fbaa2c34ecd89698cdb82c3aacfb747c 58eb5783ab7817d02e1ce226c5881679
kas_p-11-1,,kas_p,11,now,now,n o w,,hindukush,,,^ n o w $,default,30283705aa0805e74cd7e1ee87f03303 ee1e523a8b13623ca5a19a1b7cddd39f
kas_p-15-1,,kas_p,15,raːtʰ,raːtʰ,r aː tʰ,,hindukush,,,^ r aː tʰ $,default,b71951ac11e3c62e4bd96db1d42d397c e61c1841653e728ed84f388990a9fae3
kas_p-19-1,,kas_p,19,nas,nas,n a s,,hindukush,,,^ n a s $,default,5730a22908374249a125ae7d157f67b6 26418749e552e81dd38829fc8dc068f3
kas_p-23-1,,kas_p,23,akʰ,akʰ,a kʰ,,hindukush,,,^ a kʰ $,default,76cfbf94fe12ee7fef7d87e1a8651fb4 368863aeb39023e44a32b308c17575c1
kas_p-27-1,,kas_p,27,watʰ,watʰ,w a tʰ,,hindukush,,,^ w a tʰ $,default,ef1b9b6bd34bff7cd748a120f1fdd796 66f91f84a0003d14446f3911eeb743c2
kas_p-31-1,,kas_p,31,moːnʲu,moːnʲu,m oː nʲ u,,hindukush,,,^ m oː nʲ u $,default,24fcf7e5078828d8be9c80c83e0966cb 9dc06c96040fc87e0ae95f8ce7e40ede
kas_p-35-1,,kas_p,35,wɨtɕʰ,wɨtɕʰ,w ɨ tɕʰ,,hindukush,,,^ w ɨ tɕʰ $,default,c09f81ea9d44848459bff51429a46436 889607034a62d9e1953cb0050a2db834
kas_p-39-1,,kas_p,39,tsʰam,tsʰam,tsʰ a m,,hindukush,,,^ tsʰ a m $,default,1ec5fd5fd3cca6bd69f016ab7f026870 bb15e40abc5696b8fd355a60bb827821
kas_p-4-1,,kas_p,4,taːrokʰ,taːrokʰ,t aː r o kʰ,,hindukush,,,^ t aː r o kʰ $,default,3b57f36da0c59048920b94fd686f0547 a20c3e533ce06f51adf95c3e68d276ba
kas_p-8-1,,kas_p,8,kɔ̃nʲ,kɔ̃nʲ,k ɔ̃ nʲ,,hindukush,,,^ k ɔ̃ nʲ $,default,2f3f936a47dab12d5b3cf7cec53113a5 34fd19f629e914a0056142c4c43d7542
kas_p-12-1,,kas_p,12,akʰtaːbɨ,akʰtaːbɨ,a kʰ t aː b ɨ,,hindukush,,,^ a kʰ t aː b ɨ $,default,50528eaeec2f444d622b579af31e573a 0d0cb3a062d4992b17ad7751407ddec2
kas_p-16-1,,kas_p,16,zʲeo,zʲeo,zʲ e o,,hindukush,,,^ zʲ eo $,default,40acacfb63064b88d4da695109647b62 73b2397ac6f6b16c91cb0765dbb6f0f2
kas_p-20-1,,kas_p,20,dand,dand,d a n d,,hindukush,,,^ d a n d $,default,55e83f417cf1fc05749ae42a881f7882 fd145cc564f05141b193d54604020c9b
kas_p-24-1,,kas_p,24,kʉl,kʉl,k ʉ l,,hindukush,,,^ k ʉ l $,default,efd02b38ae01ae3bcc0d9ff3b1d6143a 305b054d9f92fa4aa98e2064b145ef72
kas_p-28-1,,kas_p,28,zɨ,zɨ,z ɨ,,hindukush,,,^ z ɨ $,default,3434b0d08ddaecd74f51e272f1675008 38fc211ecb14ff87c7c5b03c7177523c
kas_p-32-1,,kas_p,32,aːb̥,aːb̥,aː b̥,,hindukush,,,^ aː b̥ $,default,04fb3d844fad25d67a70e7f33c34a39f 0adab7452c568bb7247c071d1209b2aa
kas_p-36-1,,kas_p,36,ɨsʲ,ɨsʲ,ɨ sʲ,,hindukush,,,^ ɨ sʲ $,default,a1c3e70ec6d9b398a8b8048def4680a0 e36464c9616018deda00f05a0639db68
kas_p-40-1,,kas_p,40,tsɨ,tsɨ,ts ɨ,,hindukush,,,^ ts ɨ $,default,a5976c998d43a489f648dd8692a9f5e8 3162fc48f926f4ef1925cafbf546ca57
bsh_e-1-1,,bsh_e,1,luj,luj,l u j,,hindukush,,,^ l u j $,default,d399890bb7018dea0a75df7f49860ba2 adcacbf57fbb513dd46a1dd150fd77a1
bsh_e-5-1,,bsh_e,5,aʈi,aʈi,a ʈ i,,hindukush,,,^ a ʈ i $,default,5c0d0c72b2aadf8779696e0c244e6902 7230bfbb3b171862df0a49bb13db33b0
bsh_e-9-1,,bsh_e,9,tɕuk,tɕuk,tɕ u k,,hindukush,,,^ tɕ u k $,default,c73e7c9f7446ce3cc42df74a2d2e68b7 d4a0d42fb0df3134cbe201c610410c53
bsh_e-13-1,,bsh_e,13,aːtsəstə,aːtsəstə,aː ts ə s t ə,,hindukush,,,^ aː ts ə s t ə $,default,2f648acb2051ab5fa673fab0dbdabb00 0ffad6882e880c75a9b0da19954faf46
bsh_e-17-1,,bsh_e,17,mɻastə,mɻastə,m ɻ a s t ə,,hindukush,,,^ m ɻ a s t ə $,default,aed1ad86929c506c84d092b2c278db1f ec870551598595985ad5503845b4b3b7
bsh_e-21-1,,bsh_e,21,kuɻi,kuɻi,k u ɻ i,,hindukush,,,^ k u ɻ i $,default,5550b98fb90912fb2087b2cdd9a7bf87 c0082f534dbdb69a94244a22d7bece75
bsh_e-25-1,,bsh_e,25,piːstə̰,piːstə̰,p iː s t ə̰,,hindukush,,,^ p iː s t ə̰ $,default,3a6346f739d177e61e58c361dba6e0b8 c87aead87f45ec74106bfe9671b1af65
bsh_e-29-1,,bsh_e,29,karməʈi,karməʈi,k a r m ə ʈ i,,hindukush,,,^ k a r m ə ʈ i $,default,fd84f91b51e0f475cde224f4786c2df2 57af12d9b387d0d7f6bf92264b9d3289
bsh_e-33-1,,bsh_e,33,atɕẽ,atɕẽ,a tɕ ẽ,,hindukush,,,^ a tɕ ẽ $,default,75eb4d6759f37a123a1f7834844cbb46 52390461a9c696f18c2272832081d5cb
bsh_e-37-1,,bsh_e,37,aŋo,aŋo,a ŋ o,,hindukush,,,^ a ŋ o $,default,71440cbd6a7cb663c0bdd8937690e3a4 38e42f1376c86c0339f35bc30e4fbc8e
bsh_e-2-1,,bsh_e,2,ɑːmətsə̃,ɑːmətsə̃,ɑː m ə ts ə̃,,hindukush,,,^ ɑː m ə ts ə̃ $,default,c78332624ceefb6a968866f6e77e7256 3d9519b0aa1fff21bf2e4e5333986d7e
bsh_e-6-1,,bsh_e,6,parikərstə,parikərstə,p a r i k ə r s t ə,,hindukush,,,^ p a r i k ə rs t ə $,default,cda4984929dd569a647c33179ac50a02 eea8ad1caf4d58259e3fa9432f05288b
bsh_e-10-1,,bsh_e,10,duj,duj,d u j,,hindukush,,,^ d u j $,default,88f09a152ebbeac74c44db57ae54a0e5 4bdeee17bbf2a04c21d14dd517aa3688
bsh_e-14-1,,bsh_e,14,siŋastə,siŋastə,s i ŋ a s t ə,,hindukush,,,^ s i ŋ a s t ə $,default,7a35983153386fe4423e6ed37cedcf33 2f0fa3aca7606975eab2f5cdc69f03c4
bsh_e-18-1,,bsh_e,18,tsɔː,tsɔː,ts ɔː,,hindukush,,,^ ts ɔː $,default,7527f15042c4179ed034131a99e2e76e 332148f3141fbaf7fd1501dc812e0aaf
bsh_e-22-1,,bsh_e,22,ũts,ũts,ũ ts,,hindukush,,,^ ũ ts $,default,87540cd60b0b589934499c1dbf38dca6 5938d341f3f604ff67c2fa7289165dd9
bsh_e-26-1,,bsh_e,26,zɑ̃ː,zɑ̃ː,z ɑ̃ː,,hindukush,,,^ z ɑ̃ː $,default,7e4ec1138d14dda37fbdac2acd333cf3 afd673952f5862f23990e3f0d86bce29
bsh_e-30-1,,bsh_e,30,pɔr,pɔr,p ɔ r,,hindukush,,,^ p ɔ r $,default,e6fc0518bf05bcd7d4e51ee2efcc615b fe3d261802d0663058d57dec565eb74f
bsh_e-34-1,,bsh_e,34,jɑɻi,jɑɻi,j ɑ ɻ i,,hindukush,,,^ j ɑ ɻ i $,default,7286bfb76669c7f75e9e6ff3d6263ced 3e8e9a9626d10d239211c8da194b10f9
bsh_e-38-1,,bsh_e,38,juː,juː,j uː,,hindukush,,,^ j uː $,default,1dcf65c02aeeb1328cd58c837d03a13b 0bce22bef77a538a1ec384fd8fdb5f54
bsh_e-3-1,,bsh_e,3,dɑ,dɑ,d ɑ,,hindukush,,,^ d ɑ $,default,aa1746575cd508bafad39e6745928544 454ec5c794de23f827470f83bbf18c7c
bsh_e-7-1,,bsh_e,7,nɔm,nɔm,n ɔ m,,hindukush,,,^ n ɔ m $,default,c8a8e624cbc2a93922b2f30764832f1d 51a21667a4c0b7183346dd9f989e730d
bsh_e-11-1,,bsh_e,11,nui,nui,n u i,,hindukush,,,^ n ui $,default,f5c0a934c7253ac00de58267f67a4d75 a276211b07d17d4a7e68e1e008a554ff
bsh_e-15-1,,bsh_e,15,ɻadɔr,ɻadɔr,ɻ a d ɔ r,,hindukush,,,^ ɻ a d ɔ r $,default,5e160ec61932a12932d8678cd219ab87 8178ab3fbc333ab2e943581f71f6dd74
bsh_e-19-1,,bsh_e,19,nasʊr̥,nasʊr̥,n a s ʊ r̥,,hindukush,,,^ n a s ʊ r̥ $,default,9f6a67de3be03c9148ac7846bfafd30d bf1c54ad7ef49e7f5522883e2ac74f6f
bsh_e-23-1,,bsh_e,23,ev,ev,e v,,hindukush,,,^ e v $,default,3fe68fba9d3a1f5a398c882d190d6984 2b22e00c49a763285a1bb39a809b13d2
bsh_e-27-1,,bsh_e,27,put,put,p u t,,hindukush,,,^ p u t $,default,30b58bcc3c3ad661e686515403ad1b90 4e8d52940c0e60c5db60ec653c344bbb
bsh_e-31-1,,bsh_e,31,mantɕi,mantɕi,m a n tɕ i,,hindukush,,,^ m a n tɕ i $,default,64acbddcc24f927ec98a531c3c28c566 b233e0a5f19a4684a25e20dde01e141e
bsh_e-35-1,,bsh_e,35,vaɻəstə,vaɻəstə,v a ɻ ə s t ə,,hindukush,,,^ v a ɻ ə s t ə $,default,5d6c26cdd8b0b3cf4412ab36e73099b8 ec62d72e131d39970e4ca0a7e9f02184
bsh_e-39-1,,bsh_e,39,tɕɔm,tɕɔm,tɕ ɔ m,,hindukush,,,^ tɕ ɔ m $,default,73fb556159f069074505e26adfe10332 82a39a080ff7cd2c355a555a2ac4805c
bsh_e-4-1,,bsh_e,4,ɻəstɔ,ɻəstɔ,ɻ ə s t ɔ,,hindukush,,,^ ɻ ə s t ɔ $,default,a8f0c08853464b232506b371ff27f781 247cac1b5c9220788bac776f79838cb8
bsh_e-8-1,,bsh_e,8,vɑʈ,vɑʈ,v ɑ ʈ,,hindukush,,,^ v ɑ ʈ $,default,34145776dea161d2bcc5f97d1718a78d 3f19731ed47d64d598c98988a6ea65b1
bsh_e-12-1,,bsh_e,12,sṵ,sṵ,s ṵ,,hindukush,,,^ s ṵ $,default,44e830970c568eb4a030d7e42522677c 52f5a9ec31af2a9772e259536291b34f
bsh_e-16-1,,bsh_e,16,dits,dits,d i ts,,hindukush,,,^ d i ts $,default,9a809f32e63dd47c65ea7e7ec5cb3378 9731e27b584a6490f29a3402d3903d7f
bsh_e-20-1,,bsh_e,20,dut,dut,d u t,,hindukush,,,^ d u t $,default,4218cf9bb5d7f8c0c7d4cf78911cebc2 3923fbb4e9c22d683cf89426c11456e3
bsh_e-24-1,,bsh_e,24,kənɑː,kənɑː,k ə n ɑː,,hindukush,,,^ k ə n ɑː $,default,e8294edb1aba32c4391df322da28345a 38c985d7c8e8a9f1facf3ca72067dd30
bsh_e-28-1,,bsh_e,28,dyː,dyː,d yː,,hindukush,,,^ d yː $,default,7a632debae287dead94e0a7c5cb6e500 f2b8cd2aa8bdaf9ed0c4a8efd31d1266
bsh_e-32-1,,bsh_e,32,ɑːv,ɑːv,ɑː v,,hindukush,,,^ ɑː v $,default,0deddb13dbddd80de53fc05cb115d8d0 8cd2293f126af44dd97902e61b292c3e
bsh_e-36-1,,bsh_e,36,mɔs,mɔs,m ɔ s,,hindukush,,,^ m ɔ s $,default,f7cf10fb7e15c6784adb0af02950308e 6d4ef9837db1e179975791c819e5a11e
bsh_e-40-1,,bsh_e,40,tyː,tyː,t yː,,hindukush,,,^ t yː $,default,280427bc68d89f713ae4d0af7e2011ae fa8b058ae195728a49e89f52500bf282
bsh_w-1-1,,bsh_w,1,lui,lui,l u i,,hindukush,,,^ l ui $,default,2a231f28feb84acad1a59d571459cfe8 3743e64fccc720ab9cc27cf0a7c5afae
bsh_w-5-1,,bsh_w,5,aʈiː,aʈiː,a ʈ iː,,hindukush,,,^ a ʈ iː $,default,e5cc4a79d55b318053081b83e54957cc d9f9d6a61dd48e9b933d49cc40c9baf4
bsh_w-9-1,,bsh_w,9,zɪrwoːtrə,zɪrwoːtrə,z ɪ r w oː t r ə,,hindukush,,,^ z ɪ rw oː t r ə $,default,1e6ebdd692ad5ead92bb9436bb8aa9f4 f6f7bed558b3fd202990f472a588b46b
bsh_w-13-1,,bsh_w,13,aːtsɨstə,aːtsɨstə,aː ts ɨ s t ə,,hindukush,,,^ aː ts ɨ s t ə $,default,2a4db5023b5f39c4bf17528fc49f619b 94be5d8288a7b42f485ec1c82e24b7c0
bsh_w-17-1,,bsh_w,17,mɻəstə,mɻəstə,m ɻ ə s t ə,,hindukush,,,^ m ɻ ə s t ə $,default,166d7cfded3e3e8f9946f0466d56d742 68bf1731ce6221031887ce97213b2dd6
bsh_w-21-1,,bsh_w,21,kuɻiː,kuɻiː,k u ɻ iː,,hindukush,,,^ k u ɻ iː $,default,5b21aa69289779b2775c85db4dee5bac cc686b9aec59a3d6d8b14804c38f71fc
bsh_w-25-1,,bsh_w,25,pijəstə,pijəstə,p i j ə s t ə,,hindukush,,,^ p i j ə s t ə $,default,a487f1111de27a14e4e08c025d8f0b70 2087e2f56940e4ef79563eca8285cce8
bsh_w-29-1,,bsh_w,29,kɑːr,kɑːr,k ɑː r,,hindukush,,,^ k ɑː r $,default,421878357d0ffdc812e3d2aaf493a0fa 087aafcffcc44a5724b6525ea3e928e2
bsh_w-33-1,,bsh_w,33,atɕiː,atɕiː,a tɕ iː,,hindukush,,,^ a tɕ iː $,default,1e33bddbfd4a4a7ae5ddc21548063ad5 c564817a667c41be16fe9224287f1ec6
bsh_w-37-1,,bsh_w,37,aŋɑː,aŋɑː,a ŋ ɑː,,hindukush,,,^ a ŋ ɑː $,default,977314f390f27515ffbfb293f595ffca 06b4433553bc182f703ed9bebb7231ac
bsh_w-2-1,,bsh_w,2,maːtsiː,maːtsiː,m aː ts iː,,hindukush,,,^ m aː ts iː $,default,a2da3ab5e1492f9a74bc65bd7fe185b1 ae171f3251b81c4d2fc465ba6d5077db
bsh_w-6-1,,bsh_w,6,ɖak,ɖak,ɖ a k,,hindukush,,,^ ɖ a k $,default,3c82dabdb9ecd4b2becbefa97a8a8abb daa65f426d25d9f6efeabd7ca5fba6ec
bsh_w-10-1,,bsh_w,10,duɕt,duɕt,d u ɕ t,,hindukush,,,^ d u ɕ t $,default,4860eef2d6e5c18e477ad44aaa2f5a1f aa185ca295f8b46114032653e532aa4a
bsh_w-14-1,,bsh_w,14,siŋaːstə,siŋaːstə,s i ŋ aː s t ə,,hindukush,,,^ s i ŋ aː s t ə $,default,1fa6af2d7c86633204f473bc59b889d1 733bf97fbec2aab12f8f58d57cb4b9f7
bsh_w-18-1,,bsh_w,18,kɑːʈ,kɑːʈ,k ɑː ʈ,,hindukush,,,^ k ɑː ʈ $,default,568ce95f4118d99da94aa4de9fa71fa4 f81d9af4dc83efbc74ead979e53e348b
bsh_w-22-1,,bsh_w,22,wuzæ,wuzæ,w u z æ,,hindukush,,,^ w u z æ $,default,d6e553a5d8c1697cb330bba6c1e2f01d c13de7adf698776f447fc0bdf0d175d5
bsh_w-26-1,,bsh_w,26,zɑː,zɑː,z ɑː,,hindukush,,,^ z ɑː $,default,995874224be3b30942fd7e61ee2c9967 5e1a381e58ffb742ebdb3474ca1b2ad4
bsh_w-30-1,,bsh_w,30,fɑːr,fɑːr,f ɑː r,,hindukush,,,^ f ɑː r $,default,1c390d846ee97805963d36cb1debb9af e0ddc26d492c386bc263cc7caa82e33c
bsh_w-34-1,,bsh_w,34,jɑji,jɑji,j ɑ j i,,hindukush,,,^ j ɑ j i $,default,8f2c2b3f67f88b995eb7027cd31e1681 7b0e3d72d66aa60ecdc045558fbb6bbf
bsh_w-38-1,,bsh_w,38,ju,ju,j u,,hindukush,,,^ j u $,default,b020add7b730f7458a233bdb69a56d07 380f2a7db65f3180e0fbc6a58d9f4d93
bsh_w-3-1,,bsh_w,3,paːɕiː,paːɕiː,p aː ɕ iː,,hindukush,,,^ p aː ɕ iː $,default,cce350981094e83323522bd9b83f9ced 00d18123368d8a4c0689107ae039193f
bsh_w-7-1,,bsh_w,7,nɔm kajɕtasə,nɔm_kajɕtasə,n ɔ m + k a j ɕ t a s ə,,hindukush,,,^ n ɔ m _ k a jɕ t a s ə $,default,0375307f59c2c2187c2980492ef9dbed 61ee442dc81bf501986560a6b4cb0afc
bsh_w-11-1,,bsh_w,11,nuiː,nuiː,n u iː,,hindukush,,,^ n uiː $,default,689bf77c5f2e354fd95019d99d933b0b 4cead3e6942795e3e2adb6bf1491ac6b
bsh_w-15-1,,bsh_w,15,ɻadora,ɻadora,ɻ a d o r a,,hindukush,,,^ ɻ a d o r a $,default,864685b28ff111746bdf5b80aec6134c 3f4223c795bd6a401987344e7f954445
bsh_w-23-1,,bsh_w,23,ew,ew,e w,,hindukush,,,^ e w $,default,16662c13f08eb9a855b24cc1cd0b57a2 1ccf876127e74b9f907d2605cebacd0e
bsh_w-31-1,,bsh_w,31,χodiwuza,χodiwuza,χ o d i w u z a,,hindukush,,,^ χ o d i w u z a $,default,3e8b11992c8f4fb68789d0d6e629479e bb7919509d95bce8336afe0666b3bd14
bsh_w-35-1,,bsh_w,35,wɻastə,wɻastə,w ɻ a s t ə,,hindukush,,,^ w ɻ a s t ə $,default,69e642cce2cc755357d98d75d4040a3e c3a5984521d2861a291cc14884e8b0d9
bsh_w-39-1,,bsh_w,39,tɕɔːm,tɕɔːm,tɕ ɔː m,,hindukush,,,^ tɕ ɔː m $,default,f0872e639c5f31310fb4d7cbd044d369 e8afd0b80b040b021f8f90a3b2e75bf0
bsh_w-4-1,,bsh_w,4,ɕtɑː,ɕtɑː,ɕ t ɑː,,hindukush,,,^ ɕ t ɑː $,default,f427af9e89cf0dcc3f443dbd9b67deba a712f0fee656dcb26f6f287ba30e086f
bsh_w-8-1,,bsh_w,8,wɑːʈ,wɑːʈ,w ɑː ʈ,,hindukush,,,^ w ɑː ʈ $,default,d7966add569fb23214c0b15ed59ecac8 bba3ada8a1e3b513959982e201ef4045
bsh_w-12-1,,bsh_w,12,suwej,suwej,s u w e j,,hindukush,,,^ s u w e j $,default,866676266587722b69ce0a843988abfe 158f2024e1c0ebae99ec2567fe9cb039
bsh_w-16-1,,bsh_w,16,wriː,wriː,w r iː,,hindukush,,,^ w r iː $,default,d2671c28a8c20e822ffd53bfdd671aa7 4d7bc52d75d53537412f5226ff479688
bsh_w-20-1,,bsh_w,20,dut,dut,d u t,,hindukush,,,^ d u t $,default,6807fafbf28b7f873ea1959679d93fc4 f1a2c93c802df141e43c1ac2ce57aba3
bsh_w-24-1,,bsh_w,24,ɕtum,ɕtum,ɕ t u m,,hindukush,,,^ ɕ t u m $,default,a0c8773333632e76fa9bc9510f7086b0 ebaf1fcaab2eb045878fc1f50beeb344
bsh_w-28-1,,bsh_w,28,dʑyw,dʑyw,dʑ y w,,hindukush,,,^ dʑ y w $,default,ac4fac7730b2e8d45e0d8477b846b296 d7d8678f0ec828cedb84fa69475a08f1
bsh_w-32-1,,bsh_w,32,ɑwə,ɑwə,ɑ w ə,,hindukush,,,^ ɑ w ə $,default,6078a835835fca07317e765086991859 129236462bd02e0a6f2fc4201b4ce355
bsh_w-36-1,,bsh_w,36,mɑːs,mɑːs,m ɑː s,,hindukush,,,^ m ɑː s $,default,bfe05980e0fdf56e33d8fa839b651e69 d9b8cd9e1463afb842d36fd9aea80f3e
bsh_w-40-1,,bsh_w,40,tɕyw,tɕyw,tɕ y w,,hindukush,,,^ tɕ y w $,default,9b84ecc3a095bfb367a56b00cab55fcb 2ec278ee7152bb642fb843641848484f
khw-1-1,,khw,1,lej,lej,l e j,,hindukush,,,^ l e j $,default,baa9605a28c161084dfdbfaab82682fd e0489b6625972cae81ec86adcd5bbead
khw-5-1,,khw,5,kɔɫ,kɔɫ,k ɔ lˠ,,hindukush,,,^ k ɔ ɫ $,default,ac403f33ce1fb44fd319976f3877d55b 3499d1baaab070d2a55a35bb34e46d61
khw-9-1,,khw,9,pap,pap,p a p,,hindukush,,,^ p a p $,default,580b90a887e0c9311f40f5171a542c04 1b5e52d2dc85b5117ef80dd5886ebbd7
khw-13-1,,khw,13,gik,gik,g i k,,hindukush,,,^ g i k $,default,bfb797e5997806ff0ecbed11d3efd393 4d9710433fd31a317c116079c24efe81
khw-17-1,,khw,17,brik,brik,b r i k,,hindukush,,,^ b r i k $,default,c52c0ddd7b637f1f36ea7e54c9507701 11e9fe5fb92885ffdb0f0e48f254c406
khw-21-1,,khw,21,rɛːni,rɛːni,r ɛː n i,,hindukush,,,^ r ɛː n i $,default,ed6783aa5c2ebb8056d81cd8e2e18872 56e9ec83b6985eb7ad59b89f0d0d5fbc
khw-25-1,,khw,25,piːk,piːk,p iː k,,hindukush,,,^ p iː k $,default,8e57a3f41e86accfb1ab3c7af1962add c64bc2e96a7e510d19f071a9abe23f51
khw-29-1,,khw,29,kaːr,kaːr,k aː r,,hindukush,,,^ k aː r $,default,0a4fe1ff8372206a4ebe513352fe4f77 3eb1a407f02c0640c67b1af49e3902a2
khw-33-1,,khw,33,ʁɛtɕ,ʁɛtɕ,ʁ ɛ tɕ,,hindukush,,,^ ʁ ɛ tɕ $,default,e436d21b62713f62de28fcbb82804564 a5f3a10358eb1d8b96385e2b8c5a93f6
khw-37-1,,khw,37,aŋgaːr,aŋgaːr,a ŋ g aː r,,hindukush,,,^ a ŋ g aː r $,default,d2a2499ab3105ef8e7d337ced68d3a70 49b740dd5841f1968934f761c1435ca0
khw-2-1,,khw,2,matsʰi,matsʰi,m a tsʰ i,,hindukush,,,^ m a tsʰ i $,default,89973a4ccae08cc319d5ab4455ba554d d4d3f26d343b056e0e177c14174a1e9c
khw-6-1,,khw,6,ʈip,ʈip,ʈ i p,,hindukush,,,^ ʈ i p $,default,9516edc0789098c81dd1e6566ee83761 ee51b0cf7b39134fa58600d821cb2d41
khw-10-1,,khw,10,hɔst,hɔst,h ɔ s t,,hindukush,,,^ h ɔ s t $,default,0c2f57d294d9cd9d77b2a176c47f195e a0047a225d2570dcfaea4f19b1271aab
khw-14-1,,khw,14,kaːr kɔrik,kaːr_kɔrik,k aː r + k ɔ r i k,,hindukush,,,^ k aː r _ k ɔ r i k $,default,e1be33394781c500fc973f229b9f2f83 4eab95f280f15b7c2b06be49cc6e1b29
khw-18-1,,khw,18,sruŋg,sruŋg,s r u ŋ g,,hindukush,,,^ s r u ŋ g $,default,2700f1bb9a2b8a2ab33ad28f792454da 794f6e788bfe38567c10980d80566df5
khw-22-1,,khw,22,awa,awa,a w a,,hindukush,,,^ a w a $,default,098759e51530ef714b19a4f0e8fdd58f bc7bd4ac0a010b5519bab6aebfd5d66f
khw-26-1,,khw,26,zanu,zanu,z a n u,,hindukush,,,^ z a n u $,default,0931dcccf0e7d900803807de4d193431 b2e3bac6ed2d4e729c863f26ec524899
khw-30-1,,khw,30,ʈʂʰan,ʈʂʰan,ʈʂʰ a n,,hindukush,,,^ ʈʂʰ a n $,default,640d61947a5c50fa7f9793247b675e24 c3ba1f49459a03efa86a8fc99140ea34
khw-34-1,,khw,34,dʑigaːr,dʑigaːr,dʑ i g aː r,,hindukush,,,^ dʑ i g aː r $,default,0d6cd72facd790c1930990183af9b12b 0c73a545000c2fa7a043f2a5116a00a6
khw-38-1,,khw,38,ʑɔːʁ,ʑɔːʁ,ʑ ɔː ʁ,,hindukush,,,^ ʑ ɔː ʁ $,default,61b7aa7b9383b1485712f032d66b2bcf dd71068029a6e2cbb01f60be14db95ac
khw-3-1,,khw,3,zɔm,zɔm,z ɔ m,,hindukush,,,^ z ɔ m $,default,fb8ea53c376889e838b773f2b420e511 cb4782c21f24d0dc22b00f4fba60d6c6
khw-7-1,,khw,7,nam,nam,n a m,,hindukush,,,^ n a m $,default,9cdd27a8b0134c80624ed0be757c1179 e6e5b52081fe3145d7d2d6c7f2336064
khw-11-1,,khw,11,nɔːʁ,nɔːʁ,n ɔː ʁ,,hindukush,,,^ n ɔː ʁ $,default,93009b20f5a3f6b62b49abc71ff91287 1328bcdd607e21478f944ef89d8debd9
khw-15-1,,khw,15,tɕuj,tɕuj,tɕ u j,,hindukush,,,^ tɕ u j $,default,c6f0f5a3cf1a953fd8b81668b67f5246 e36c4f9effe5692395fef07c39554374
khw-19-1,,khw,19,niskaːr,niskaːr,n i s k aː r,,hindukush,,,^ n i s k aː r $,default,f90586acd462c40579523c7445791662 7996b1ad246f329b7a15bd1a2a405085
khw-23-1,,khw,23,i,i,i,,hindukush,,,^ i $,default,97677cb72926f683d9c35f313bab145b 47dd2b7e8319bf1f11007a16f3531b2b
khw-27-1,,khw,27,"rah, pɔn",rah,r a h,,hindukush,,,^ r a h $,default,c5c062760040af2b23a182e5f6878d89 a8641e878e741d8135c1ab5e4f3f5204 198bd1af3c696f9cb133d9e4f9be5bf0 c3d157f1cac6045a9724e436ee283af1
khw-27-2,,khw,27,"rah, pɔn",pɔn,p ɔ n,,hindukush,,,^ p ɔ n $,default,c5c062760040af2b23a182e5f6878d89 a8641e878e741d8135c1ab5e4f3f5204 198bd1af3c696f9cb133d9e4f9be5bf0 c3d157f1cac6045a9724e436ee283af1
khw-31-1,,khw,31,mɔːɕ,mɔːɕ,m ɔː ɕ,,hindukush,,,^ m ɔː ɕ $,default,47eea6196d572d7d24f4e1c2dd19836e b5ce47cffdcea69df96edcc80b2ded3a
khw-35-1,,khw,35,lɔɫik,lɔɫik,l ɔ lˠ i k,,hindukush,,,^ l ɔ ɫ i k $,default,1a464375175acaa6538f70bf756bb73c 0a06ae9f504d97465d65d7565eed660c
khw-39-1,,khw,39,pʰɔst,pʰɔst,pʰ ɔ s t,,hindukush,,,^ pʰ ɔ s t $,default,8610755773ac4b59f14a4d2045f4b3b8 f3b1b14736ce0f68587395f14a374d2f
khw-4-1,,khw,4,istari,istari,i s t a r i,,hindukush,,,^ i s t a r i $,default,b4ea5e6e26306a513dab12049e71e232 4b4be933c6aa1ede9331cbbcc626145c
khw-8-1,,khw,8,bɔht,bɔht,b ɔ h t,,hindukush,,,^ b ɔ h t $,default,4b8f802bbd3dffb5440e5003e8e7c2a3 8351c1a9da57edbdf1fa73b48007a434
khw-12-1,,khw,12,jɔːr,jɔːr,j ɔː r,,hindukush,,,^ j ɔː r $,default,63e87e5e48e3300f1106d2ef568bb55d 5940d8211dc39dfc71168cf5d4f52bf2
khw-16-1,,khw,16,ligini,ligini,l i g i n i,,hindukush,,,^ l i g i n i $,default,86dab103939cbc2d55b915e69d61c958 c9b0f7b6cb7b61f251015f9ff613f427
khw-20-1,,khw,20,dɔn,dɔn,d ɔ n,,hindukush,,,^ d ɔ n $,default,c775005960404cf3e721d9a2c60955b4 456902b36bd7333c6b2d4768d5acd8de
khw-24-1,,khw,24,kaɳ,kaɳ,k a ɳ,,hindukush,,,^ k a ɳ $,default,deb0591bfc575b4be861eabe8b135e32 47615ecd9f3cd146970cc10cd1ebdff1
khw-28-1,,khw,28,dʑu,dʑu,dʑ u,,hindukush,,,^ dʑ u $,default,85ae153f5ba041b4583afa912cc35676 4f504182d876947f7fd7e418e43dfa12
khw-32-1,,khw,32,uːʁ,uːʁ,uː ʁ,,hindukush,,,^ uː ʁ $,default,1639be0f78f4eebc5072055243dd85c7 2b40a3fbdab426632ea621d1f5977c83
khw-36-1,,khw,36,ispa,ispa,i s p a,,hindukush,,,^ i s p a $,default,2b416399f3acc5f327afbfc023c4c0ed 85928312d5f7ee683a5a728dc8fc0264
khw-40-1,,khw,40,"pisa, tu",pisa,p i s a,,hindukush,,,^ p i s a $,default,1c2f9386c64cd28e0107d01ed02d6a9b f3cbab8bbaeeecb2a3fcd7236d93ee93 0f1d9c2fa6832b3ae30a0a6346e201bc ae53146d082dc83445147f7cf9ce9ab4
khw-40-2,,khw,40,"pisa, tu",tu,t u,,hindukush,,,^ t u $,default,1c2f9386c64cd28e0107d01ed02d6a9b f3cbab8bbaeeecb2a3fcd7236d93ee93 0f1d9c2fa6832b3ae30a0a6346e201bc ae53146d082dc83445147f7cf9ce9ab4
plk-1-1,,plk,1,leːl,leːl,l eː l,,hindukush,,,^ l eː l $,default,3da717faee3a4a763e84e3ed51413a08 50683e38191b7e7615d94fd98d5fbd1c
plk-5-1,,plk,5,ãʈʰi̥,ãʈʰi̥,ã ʈʰ i̥,,hindukush,,,^ ã ʈʰ i̥ $,default,e40d3630ea7ec1b2c55bfca92d4361eb ac30bc05cfa7f10dc6a394d3bc251044
plk-9-1,,plk,9,tɕitɕi̥,tɕitɕi̥,tɕ i tɕ i̥,,hindukush,,,^ tɕ i tɕ i̥ $,default,bf9f328b20ffbb149301fcb09727d449 41a97cd865d2aeb5b38a3d41d72648c3
plk-13-1,,plk,13,eh,eh,e h,,hindukush,,,^ e h $,default,ac203de0e62fc7b6de255486beeb825b 4580b76a532373a1ed6a6eadb697ca16
plk-17-1,,plk,17,miriɕ,miriɕ,m i r i ɕ,,hindukush,,,^ m i r i ɕ $,default,c9fad54850fb2313a62af04c3f1e8681 2d626db9a801c33f1ed327bccc8514c2
plk-21-1,,plk,21,ɕũː,ɕũː,ɕ ũː,,hindukush,,,^ ɕ ũː $,default,9958a25d7044d798b0b2e23f7a6e28ce 9d6c34c4408f43e184a5db96685cf69f
plk-25-1,,plk,25,pijoːɳ,pijoːɳ,p i j oː ɳ,,hindukush,,,^ p i j oː ɳ $,default,c8461c1f384b8d6fa0d9df7e4ca26b23 fafa15cf507543d559bcbbfb0a265583
plk-29-1,,plk,29,koːɳ,koːɳ,k oː ɳ,,hindukush,,,^ k oː ɳ $,default,0f501a5578d28e8e547ba1e16eb26e88 dfd317f6049570bce8aa27352da47639
plk-33-1,,plk,33,aʈʂʰiː,aʈʂʰiː,a ʈʂʰ iː,,hindukush,,,^ a ʈʂʰ iː $,default,fd8e6e6ad71898635e65703b9fdba03f 2608bab79fb4338f745d251a1a848b51
plk-37-1,,plk,37,hagaːr,hagaːr,h a g aː r,,hindukush,,,^ h a g aː r $,default,f9959468bcf3499e9c2cc57f735d3fe0 5aaec5e05be496ac70283a498866ecd1
plk-2-1,,plk,2,tɕubu,tɕubu,tɕ u b u,,hindukush,,,^ tɕ u b u $,default,7b429f3f88487ce6ab51d739e16c0379 7aae53e434d850654095f12ec078e51c
plk-6-1,,plk,6,puːɳu,puːɳu,p uː ɳ u,,hindukush,,,^ p uː ɳ u $,default,bea63e62ff9c46ee836b411e0db16c3c f037e3cd994a0ba7e3391d3f1b06765c
plk-10-1,,plk,10,hat,hat,h a t,,hindukush,,,^ h a t $,default,5e5a530af75a5ad1eb6d699e4787cb8f 7ab586a8f10d08c4f84a867367ede9c3
plk-14-1,,plk,14,ʂuɳoːn,ʂuɳoːn,ʂ u ɳ oː n,,hindukush,,,^ ʂ u ɳ oː n $,default,d7644e56b995eafd7a4c4fa4d195d8b5 323a1189338f479833ba1eddc8054ae0
plk-18-1,,plk,18,ʂigu,ʂigu,ʂ i g u,,hindukush,,,^ ʂ i g u $,default,3ecb4b14607fffe87aef5aa950f3496b 7da603636ae9b0708f53521f424023e6
plk-22-1,,plk,22,mõ,mõ,m õ,,hindukush,,,^ m õ $,default,2a7371bd0878ac67cfa3f9989f4957a5 2ad255ea8703b32bf59c23806d26b5f0
plk-26-1,,plk,26,kuʈʰu̥,kuʈʰu̥,k u ʈʰ u̥,,hindukush,,,^ k u ʈʰ u̥ $,default,7810ed1f45bbff28b29a31f1cc5ca8a1 30491ce3d881404ae28ed517e2e3930a
plk-30-1,,plk,30,paʈʰu̥,paʈʰu̥,p a ʈʰ u̥,,hindukush,,,^ p a ʈʰ u̥ $,default,20b93d313a655c95e4ca1be119987e11 31977e422bed8918562161a6f372377c
plk-34-1,,plk,34,hjuː,hjuː,h j uː,,hindukush,,,^ h j uː $,default,b32749ad3a42706bfe3eab4615768298 96ba993772e1376ca685449f9e43add4
plk-38-1,,plk,38,ʑũː,ʑũː,ʑ ũː,,hindukush,,,^ ʑ ũː $,default,e91544918ab4ccb2c94cf22dbe0806fd 5600d018d21c9a48b05deb99e23e946b
plk-3-1,,plk,3,kʰoɳ,kʰoɳ,kʰ o ɳ,,hindukush,,,^ kʰ o ɳ $,default,8563e93286dd9fc21038ba1e1e792679 c8673f174dd59d2b5f69bb6c27bba89a
plk-7-1,,plk,7,num,num,n u m,,hindukush,,,^ n u m $,default,416ee865778505e7992ddf3ff2afbfa0 4f475eeaf19aa8ba6906d26c624da70a
plk-11-1,,plk,11,nõː,nõː,n õː,,hindukush,,,^ n õː $,default,08f696d29376252778ef3feeefe929ec a78442c3f2548c3a438c692dc634b838
plk-15-1,,plk,15,raːti̥,raːti̥,r aː t i̥,,hindukush,,,^ r aː t i̥ $,default,e226d8a3866978862a3409095288b8ba 1f2fbb2981dd98a9eca58860fd74939a
plk-19-1,,plk,19,noːtʰu̥,noːtʰu̥,n oː tʰ u̥,,hindukush,,,^ n oː tʰ u̥ $,default,8f22cbba4fffa683494261db3eacd11a 5258dc18908432fe752ee3d410923d89
plk-23-1,,plk,23,ek,ek,e k,,hindukush,,,^ e k $,default,5ce73aab2fcdd752576ddd13889d9040 383cb3798cf81829fa19587a78ee6876
plk-27-1,,plk,27,pon,pon,p o n,,hindukush,,,^ p o n $,default,f5028c6f154c1673613dca0e11253191 ebfa53745bb2e985d95a009b71f50535
plk-31-1,,plk,31,muɕaː,muɕaː,m u ɕ aː,,hindukush,,,^ m u ɕ aː $,default,f52f6b7550cfc7af30dcd77200d51e16 350650784d0cd69b6f8be984b8e6a1ea
plk-35-1,,plk,35,ʈʂakoːn,ʈʂakoːn,ʈʂ a k oː n,,hindukush,,,^ ʈʂ a k oː n $,default,645fbb8a99f905956e361b9549284c5a e499492f9dfc37a2a3f823d831ba91b0
plk-39-1,,plk,39,tɕom,tɕom,tɕ o m,,hindukush,,,^ tɕ o m $,default,49fc0120cc163d51be60fb787ad1a626 59cedc7a2f8394da9fe822e428d925fc
plk-4-1,,plk,4,taːru̥,taːru̥,t aː r u̥,,hindukush,,,^ t aː r u̥ $,default,420a952c7e1c88db458c56ecb120f053 6d027a03cfc07344c5f4f0a858cfa00f
plk-8-1,,plk,8,baʈ,baʈ,b a ʈ,,hindukush,,,^ b a ʈ $,default,8c554c5beab53c32251200772293a89b 853ae72444e8a923d5f401ce7d4d44dd
plk-12-1,,plk,12,suːri̥,suːri̥,s uː r i̥,,hindukush,,,^ s uː r i̥ $,default,b37c0bbfeffd4973ab214e7488fc5f48 2e488af653617de0c53fc860e8d5094e
plk-16-1,,plk,16,ʑip,ʑip,ʑ i p,,hindukush,,,^ ʑ i p $,default,81af217eed6d2cab19912f33b3e84f5f 82e5815264a25f4620163a2cc0560f7d
plk-20-1,,plk,20,don,don,d o n,,hindukush,,,^ d o n $,default,26b2ecc70b5c5257d1656256e989a514 645566b5db3dc61e3ba8d702db194690
plk-24-1,,plk,24,tõm,tõm,t õ m,,hindukush,,,^ t õ m $,default,a205c1bccc4cf4b9a1b021649dca409a 85e11e7778064507e342c8a0fb0e5bb9
plk-28-1,,plk,28,duː,duː,d uː,,hindukush,,,^ d uː $,default,6787f87f12b4afdb99489cf676551548 1178aae24e8f85aeedec958d43235962
plk-32-1,,plk,32,woj,woj,w o j,,hindukush,,,^ w o j $,default,996059881fab86c8d8e631d5af31179d 5c5c628a103bb7528b4cc0e8de68e221
plk-36-1,,plk,36,be,be,b e,,hindukush,,,^ b e $,default,5df19be1d9074be556ba24ddf5a4bf5a b17923192f83345f8923fc0b552821cd
plk-40-1,,plk,40,"tu, tsʰo",tu,t u,,hindukush,,,^ t u $,default,c5a7fb1f6de6e912391751991652b260 27a87fbb7b4ce5dee761e11332816134 6a370ffab01452ab77b697c55e7e7e3d 8c53165b2ed311a56f7f0977400017c9
plk-40-2,,plk,40,"tu, tsʰo",tsʰo,tsʰ o,,hindukush,,,^ tsʰ o $,default,c5a7fb1f6de6e912391751991652b260 27a87fbb7b4ce5dee761e11332816134 6a370ffab01452ab77b697c55e7e7e3d 8c53165b2ed311a56f7f0977400017c9
shd-1-1,,shd,1,raːt,raːt,r aː t,,hindukush,,,^ r aː t $,default,c33944be5c96f6d21c96cced20370ddf eaad0df8c0a0396c726fea4820de3680
shd-5-1,,shd,5,heːɽ,heːɽ,h eː ɽ,,hindukush,,,^ h eː ɽ $,default,548803d6c98b10f4028489886a077cf4 806afce135878aabf61b4d6fb925ee71
shd-9-1,,shd,9,siːna,siːna,s iː n a,,hindukush,,,^ s iː n a $,default,be29b9196f5936e09c53dc19cbb31730 9a28a964dd27cd4412b57a6ca34ec497
shd-13-1,,shd,13,je,je,j e,,hindukush,,,^ j e $,default,a5332fa13a99a67fd4a5ae5dd7415932 240060433031f58095562c0490fd40bb
shd-17-1,,shd,17,mer,mer,m e r,,hindukush,,,^ m e r $,default,ccba9685a1467c1593fe6767875c4573 c556cb0e92d2e741986f4e70893e0442
shd-21-1,,shd,21,kutɕur,kutɕur,k u tɕ u r,,hindukush,,,^ k u tɕ u r $,default,14a14a1e3b81ad27955ca8d5cc515c6c c82f08def09755f057cc3fefc7d735f1
shd-25-1,,shd,25,piː,piː,p iː,,hindukush,,,^ p iː $,default,11f0a7bcf84a453b537ade129c229dba fe95608564073f6d9cc2f9b018bbfb55
shd-29-1,,shd,29,kaːn,kaːn,k aː n,,hindukush,,,^ k aː n $,default,4dcf14a72dd2a0512d3fc4aabff95d2f 0abfdf50e85f9ef456d753bcca0f8ea3
shd-33-1,,shd,33,aɕ,aɕ,a ɕ,,hindukush,,,^ a ɕ $,default,68dea9749b939d73c20ae94926000c99 60d1f199082995e5b82e72607f70154c
shd-37-1,,shd,37,aŋgaːr,aŋgaːr,a ŋ g aː r,,hindukush,,,^ a ŋ g aː r $,default,dcbcb704c777650c507c364bfc2d4bb8 c8623d3ba8cb06a8cd4bba7a6e09a241
shd-2-1,,shd,2,meːtɕʰe,meːtɕʰe,m eː tɕʰ e,,hindukush,,,^ m eː tɕʰ e $,default,44c10bf66fca44450a77efe2666cd8f4 d8fe9c119a61eb5e880517ee93cbf29a
shd-6-1,,shd,6,puːrgəl,puːrgəl,p uː r g ə l,,hindukush,,,^ p uː r g ə l $,default,b2a1ddf10474668703bd66e3c07ee1fa 6f63b5f10c476ce56d91c9d9d9a30a6a
shd-10-1,,shd,10,haːtʰ,haːtʰ,h aː tʰ,,hindukush,,,^ h aː tʰ $,default,259894e2855e00e8a987e61e0f8def3f f73982a91cb46fe93305ba116d4ff6a8
shd-14-1,,shd,14,ɕun,ɕun,ɕ u n,,hindukush,,,^ ɕ u n $,default,45e9067989af0187e14e0f8efeab9f47 28a3b0cedf19c26c00cb5d3a2771791d
shd-18-1,,shd,18,ɕĩː,ɕĩː,ɕ ĩː,,hindukush,,,^ ɕ ĩː $,default,8cfa61e614d4d57265e25ef6398a584e 56ca090b12c7b5918be0f80541ff28ec
shd-22-1,,shd,22,mã,mã,m ã,,hindukush,,,^ m ã $,default,2b67c2e821ac3434feaa585d051148d1 4cd09f4fd0042c7c2ce09a7fa9a27dcd
shd-26-1,,shd,26,kỹːɽ,kỹːɽ,k ỹː ɽ,,hindukush,,,^ k ỹː ɽ $,default,b1e49100cc77d19ba04ebf7026178aae 2e169b37f556d6a58f59dbdc9ed573b9
shd-30-1,,shd,30,pan,pan,p a n,,hindukush,,,^ p a n $,default,d655652b622ab184c8745cb37921f5ff ce08a3d5a05103691ebe0db2b996a8f2
shd-34-1,,shd,34,kəlɛːdʑə,kəlɛːdʑə,k ə l ɛː dʑ ə,,hindukush,,,^ k ə l ɛː dʑ ə $,default,654483e0c7a77cb0a2d04f0a6d136a26 3ce65687f04b3d4830ae40a3bb60b568
shd-38-1,,shd,38,dʑũː,dʑũː,dʑ ũː,,hindukush,,,^ dʑ ũː $,default,6fd830d4babbbfb83e122ebaf604746e 01277e34ec6fe141affe81fd0d4ea8f8
shd-3-1,,shd,3,bəʈoː,bəʈoː,b ə ʈ oː,,hindukush,,,^ b ə ʈ oː $,default,d54f8210a3fc2409262f571cf973dcb3 9f8add068614b2595907145398a394c2
shd-7-1,,shd,7,nã,nã,n ã,,hindukush,,,^ n ã $,default,4413630c1825061cee5319ad2b8276d3 6d50d0ec66cf7f602ba076dc673ee58b
shd-11-1,,shd,11,nãõ,nãõ,n ã õ,,hindukush,,,^ n ãõ $,default,ce262f6a89045bdbe22e3cb0d12968de 62d00716f3b74723932cdfd4418689b5
shd-15-1,,shd,15,ratãː,ratãː,r a t ãː,,hindukush,,,^ r a t ãː $,default,4296611bd61b86b8955ad6abc5d87363 2f2f469cb2e2091ee4369153fd94eb42
shd-19-1,,shd,19,natʰ,natʰ,n a tʰ,,hindukush,,,^ n a tʰ $,default,04b7dc8786a738b2767e8656e9c80031 b313431f72ceccc2401b3e917e95800d
shd-23-1,,shd,23,jokʰ,jokʰ,j o kʰ,,hindukush,,,^ j o kʰ $,default,504901e4ce1675bcfb527d591948fc8e 55cad6d21e31b641f07a5ed1b81dab64
shd-27-1,,shd,27,gɔːr,gɔːr,g ɔː r,,hindukush,,,^ g ɔː r $,default,75df0335177b69470bb05ee0528a62d0 4d1a2d8ba51721e3a404f2e3047231eb
shd-31-1,,shd,31,mɛ̃ːtɕ,mɛ̃ːtɕ,m ɛ̃ː tɕ,,hindukush,,,^ m ɛ̃ː tɕ $,default,ebecc132e9df0237e1c6acd504633a23 b6eec67c5d152e3aff49f863106ad162
shd-35-1,,shd,35,raku,raku,r a k u,,hindukush,,,^ r a k u $,default,71ab69cd6ad67fb25b8dece953fa203e fa0b33c547f45e22326d6613455c275d
shd-39-1,,shd,39,"fataːu, dʑamɽoː",fataːu,f a t aːu,,hindukush,,,^ f a t aːu $,default,760095e6e1f2ab719d0f7dc312729569 98f45dd2fc91b4db13462a325fc2b820 6ee8961e40d36a44f051b909b6758b0f 85a3964694a7d7bc37dd98fc8f412d2d
shd-39-2,,shd,39,"fataːu, dʑamɽoː",dʑamɽoː,dʑ a m ɽ oː,,hindukush,,,^ dʑ a m ɽ oː $,default,760095e6e1f2ab719d0f7dc312729569 98f45dd2fc91b4db13462a325fc2b820 6ee8961e40d36a44f051b909b6758b0f 85a3964694a7d7bc37dd98fc8f412d2d
shd-4-1,,shd,4,taːr,taːr,t aː r,,hindukush,,,^ t aː r $,default,b9f402c631627643df13a76578071155 e8c5ac8c6abe788bc46d3e50c6914bd1
shd-8-1,,shd,8,bəʈoː,bəʈoː,b ə ʈ oː,,hindukush,,,^ b ə ʈ oː $,default,b445fc3e6b48d05901fb7c4aceff59da 4a206d7b5bb85b4dc950d401b6c86797
shd-12-1,,shd,12,siːr,siːr,s iː r,,hindukush,,,^ s iː r $,default,dd4bde59c41128804237ce944de3f18f 03d96acda07e6d640d956731eaeee7b7
shd-16-1,,shd,16,dʑib,dʑib,dʑ i b,,hindukush,,,^ dʑ i b $,default,a972aa2be3d146fe89c190b91f2c6250 07080a759d53208fd4ba9d61ad6730e2
shd-20-1,,shd,20,daːnd,daːnd,d aː n d,,hindukush,,,^ d aː n d $,default,9b4029ce12cc27e504c9b935b60c5368 37b3ff6f8271b60708d5794321fa7cc8
shd-24-1,,shd,24,muʈ,muʈ,m u ʈ,,hindukush,,,^ m u ʈ $,default,57a5a693f6d5762b93ee28860097534b fb953f7ef1889b17fe36f7c48ad17a3f
shd-28-1,,shd,28,duːi,duːi,d uː i,,hindukush,,,^ d uːi $,default,f0a55ba3691d92f30f2d994f483c8a22 fc75c707c26859fa4ffe5edc86418caf
shd-32-1,,shd,32,pani,pani,p a n i,,hindukush,,,^ p a n i $,default,19dec87e8c3d2ae6c945225bc3b60a6d 96db3cba7927d9c68984a873c03255c9
shd-36-1,,shd,36,asõː,asõː,a s õː,,hindukush,,,^ a s õː $,default,da6f3dac8aa64365bfaba53b18aac8df 22d7c1bde3aab584bbc67d0cdcd8eb80
shd-40-1,,shd,40,to,to,t o,,hindukush,,,^ t o $,default,00abc5d08cec887ccabc19d5d6a5586d 7d963c68fec4d27a850a9228b92d6083
kir-1-1,,kir,1,qɑn,qɑn,q ɑ n,,hindukush,,,^ q ɑ n $,default,cfbe09ec946177a38f076a724321853f f450dde96f73f027256068f7e806aaff
kir-5-1,,kir,5,søːk,søːk,s øː k,,hindukush,,,^ s øː k $,default,366f0358c48586d2520dc516fe5a3708 065671d09e2835f3cfb6a850d6d4d3e0
kir-9-1,,kir,9,iːmtɕek,iːmtɕek,iː m tɕ e k,,hindukush,,,^ iː m tɕ e k $,default,bb62c0824ae95498004322dfd0b59fc7 791247393dd5997b3cc021b8158fcac4
kir-13-1,,kir,13,kɛːlde,kɛːlde,k ɛː l d e,,hindukush,,,^ k ɛː l d e $,default,c2fff6ffa87a7e4daa9d03ac88d71213 41a670bebe87ec362d607f1d90a9b6a8
kir-17-1,,kir,17,øːldøː,øːldøː,øː l d øː,,hindukush,,,^ øː l d øː $,default,2356b7a75e1f04c410d60fe7328835d0 34fa4b001d5020bc35058c33eae0c2cb
kir-21-1,,kir,21,it,it,i t,,hindukush,,,^ i t $,default,77f970a32b6f6651038dcfef28a5c629 29c9d9dd941c673e10c8d2f9f52042e9
kir-25-1,,kir,25,jiːtɕ,jiːtɕ,j iː tɕ,,hindukush,,,^ j iː tɕ $,default,cd65ba9dcde8f7804bf120a305317a33 602838b53c1e94fb99b9e0aaf4d181c6
kir-29-1,,kir,29,qulaːq,qulaːq,q u l aː q,,hindukush,,,^ q u l aː q $,default,1acca6bb21ce7041efbc5cb71c1bccc5 e3cb6ee6990749246000192418096cf2
kir-33-1,,kir,33,køːz,køːz,k øː z,,hindukush,,,^ k øː z $,default,d9856cf54cee118e6bf7c4587b608cd0 28a048c7e4aff579a6b4becc494d93e2
kir-37-1,,kir,37,oːt,oːt,oː t,,hindukush,,,^ oː t $,default,faeb05642206aeba189d3e607748cfe5 afaa3e8b5977466874b74935eda66e82
kir-2-1,,kir,2,bɑːlɯq,bɑːlɯq,b ɑː l ɯ q,,hindukush,,,^ b ɑː l ɯ q $,default,9674902f240f494614171106b95ceee8 56418bec1f87b52f73d382fae0ab162e
kir-6-1,,kir,6,dʑɯq,dʑɯq,dʑ ɯ q,,hindukush,,,^ dʑ ɯ q $,default,cb562e1dd54421e554fcdfb426af0081 7c35487fbe632f9699de25f3f41a6038
kir-10-1,,kir,10,qol,qol,q o l,,hindukush,,,^ q o l $,default,6f0ffec9e669f44aeecb74fb0fac3546 7e36b6a1f2364c894305bb210cc0195f
kir-14-1,,kir,14,uqːɑn,uqːɑn,u qː ɑ n,,hindukush,,,^ u qː ɑ n $,default,4f79a4d6697eab004b62783a1992166c 465ec8b72625344e71db14e4abe6df10
kir-18-1,,kir,18,myjyz,myjyz,m y j y z,,hindukush,,,^ m y j y z $,default,68dad20ee094127050292b129f9b5a29 2c1b5524d880a841d9b916c15a4d8b0f
kir-22-1,,kir,22,mɛːn,mɛːn,m ɛː n,,hindukush,,,^ m ɛː n $,default,69d4a7bbcf2c79f98155eac6dce44393 a13b43ab4e46ec362154d893a35a5e8b
kir-26-1,,kir,26,tizɛː,tizɛː,t i z ɛː,,hindukush,,,^ t i z ɛː $,default,0eb1a7e8f12cea946870f106e1e6cff8 dbd1c37e87d40ffa75d8db12bc0bfdec
kir-30-1,,kir,30,bɛrk,bɛrk,b ɛ r k,,hindukush,,,^ b ɛ r k $,default,034c62cd8b9b341558ff90c02a61b234 e1564720711c9399a73a580377fc9e75
kir-34-1,,kir,34,boːr,boːr,b oː r,,hindukush,,,^ b oː r $,default,2938d71dfe0fa10a2e0b12cbae7afa04 aebdf8c4fb49a87684a8e34935d7ff48
kir-38-1,,kir,38,pit,pit,p i t,,hindukush,,,^ p i t $,default,e6bb9479a6bacf2d0c96cb4bc3017f22 6cb60fb4febf0725a146867e931e2b0f
kir-3-1,,kir,3,qɯr,qɯr,q ɯ r,,hindukush,,,^ q ɯ r $,default,cfb5130c8ce92535acb279f09004ae01 909b27b0af42b81753d92b0cb498e8e6
kir-7-1,,kir,7,ɑːt,ɑːt,ɑː t,,hindukush,,,^ ɑː t $,default,6722a65783b58d9c9ffe9bc7c735b936 004395d4d860277355fe1d1d13d5e0c2
kir-11-1,,kir,11,dʑaːŋɯ,dʑaːŋɯ,dʑ aː ŋ ɯ,,hindukush,,,^ dʑ aː ŋ ɯ $,default,5a6886f3fe75d96616f13d0dc44f43f8 a3b3be98836b8b135dbe0a6a31e143ac
kir-15-1,,kir,15,tyn,tyn,t y n,,hindukush,,,^ t y n $,default,f79601e5953670c1e1e968f961c56c54 99b966f15c103b9164ac10d078d2351f
kir-19-1,,kir,19,morun,morun,m o r u n,,hindukush,,,^ m o r u n $,default,eec387a9faac4990495d2083e852cc80 e9f4d0fad037cfd8041f31be5ece11aa
kir-23-1,,kir,23,bir,bir,b i r,,hindukush,,,^ b i r $,default,7aee66b0180e4c36296e3a086000b3ac d06a2706aa44fa17762d51a08d29327a
kir-27-1,,kir,27,dʑɯr,dʑɯr,dʑ ɯ r,,hindukush,,,^ dʑ ɯ r $,default,071aeeb2f1bd4656942057a4cc1fba10 313c548dab0b68ca85ec7a16d45b7093
kir-31-1,,kir,31,ædam,ædam,æ d a m,,hindukush,,,^ æ d a m $,default,2058d3050b4fd049102e1ac9e65c50d1 fc6804ea1bb115d5d104a22b19e082d1
kir-35-1,,kir,35,kɯrdi,kɯrdi,k ɯ r d i,,hindukush,,,^ k ɯ r d i $,default,8af9294b9fb09ca9ccfa4a4e990bf682 04f26c1bd9467625c19592b7b8cca24b
kir-39-1,,kir,39,tɛːri,tɛːri,t ɛː r i,,hindukush,,,^ t ɛː r i $,default,b1b50af80e0651b3db96d20612572e30 e92136ffc7527a5f5d6a5aaa3ca6f993
kir-4-1,,kir,4,dʑeldɯz,dʑeldɯz,dʑ e l d ɯ z,,hindukush,,,^ dʑ e l d ɯ z $,default,5b0628b840043304ae42ce99802f6513 cf7130f20d43c7f31098b41a3a1de09a
kir-8-1,,kir,8,tɑːɕ,tɑːɕ,t ɑː ɕ,,hindukush,,,^ t ɑː ɕ $,default,a2805a5c340eb0a02e79481215b0fb8f e72514cc3c5ec5db6ca35253b0674168
kir-12-1,,kir,12,nur,nur,n u r,,hindukush,,,^ n u r $,default,2bda2cb6463f88de968e205b69510d81 a78d74f568e0466b70bba3599a41c60c
kir-16-1,,kir,16,til,til,t i l,,hindukush,,,^ t i l $,default,ca2dab86f6eddfa364c93c83d2857a8d 2f88f9248f83076e258514e19711ad6f
kir-20-1,,kir,20,køːrgøn,køːrgøn,k øː r g ø n,,hindukush,,,^ k øː r g ø n $,default,5b52fb641c0eb3427228976a7f59f677 0ac058e80c7c1c696f9fd73a7b02d901
kir-24-1,,kir,24,tɪriːk,tɪriːk,t ɪ r iː k,,hindukush,,,^ t ɪ r iː k $,default,bc491c7837425603ac153151b333d4a9 7d33a83614fd61de9491826751ac4572
kir-28-1,,kir,28,jekiː,jekiː,j e k iː,,hindukush,,,^ j e k iː $,default,8b7bd7d70a23b76fb4e533b3d1f070a0 21f776597751dc97a6e4b377d0793ff0
kir-32-1,,kir,32,su,su,s u,,hindukush,,,^ s u $,default,59403b461591cdd4d13d5da45f956ddd 3ce89b0e5256e8536153cbf0704fea2d
kir-36-1,,kir,36,ɑːj,ɑːj,ɑː j,,hindukush,,,^ ɑː j $,default,c7e8928b437bb2bdfc0741a999a94995 a5f3ef44c78adf33a29cfd37f75e7283
kir-40-1,,kir,40,sen,sen,s e n,,hindukush,,,^ s e n $,default,6ea3fce02856d58e6d3503f71f239a6f 3ef707fc87d419a41fecd70fa604a178
lbj-1-1,,lbj,1,ʈʰak,ʈʰak,ʈʰ a k,,hindukush,,,^ ʈʰ a k $,default,428c978d0e2597b3f50b5e6b6ccdcc41 7e88918f95e12fa35719b5e2d4ca3e2f
lbj-5-1,,lbj,5,ruspa,ruspa,r u s p a,,hindukush,,,^ r u s p a $,default,fda292c2f6ac27da58b7e9e4422117a1 213d46c5ff0afe52c97108977dab6b09
lbj-9-1,,lbj,9,ʈaŋ,ʈaŋ,ʈ a ŋ,,hindukush,,,^ ʈ a ŋ $,default,b7b776c0188a9730d70c24769fb653a2 2305b07fdf242f08e0dac9e713973588
lbj-13-1,,lbj,13,joŋ,joŋ,j o ŋ,,hindukush,,,^ j o ŋ $,default,165469b4885994114043399ad239e150 b4160a56367ea5272334f3863912e422
lbj-17-1,,lbj,17,ɕi,ɕi,ɕ i,,hindukush,,,^ ɕ i $,default,0f1f1c0492448d2d85ed4cfb760736c3 e9f919d22a5b309f93b6a09635621822
lbj-21-1,,lbj,21,kʰi,kʰi,kʰ i,,hindukush,,,^ kʰ i $,default,d1262635c43a7264b9b2f4e07b3f7a36 ee5ce8e2c2da03a505286b390ffd98b1
lbj-25-1,,lbj,25,tʰuŋ,tʰuŋ,tʰ u ŋ,,hindukush,,,^ tʰ u ŋ $,default,d4d32da31a8def92c582f1166bdb711f 4a27a3b2143abd4a55717950a327f3aa
lbj-29-1,,lbj,29,namtɕok,namtɕok,n a m tɕ o k,,hindukush,,,^ n a m tɕ o k $,default,caead1dd1c4879d56f4143597b947682 a3e385a028b4f3a09c29c3364ab68b93
lbj-33-1,,lbj,33,mik,mik,m i k,,hindukush,,,^ m i k $,default,00644b8ae180fb35a24bbfca9e019c20 d0790ebb2ee738d652a72b20174d012e
lbj-37-1,,lbj,37,me,me,m e,,hindukush,,,^ m e $,default,083c0f4dace25b70cca762fb6eb3c7cf fdf5453aad87206de462f74a18c65294
lbj-2-1,,lbj,2,ɲja,ɲja,ɲ j a,,hindukush,,,^ ɲ j a $,default,6422b8dd0117fee29630b57ff63fb26d 4b1eab9e5a8e21ab9243e00daed4d136
lbj-6-1,,lbj,6,gãte,gãte,g ã t e,,hindukush,,,^ g ã t e $,default,1218b126f0cc8a1dd3da5d1f534226dc 5397c6efc5f91fc53e19281dc90cf24e
lbj-10-1,,lbj,10,lakpa,lakpa,l a k p a,,hindukush,,,^ l a k p a $,default,a9c52a1a96ad83e4199d32d03a71db94 80ce0cb9ca70e21b757618b77ae3dc68
lbj-14-1,,lbj,14,ɲon,ɲon,ɲ o n,,hindukush,,,^ ɲ o n $,default,b9d46352792baf5636677fda79c0dde9 44e637adfa62c74b6bc27355acbbe2ab
lbj-18-1,,lbj,18,rutɕo,rutɕo,r u tɕ o,,hindukush,,,^ r u tɕ o $,default,4f17419cd2f1cb012af1c837c0777af1 5352a2ec314ff8355a9dc37a0a915966
lbj-22-1,,lbj,22,ŋa,ŋa,ŋ a,,hindukush,,,^ ŋ a $,default,ba176a958f57c9941670f8e708beb822 8edf7d7050da0843a657771ca6f5cf52
lbj-26-1,,lbj,26,pikmo,pikmo,p i k m o,,hindukush,,,^ p i k m o $,default,a3ba33d5c968cb7078f17d8ff1228d0a 97560c9428079c0ccfda4e65f9965cde
lbj-30-1,,lbj,30,lotma,lotma,l o t m a,,hindukush,,,^ l o t m a $,default,46b7380d3805c75a13f3113ef85b80c8 bffe7abf0347b210974e48552eea9088
lbj-34-1,,lbj,34,tɕʰimpa,tɕʰimpa,tɕʰ i m p a,,hindukush,,,^ tɕʰ i m p a $,default,e16e74eb5cc177dcbf517973de63127d f4d91386f4b2855b11152e3a9e6b1ed9
lbj-38-1,,lbj,38,ɕik,ɕik,ɕ i k,,hindukush,,,^ ɕ i k $,default,929a9d2ca10eb0e9364bb1cee673ee84 4212ba2e27770c2da969681b5192c3ee
lbj-3-1,,lbj,3,ri,ri,r i,,hindukush,,,^ r i $,default,5416a7e645b405ffcac6c615a342f032 c449ed1a6d47a52d14a14f5889204e59
lbj-7-1,,lbj,7,miŋ,miŋ,m i ŋ,,hindukush,,,^ m i ŋ $,default,0cc9a1562601c535558601c64574d255 5998b93b7052eb6512c915a810e1ad54
lbj-11-1,,lbj,11,soma,soma,s o m a,,hindukush,,,^ s o m a $,default,033fb2415a4104abcc204e8eb157e1e3 5053f59a5b911780e7b71bc7fe4086ef
lbj-15-1,,lbj,15,tsʰan,tsʰan,tsʰ a n,,hindukush,,,^ tsʰ a n $,default,328f01a9e0d0c5389ab146e1e6a113bc bc7fe68c48da65a8b97fe2275442e3b9
lbj-19-1,,lbj,19,nakuŋ,nakuŋ,n a k u ŋ,,hindukush,,,^ n a k u ŋ $,default,b7da7bab7c253ad3d748c5069f107e7a 9f0cec03b58c4c6afe50025a75d1f461
lbj-23-1,,lbj,23,tɕik,tɕik,tɕ i k,,hindukush,,,^ tɕ i k $,default,6a19ebb57b676a5e00baa4fc68dea9ad 22c1d594346f277102097830ee25540e
lbj-27-1,,lbj,27,lam,lam,l a m,,hindukush,,,^ l a m $,default,d0f3f97709de2427918c7f21bf7bd544 47ff5e5c204e3818f1599886797fed5b
lbj-31-1,,lbj,31,mi,mi,m i,,hindukush,,,^ m i $,default,dcd03e141f381c83fc037a935802983e a31bcef022f1c4c0d90a8736e5b4d9e1
lbj-35-1,,lbj,35,ɬtos,ɬtos,ɬ t o s,,hindukush,,,^ ɬ t o s $,default,cf4c323a58c253cdd343c16ffcd1b623 c06a65a8bf8e078ec6caae4868bfb1d3
lbj-39-1,,lbj,39,pakspa,pakspa,p a k s p a,,hindukush,,,^ p a ks p a $,default,aff734abcc760f25e3dcc909865933b4 3671279b6b136b4f5feb4561337bc595
lbj-4-1,,lbj,4,skarma,skarma,s k a r m a,,hindukush,,,^ s k a r m a $,default,91e6e00b556aff5b5973e386d940a494 a430219deb5723b6289ca3f241a77807
lbj-8-1,,lbj,8,rdoa,rdoa,r d o a,,hindukush,,,^ r d oa $,default,201d986b609e743f9f30cd53b1c5fd2d e90d3271f4efdbfee9b02c818af055e6
lbj-12-1,,lbj,12,ɲima,ɲima,ɲ i m a,,hindukush,,,^ ɲ i m a $,default,345ce634f5970e889467845c29e9db6a a73c7c9629dbbaf41cff7be4d3bf0ab7
lbj-16-1,,lbj,16,ɬtɕʰe,ɬtɕʰe,ɬ tɕʰ e,,hindukush,,,^ ɬ tɕʰ e $,default,b06fea6bbf510f64cd9409fea074166c 7ccc9324f4895829da79c94e010bedd4
lbj-20-1,,lbj,20,so,so,s o,,hindukush,,,^ s o $,default,4c5c24db127b97cf07dbe1a9ff53b9cf d5a4135623b0c2a7a2fb49b06e1c93eb
lbj-24-1,,lbj,24,ɬtɕʰaŋma,ɬtɕʰaŋma,ɬ tɕʰ a ŋ m a,,hindukush,,,^ ɬ tɕʰ a ŋ m a $,default,f2595999976e12b0a0011fcea95166a0 702007309ee110725541c79c0a74b2fd
lbj-28-1,,lbj,28,ɲis,ɲis,ɲ i s,,hindukush,,,^ ɲ i s $,default,757a7cdea1b5483fe20be51d6a7a79f5 e64022e2986404bda5f17a20e5b3dca8
lbj-32-1,,lbj,32,tɕʰu,tɕʰu,tɕʰ u,,hindukush,,,^ tɕʰ u $,default,99e29d3795ff9f44a70dcc37baa432d6 a89e30ef770fb8deec81d96b38c2dac0
lbj-36-1,,lbj,36,ŋaʑa,ŋaʑa,ŋ a ʑ a,,hindukush,,,^ ŋ a ʑ a $,default,3b1020c306925dd2d215afc22406300e a2d8e06f6cf2a237acb39f09561c3451
lbj-40-1,,lbj,40,kʰoraŋ,kʰoraŋ,kʰ o r a ŋ,,hindukush,,,^ kʰ o r a ŋ $,default,3f1921b838467897ab8cf59fd7dbcff9 db9cc079a32d20de7cbdf78ad0b53357
mnj-1-1,,mnj,1,iːn͏ɛ,iːn͏ɛ,iː n ɛ,,hindukush,,,^ iː n͏ ɛ $,default,2cd35f49276d51f0d8e8aa3bc29bb7a2 18018ba2f962cdc54bf4cbafb27550e0
mnj-5-1,,mnj,5,jastiː,jastiː,j a s t iː,,hindukush,,,^ j a s t iː $,default,7e23ec0f10043cb5fad8d579d69c99b6 43cc97c86c672cd6cd510cbaad76e1cf
mnj-9-1,,mnj,9,"piːstɛːn, ʃciːn",piːstɛːn,p iː s t ɛː n,,hindukush,,,^ p iː s t ɛː n $,default,1b677f9d4b4c9a9d43eb29d2a714356a 4e4e80bdce17d5f142ff66e3979fe978 d5d1fb92eb47d8ad0b8a8a8728db6ffe 93f383bf2e1845b5c7a8e5c624b72259
mnj-9-2,,mnj,9,"piːstɛːn, ʃciːn",ʃciːn,ʃ c iː n,,hindukush,,,^ ʃ c iː n $,default,1b677f9d4b4c9a9d43eb29d2a714356a 4e4e80bdce17d5f142ff66e3979fe978 d5d1fb92eb47d8ad0b8a8a8728db6ffe 93f383bf2e1845b5c7a8e5c624b72259
mnj-13-1,,mnj,13,ɑːʁɛjɑː,ɑːʁɛjɑː,ɑː ʁ ɛ j ɑː,,hindukush,,,^ ɑː ʁ ɛ j ɑː $,default,1477e293b803a8d4e7acbc6082864c86 5974f8148aaaadb5d1e8e7db3e2a0ac7
mnj-17-1,,mnj,17,mərɑː,mərɑː,m ə r ɑː,,hindukush,,,^ m ə r ɑː $,default,aeff65f359e6d342baf5289e66f6a5e3 be395b5bb8daa8e950b0c10b20157333
mnj-21-1,,mnj,21,ʁɑːlv,ʁɑːlv,ʁ ɑː l v,,hindukush,,,^ ʁ ɑː l v $,default,a856f9d89ded787842c0455ae9156ce8 3000386e82e6a50a7d04ef15b5bea72d
mnj-25-1,,mnj,25,ʃɛmdɑː,ʃɛmdɑː,ʃ ɛ m d ɑː,,hindukush,,,^ ʃ ɛ m d ɑː $,default,f40adcc44ffc6ce888b53faaffdfd93c ffe5957e2aa1ed7cd1e00ed5a76ba9dc
mnj-29-1,,mnj,29,ʁuːj,ʁuːj,ʁ uː j,,hindukush,,,^ ʁ uː j $,default,f3c34474173b49822a5c9ed3c8d7184d 51272907375838b4f200ee7d92b53e19
mnj-33-1,,mnj,33,tʃɑːm,tʃɑːm,tʃ ɑː m,,hindukush,,,^ tʃ ɑː m $,default,e7aa81707abfd0b658f5f50ba057fcd8 b5a482f764780f8a0c90d821dedd09bf
mnj-37-1,,mnj,37,juːr,juːr,j uː r,,hindukush,,,^ j uː r $,default,5b0d9740eb572ff41f0e2dee7dcfe027 2fcefb9e8a3d34989a545bf69e22eb7a
mnj-2-1,,mnj,2,kɑːb̥,kɑːb̥,k ɑː b̥,,hindukush,,,^ k ɑː b̥ $,default,62b36e00c5ffc8b9b3b4068774a0fb5a 0d876697f4bc1357b40c145c4f37f58f
mnj-6-1,,mnj,6,qalɑːt,qalɑːt,q a l ɑː t,,hindukush,,,^ q a l ɑː t $,default,4c962901e6ca1748e31fab09dcc205ea 8a9998551a7f4edf9ac83333174ce31c
mnj-10-1,,mnj,10,lɑːst,lɑːst,l ɑː s t,,hindukush,,,^ l ɑː s t $,default,9b6385771c5287b8c10276e4a5da3b4b 77dfe2b02db3b85bf42dab25ac8082f9
mnj-14-1,,mnj,14,nəʁəʃcɑː,nəʁəʃcɑː,n ə ʁ ə ʃ c ɑː,,hindukush,,,^ n ə ʁ ə ʃ c ɑː $,default,cee2817542b2a738a7c44ffa9c475171 a60906e02fafb6bdcc4f70d4b31e728f
mnj-18-1,,mnj,18,ʃʉw,ʃʉw,ʃ ʉ w,,hindukush,,,^ ʃ ʉ w $,default,eb70781b77855f4c7770ff1dde1c418c 19461648b3f70e16c8176c8ebdb91d1a
mnj-22-1,,mnj,22,zɛ,zɛ,z ɛ,,hindukush,,,^ z ɛ $,default,083896aae8744c89175089066ba65ff1 1cb780a5e369069c2b636a12a7204d5e
mnj-26-1,,mnj,26,ziːŋg,ziːŋg,z iː ŋ g,,hindukush,,,^ z iː ŋ g $,default,215a2b722341766962c7cda86e267770 9ccd5a7266d79b1073f1d397ddc74d24
mnj-30-1,,mnj,30,bɛːrg,bɛːrg,b ɛː r g,,hindukush,,,^ b ɛː r g $,default,5de57e278fb83418ac96f7064b14971d 23ed5eaa0eb76950454b6c117aa9b147
mnj-34-1,,mnj,34,d͡ʒigɛːr,d͡ʒigɛːr,dʒ i g ɛː r,,hindukush,,,^ d͡ʒ i g ɛː r $,default,d4c18b89b158d568ec632ad51f6c2cea 66c52355245429d4342443032de5a459
mnj-38-1,,mnj,38,spəjɛ,spəjɛ,s p ə j ɛ,,hindukush,,,^ s p ə j ɛ $,default,1b339bb70a0e337e18647a6bd070d7ac 954bca38d4aad80627c935d029d0167f
mnj-3-1,,mnj,3,saːstə,saːstə,s aː s t ə,,hindukush,,,^ s aː s t ə $,default,b97c3237745f28708b66c71bd9970f0b 5dd066c9ef038673f72507cb0ef2fa53
mnj-7-1,,mnj,7,nɑːm,nɑːm,n ɑː m,,hindukush,,,^ n ɑː m $,default,ab86a4c9d2d0f74ae3dac52784fe144d 8d859fed22951de4f19a70cfb11e14ec
mnj-11-1,,mnj,11,nuwiː,nuwiː,n u w iː,,hindukush,,,^ n u w iː $,default,8cdab390089fbf86a2f96d808dad44e1 d74b87b069a620b18766dc1975e74133
mnj-15-1,,mnj,15,χəʃawə,χəʃawə,χ ə ʃ a w ə,,hindukush,,,^ χ ə ʃ a w ə $,default,dda71491624ca4b5850070c0ff62c091 e7f20e99a5a5b80bbe7ebd63b60718d6
mnj-19-1,,mnj,19,fəskɛː,fəskɛː,f ə s k ɛː,,hindukush,,,^ f ə s k ɛː $,default,5bd0afdbe64e340759b1ff67cee38d78 b5112263b342464b44429559402c898a
mnj-23-1,,mnj,23,juː,juː,j uː,,hindukush,,,^ j uː $,default,63b13d3b989a4a1a696cd2781a7ab1b9 28e7dcbd6c327daff56ca575b737192e
mnj-27-1,,mnj,27,pɑːndɛ,pɑːndɛ,p ɑː n d ɛ,,hindukush,,,^ p ɑː n d ɛ $,default,f44162d7cd3e23fc0879a08bce1792f4 2c4dfec277c2715eb3788591ffe6b3c9
mnj-31-1,,mnj,31,ɑːdɛm,ɑːdɛm,ɑː d ɛ m,,hindukush,,,^ ɑː d ɛ m $,default,451a7891e30da45198d6bd5795fe7990 2a59c48b97df81727b77e4505c5c092d
mnj-35-1,,mnj,35,ləʃcɑː,ləʃcɑː,l ə ʃ c ɑː,,hindukush,,,^ l ə ʃ c ɑː $,default,5102e79060660e38461f3a65729e723f fd53b48401298d08ffc2e1eabbf4e808
mnj-39-1,,mnj,39,kɛːrɑːst,kɛːrɑːst,k ɛː r ɑː s t,,hindukush,,,^ k ɛː r ɑː s t $,default,b406c9897a39bbae25033097741b6c5a 440e419585a98d59492610ebe7ee7e7b
mnj-4-1,,mnj,4,stɑːriː,stɑːriː,s t ɑː r iː,,hindukush,,,^ s t ɑː r iː $,default,1edeed0063f095281c12cfe22b72f41a f8304c7bcea53849f74c63f1e5493c44
mnj-8-1,,mnj,8,kwiːkə,kwiːkə,k w iː k ə,,hindukush,,,^ kw iː k ə $,default,f2a79d4ada57f4da2b89452c794784e7 e13b6ab14bf4bdd3e36e413cce28df19
mnj-12-1,,mnj,12,miːrɑː,miːrɑː,m iː r ɑː,,hindukush,,,^ m iː r ɑː $,default,75725ccdd82714139eef6f8ab7553886 4c110d484e654a796d7163a4ddbf6d04
mnj-16-1,,mnj,16,zəviːʁ,zəviːʁ,z ə v iː ʁ,,hindukush,,,^ z ə v iː ʁ $,default,45a8fef7f3de812cd88ab2ea1e675491 65466db318d81391e96ca65051c13942
mnj-20-1,,mnj,20,lɑːnd,lɑːnd,l ɑː n d,,hindukush,,,^ l ɑː n d $,default,4aca7fb96dc8f48267b489bec2b6c069 4d948c81dab5e3cea9d2da460c2bde63
mnj-24-1,,mnj,24,awstɛ,awstɛ,a w s t ɛ,,hindukush,,,^ a ws t ɛ $,default,ac49544ef9412e5aa731b75b27e24147 2047d01651952d9d9a65df6ef067410f
mnj-28-1,,mnj,28,ləː,ləː,l əː,,hindukush,,,^ l əː $,default,64e93ba42c25404f123219705c5b9fe8 b27253f3d48116a9fbefc3b7834d3b61
mnj-32-1,,mnj,32,jɑːwʁɛ,jɑːwʁɛ,j ɑː w ʁ ɛ,,hindukush,,,^ j ɑː w ʁ ɛ $,default,966a41b6c9fa8df30b0b8bad0a19dacf 5b129d1111c46f7112d09140e5e3a962
mnj-36-1,,mnj,36,mɑːχ,mɑːχ,m ɑː χ,,hindukush,,,^ m ɑː χ $,default,a076a2a39ee53c2e8748c3845255a79f 431a7899d9920cf730cd45484c271f3c
mnj-40-1,,mnj,40,təː,təː,t əː,,hindukush,,,^ t əː $,default,26655ff2d863372d9832593026b17b9f 1f8e3406ed228977b5abb7fdf11588a1
phr-1-1,,phr,1,rat,rat,r a t,,hindukush,,,^ r a t $,default,c31ed20c1ebe6b395b9bb662ad519a55 bbdc8a1acab4842f2e13f1e967301dfb
phr-5-1,,phr,5,haɖi,haɖi,h a ɖ i,,hindukush,,,^ h a ɖ i $,default,56e2aa0a0d6b124b79652ef77d96fe5c 7b3a3fa471603e8ebdefd5f99edc634a
phr-9-1,,phr,9,tɕʰaːti,tɕʰaːti,tɕʰ aː t i,,hindukush,,,^ tɕʰ aː t i $,default,4f8c0e0e9c076b9c65a3bff6241433e3 8d9df25b683fa210224f7e2dc968e13a
phr-13-1,,phr,13,"atɕʰ, atɕʰnaː",atɕʰ,a tɕʰ,,hindukush,,,^ a tɕʰ $,default,de657199a2bc930ddc0098b3e3e89936 707fbd772adcccef41cc3110db5ea1b9 12919e86d03da800683ce156b1e15643 24f2ee6758c5c1ee8ea6365c77c77b00
phr-13-2,,phr,13,"atɕʰ, atɕʰnaː",atɕʰnaː,a tɕʰ n aː,,hindukush,,,^ a tɕʰ n aː $,default,de657199a2bc930ddc0098b3e3e89936 707fbd772adcccef41cc3110db5ea1b9 12919e86d03da800683ce156b1e15643 24f2ee6758c5c1ee8ea6365c77c77b00
phr-17-1,,phr,17,mari gija moːja,mari_gija_moːja,m a r i + g i j a + m oː j a,,hindukush,,,^ m a r i _ g i j a _ m oː j a $,default,8f604da31c2464437a05ee40d84735a1 a727cbc459ed6279185114074177b6b3
phr-21-1,,phr,21,kutːa,kutːa,k u tː a,,hindukush,,,^ k u tː a $,default,b2b329e8c7eaf96cf51a2aa1054b8506 4447255c0447682ef7beaa7ec828b543
phr-25-1,,phr,25,piː,piː,p iː,,hindukush,,,^ p iː $,default,4e7d3293923b5554c819f015c9ba51cc 8cff785bbc1208eee3d5ad66de171ac0
phr-29-1,,phr,29,kan,kan,k a n,,hindukush,,,^ k a n $,default,a53f2037425c11021cba81369cf1831b c7ab07685700ea218fcd68c0466b70be
phr-33-1,,phr,33,akʰ,akʰ,a kʰ,,hindukush,,,^ a kʰ $,default,9394ada0358fcd0406cfb2dd9597c98c da6501a76bd5c8ba0aac64ca579f3a25
phr-37-1,,phr,37,ag,ag,a g,,hindukush,,,^ a g $,default,a6de674f92d89244ada65992db92f00d 740eff039b96697930a6e79c316a0c2a
phr-2-1,,phr,2,matɕʰi,matɕʰi,m a tɕʰ i,,hindukush,,,^ m a tɕʰ i $,default,48f2e4c84561784b6b8db0a241b584f4 1767cd2fc59403e711ae129b6f2549e7
phr-6-1,,phr,6,pərjaːwaː,pərjaːwaː,p ə r j aː w aː,,hindukush,,,^ p ə r j aː w aː $,default,d914d658daa55f98de20dee340544450 f35ee81a10043a6394633bd2e63bb02d
phr-10-1,,phr,10,hatʰ,hatʰ,h a tʰ,,hindukush,,,^ h a tʰ $,default,51a79cbc43fe89c4f6a89b1f85b90432 4c985c2e8e681da98d033a9ba865ab8b
phr-14-1,,phr,14,budʑ,budʑ,b u dʑ,,hindukush,,,^ b u dʑ $,default,6db22ffc402578b0315fde7f5718fcc1 9a4f6f8f16734738424d2e199e496183
phr-18-1,,phr,18,siŋg,siŋg,s i ŋ g,,hindukush,,,^ s i ŋ g $,default,fae16dd0dc3a845d0825083c5a518951 b7a2252e080b28ae805a2a03036fe763
phr-22-1,,phr,22,mɛː,mɛː,m ɛː,,hindukush,,,^ m ɛː $,default,ecd1dd16dc6dc2d8366f12945b05f918 7c931c16671e0bc25405dfd1028d7c4a
phr-26-1,,phr,26,gɪʈa,gɪʈa,g ɪ ʈ a,,hindukush,,,^ g ɪ ʈ a $,default,aa1795de60ee4e4db63b246b4a1de6ad 111dd8dd123f61b79dfcc1484e0590db
phr-30-1,,phr,30,patər,patər,p a t ə r,,hindukush,,,^ p a t ə r $,default,ab26d40407ad4bd913b5ef54f6fce7ed 3b664135a5aa84d040ad26c124762c5d
phr-34-1,,phr,34,kaleːdʑaː,kaleːdʑaː,k a l eː dʑ aː,,hindukush,,,^ k a l eː dʑ aː $,default,335cdeceabd4064ed71aa0059c632c2f 1afa78fab75b780154347bed7ae11b97
phr-38-1,,phr,38,dʑũː,dʑũː,dʑ ũː,,hindukush,,,^ dʑ ũː $,default,b72c6ed22c413149526c54b130a1df3d 69462cfa002058c7b852d0f83e95f2e2
phr-3-1,,phr,3,"ʈakiː, pãːɽ",ʈakiː,ʈ a k iː,,hindukush,,,^ ʈ a k iː $,default,e92d77216d341b159db0a5b076a9b15d 03f6c0e96a48393dc1a5eb2b2c4247e9 2922e2e8d851021a45d7c2e7ed07cc26 5a1c1be4bbb52855e7366048cd5faae9
phr-3-2,,phr,3,"ʈakiː, pãːɽ",pãːɽ,p ãː ɽ,,hindukush,,,^ p ãː ɽ $,default,e92d77216d341b159db0a5b076a9b15d 03f6c0e96a48393dc1a5eb2b2c4247e9 2922e2e8d851021a45d7c2e7ed07cc26 5a1c1be4bbb52855e7366048cd5faae9
phr-7-1,,phr,7,naː,naː,n aː,,hindukush,,,^ n aː $,default,b387dffafa006a1d9f11344784436244 608fb1f54137ed4ddddb87cd934f81a4
phr-11-1,,phr,11,nawãː,nawãː,n a w ãː,,hindukush,,,^ n a w ãː $,default,bce68d2bf9860b2dcf3fbc87e74c75a1 55f37856f1de55adf3c0a9f8cfc7191d
phr-15-1,,phr,15,raːt,raːt,r aː t,,hindukush,,,^ r aː t $,default,59a7dedcdc8c634dbace5faf69a80101 a9af2a00d22813c505cb6b9d5b0db66e
phr-19-1,,phr,19,nak,nak,n a k,,hindukush,,,^ n a k $,default,283f0b1c11baf98ff28faec72550f5ff e86fca1121b2e9f1fb64627fb69e7eca
phr-23-1,,phr,23,hek,hek,h e k,,hindukush,,,^ h e k $,default,2f6f4393ba57b9ac97835a87a3db3265 ee513029872e7c46a7cc9b3ef8554f81
phr-27-1,,phr,27,raː,raː,r aː,,hindukush,,,^ r aː $,default,46f65a3d786ae720d137d5b716a3ee73 663f8ca5e41c962a7db1541fa19c2988
phr-31-1,,phr,31,dʑãɽã,dʑãɽã,dʑ ã ɽ ã,,hindukush,,,^ dʑ ã ɽ ã $,default,4ed643398735776240631e75941a1f3c 63ac1a5a2a78328d50717d2dcc8733a6
phr-35-1,,phr,35,takɽãː,takɽãː,t a k ɽ ãː,,hindukush,,,^ t a k ɽ ãː $,default,ba3c786553af6adb0245eefae5e471cb ceb5b6c0c3e67fb48665f719b40b0ba5
phr-39-1,,phr,39,tɕamɽi,tɕamɽi,tɕ a m ɽ i,,hindukush,,,^ tɕ a m ɽ i $,default,145c6babbdd93e3e836582dce5dbfb1a 47a5aa19a46713d06786b589d2cdf677
phr-4-1,,phr,4,taːra,taːra,t aː r a,,hindukush,,,^ t aː r a $,default,300531c7084ecb9010fb8c47e4ed332c 71d45dc153ab05e49b9953ed0053c6db
phr-8-1,,phr,8,"baʈːa, ʈʰol",baʈːa,b a ʈː a,,hindukush,,,^ b a ʈː a $,default,ac0bab13ca5708b99ce182ffcd110a60 804312af6fc4b73079c96f88a6c96b2a d05d9148529207899ddc2559fdb002af 2028ea87e8486dc456c1a56f42c58bf1
phr-8-2,,phr,8,"baʈːa, ʈʰol",ʈʰol,ʈʰ o l,,hindukush,,,^ ʈʰ o l $,default,ac0bab13ca5708b99ce182ffcd110a60 804312af6fc4b73079c96f88a6c96b2a d05d9148529207899ddc2559fdb002af 2028ea87e8486dc456c1a56f42c58bf1
phr-12-1,,phr,12,dẽː,dẽː,d ẽː,,hindukush,,,^ d ẽː $,default,3473830d58b4408007c7f3bc494d39ae 7b6ead6602f1928196998f80f69c783f
phr-16-1,,phr,16,dʑiːw,dʑiːw,dʑ iː w,,hindukush,,,^ dʑ iː w $,default,64adbec9cfebad87440d261797bfab08 166dd2ae831895dc89c72f3817e0ee7a
phr-20-1,,phr,20,dand,dand,d a n d,,hindukush,,,^ d a n d $,default,10f48f6034a07309610ac81db1057f35 d4c4a9d64da03018a41af4d1f9730299
phr-24-1,,phr,24,buːʈa,buːʈa,b uː ʈ a,,hindukush,,,^ b uː ʈ a $,default,78c1a003ef07aa36111f557f07808760 819b12673dae0b3962787b6006b19129
phr-28-1,,phr,28,doː,doː,d oː,,hindukush,,,^ d oː $,default,ef415fc388807de50ef03f51a2e8d8de 41dce9a127f4228e91e5e4a32f46bad6
phr-32-1,,phr,32,paːɳi,paːɳi,p aː ɳ i,,hindukush,,,^ p aː ɳ i $,default,6eca24ecd8f72e2cd790a655d68b4d67 2b01edfbcd46bfa8a044ee9b44b5ef4b
phr-36-1,,phr,36,asãː,asãː,a s ãː,,hindukush,,,^ a s ãː $,default,adb3800ed70aa67f8c9cdebdf8432448 86347b875d59acdc7a0e615a962566a0
phr-40-1,,phr,40,"tuː, tusãː",tuː,t uː,,hindukush,,,^ t uː $,default,4142bfc627256adecef3ae39863b0162 28a1d0b130316eb40787fb01296ecde9 df9204c60cc0a822823006b3d402aefe de8b0b0ce3a8d2d6cea9a73dd8a538e5
phr-40-2,,phr,40,"tuː, tusãː",tusãː,t u s ãː,,hindukush,,,^ t u s ãː $,default,4142bfc627256adecef3ae39863b0162 28a1d0b130316eb40787fb01296ecde9 df9204c60cc0a822823006b3d402aefe de8b0b0ce3a8d2d6cea9a73dd8a538e5
phl-1-1,,phl,1,raːt,raːt,r aː t,,hindukush,,,^ r aː t $,default,d015a71b0d385fda49266234dae17271 f14e5f96a19d296a1e31afe02bb79bf2
phl-5-1,,phl,5,haɳɖuk,haɳɖuk,h a ɳ ɖ u k,,hindukush,,,^ h a ɳ ɖ u k $,default,259ccae0586489704c5cc70c89509e70 9770be45753c3e46d7e7a43f163458e4
phl-9-1,,phl,9,tɕitɕi,tɕitɕi,tɕ i tɕ i,,hindukush,,,^ tɕ i tɕ i $,default,0e8330b3cbf1809471182293c2cf8c97 2c7810065617a8ea985206bee6cd869b
phl-13-1,,phl,13,jʰajniː,jʰajniː,jʰ a j n iː,,hindukush,,,^ jʰ a j n iː $,default,b2a7338a237bf7f80be81938b135109c 478625b97d5f06bd24d68340986694c3
phl-17-1,,phl,17,marajniː,marajniː,m a r a j n iː,,hindukush,,,^ m a r a j n iː $,default,00d7bfb53efdd5c4ccddf36cb0d2e55e 67bbb718a2b204c472648cadfa610ec7
phl-21-1,,phl,21,kutɕuro,kutɕuro,k u tɕ u r o,,hindukush,,,^ k u tɕ u r o $,default,6452f7497f6c32233b4bc3d60daa16b9 535dc9f294c8c70980d51ca79fa3bf83
phl-25-1,,phl,25,pilajniː,pilajniː,p i l a j n iː,,hindukush,,,^ p i l a j n iː $,default,b4d39d24b29d5af3c264077c0e01c3eb 60ea8530440a998233a3ba8717f2b7c4
phl-29-1,,phl,29,kaːɳ,kaːɳ,k aː ɳ,,hindukush,,,^ k aː ɳ $,default,dadc43adfafc205a93a8863bf2347918 96aeb8ad83be5fa9f9dfbed415cc1c7d
phl-33-1,,phl,33,aʈʂʰiː,aʈʂʰiː,a ʈʂʰ iː,,hindukush,,,^ a ʈʂʰ iː $,default,15096f46ca2bd8c87e7c657053044883 5bb630997c3fd7c90bcc4a52eb3fcf30
phl-37-1,,phl,37,aŋgoːr,aŋgoːr,a ŋ g oː r,,hindukush,,,^ a ŋ g oː r $,default,353b90d666bec38b3a5114fc37bcbfc7 8fd3304e383e81172c37c579324973eb
phl-2-1,,phl,2,reːmats,reːmats,r eː m a ts,,hindukush,,,^ r eː m a ts $,default,ed9bb2f925896c748ed7202a11121114 eb1147a19fd44cce23efb7662c343c58
phl-6-1,,phl,6,pura,pura,p u r a,,hindukush,,,^ p u r a $,default,94218c1a02f4448578f3bc10a81c337b 52aac373eedb098af4346a24d7aa60b1
phl-10-1,,phl,10,haːt,haːt,h aː t,,hindukush,,,^ h aː t $,default,74771a5db80397502b1644eb10a3dd65 6bd85692d905be6625e98c5ec7b35c59
phl-14-1,,phl,14,ʂuɳajniː,ʂuɳajniː,ʂ u ɳ a j n iː,,hindukush,,,^ ʂ u ɳ a j n iː $,default,7460c57f9cb0884d5924a429fae36b75 3cb26b0f66cf806668e96595292d4d3e
phl-18-1,,phl,18,ʂiŋg,ʂiŋg,ʂ i ŋ g,,hindukush,,,^ ʂ i ŋ g $,default,11860794b0a644b399f1232d4eef7f8a add939cbbe2e8a7c026b79fb09977219
phl-22-1,,phl,22,ma,ma,m a,,hindukush,,,^ m a $,default,4a9ca50fd5e9ded9004a1c17e44a991e d08252451d2ec29ac3a33e7fe4837478
phl-26-1,,phl,26,kʰuʈo,kʰuʈo,kʰ u ʈ o,,hindukush,,,^ kʰ u ʈ o $,default,9aa943f2d7a1fd14f323609eca8d9a91 d2c3997f77959803d2e04a41339ca1ae
phl-30-1,,phl,30,paːlaː,paːlaː,p aː l aː,,hindukush,,,^ p aː l aː $,default,863cfada1646b745079dc712a3a4f850 2e2be8c1ec44d0b734e56d874b2c4afe
phl-34-1,,phl,34,dʑʰaŋgaːr,dʑʰaŋgaːr,dʑʰ a ŋ g aː r,,hindukush,,,^ dʑʰ a ŋ g aː r $,default,8ce8a28969fa8255625891de30a5d635 b8e3888461edfac8bd37be3079b7bc01
phl-38-1,,phl,38,dʑʰĩː,dʑʰĩː,dʑʰ ĩː,,hindukush,,,^ dʑʰ ĩː $,default,dd6fe8c1b0a596c1842383b8186927ed a8df9db78b39b8da8371b07c9d81f823
phl-3-1,,phl,3,kʰaːɳ,kʰaːɳ,kʰ aː ɳ,,hindukush,,,^ kʰ aː ɳ $,default,a8deaf35eba339f866c30cdd80ea59e4 5ea8079ed5ed9847fb25cd084447c018
phl-7-1,,phl,7,noː,noː,n oː,,hindukush,,,^ n oː $,default,d4ef44f7586e05e2f8d60a6a01652374 f1c7b09cbc5a6636029ac5535b259941
phl-11-1,,phl,11,naːwu,naːwu,n aː w u,,hindukush,,,^ n aː w u $,default,10bdbabae49e77872777ade4018e1f9f 11020d2b56d4ac6d3f8902e20b88a00a
phl-15-1,,phl,15,raːt,raːt,r aː t,,hindukush,,,^ r aː t $,default,7a4c10199b05ef361e9ff3ab67fdb378 f0449ad29d189fac10eed03e39adb9c2
phl-19-1,,phl,19,naːs,naːs,n aː s,,hindukush,,,^ n aː s $,default,bf702e331668e0a4dd6a750cc596bfcc d0df450238d20f1f83caabe3fec5bb67
phl-23-1,,phl,23,aːk,aːk,aː k,,hindukush,,,^ aː k $,default,2e76e111288dc031e2b85d0759bd3cc9 cb53ce2d00cb9e4935290c4da50ac411
phl-27-1,,phl,27,paːn,paːn,p aː n,,hindukush,,,^ p aː n $,default,cc13e853096bfea449315de4b77aee2b a7ee7c4d5d8fcb2e4248f316bdf1e100
phl-31-1,,phl,31,miːɕ,miːɕ,m iː ɕ,,hindukush,,,^ m iː ɕ $,default,4b112a5a5a6990692a159d7b4970512c b5906ad8fd026595a45b4e5be640dc80
phl-35-1,,phl,35,paɕajniː,paɕajniː,p a ɕ a j n iː,,hindukush,,,^ p a ɕ a j n iː $,default,5830d8dcf7900a3164e6403a5463792f 218b37d4705c965408b2a027952e144c
phl-39-1,,phl,39,tɕaːm,tɕaːm,tɕ aː m,,hindukush,,,^ tɕ aː m $,default,bf1b47e1fbf9ad83da4def72a5f4a7c6 48762ae9d89cc4db74f935a4b413b660
phl-4-1,,phl,4,toːro,toːro,t oː r o,,hindukush,,,^ t oː r o $,default,3d4f52fa357745374af31cd2d735083f ccefefc0546c75bc09a70430da85936c
phl-8-1,,phl,8,baːʈ,baːʈ,b aː ʈ,,hindukush,,,^ b aː ʈ $,default,86f00171ddf7b66245965dbe3d8daaf0 e278a0e4c95911027ad7beef1f7dfa0d
phl-12-1,,phl,12,suːri,suːri,s uː r i,,hindukush,,,^ s uː r i $,default,65be6a95a2a691747db6e9ddb2b9c75c 4ac61a69547d163b6c85a3673af3f151
phl-16-1,,phl,16,dʑip,dʑip,dʑ i p,,hindukush,,,^ dʑ i p $,default,eb6fc814f2fe0db3d727eba29591a48c 28b11eaf51e3106223b8434336f0e489
phl-20-1,,phl,20,daːnd,daːnd,d aː n d,,hindukush,,,^ d aː n d $,default,7059d12647451fbb94e7e956f00d37c4 c6207122f3ead663dcc0bfccdce8d63c
phl-24-1,,phl,24,muʈ,muʈ,m u ʈ,,hindukush,,,^ m u ʈ $,default,08dadf0a5d4a5dba479528b17d0bbbff 984be622479b8b63e731551bf20b58a6
phl-28-1,,phl,28,duː,duː,d uː,,hindukush,,,^ d uː $,default,fd716928d74f057a64422daedca6638a bd260e8d728248f7d5bc48119ebb5bdb
phl-32-1,,phl,32,wiː,wiː,w iː,,hindukush,,,^ w iː $,default,545c8430d08c383e0cad2c70cc08c4b5 bfc88293e372cc5f6931a65cbada5eb5
phl-36-1,,phl,36,be,be,b e,,hindukush,,,^ b e $,default,6eff01117f4367ae0e051fbfc08225c7 7fae46147ad0615b1319bc02b770dd88
phl-40-1,,phl,40,tu,tu,t u,,hindukush,,,^ t u $,default,b35e0a1a6533c72ae701da54806c1b07 05895cab2f7e4539a94a83ac4e534109
prc-1-1,,prc,1,hin,hin,h i n,,hindukush,,,^ h i n $,default,c3bca2ff3c3c6f8b2f60b4c9b731e7b2 1163433e0aaf406b1b1ca73622a8db9e
prc-5-1,,prc,5,ostoχɑːn,ostoχɑːn,o s t o χ ɑː n,,hindukush,,,^ o s t o χ ɑː n $,default,879495a19208c4e64dca6028db247b22 ba2c128f3b4b64a091916edabb1a20b3
prc-9-1,,prc,9,siz,siz,s i z,,hindukush,,,^ s i z $,default,9a43034555540d9eb24ea8e8dc21236d 9465f33ee4d6df74b340d6d792a77e45
prc-13-1,,prc,13,ɑːʁu,ɑːʁu,ɑː ʁ u,,hindukush,,,^ ɑː ʁ u $,default,ee83acdcf2120cc376f0cac33e67785e 3202ed4741df75ff6cb24f06e8e4e36d
prc-17-1,,prc,17,muɽu,muɽu,m u ɽ u,,hindukush,,,^ m u ɽ u $,default,88b0d0c60350dddc647a971f768bb1a8 dc9edf185c27e845dbab984e30c2b597
prc-21-1,,prc,21,espoː,espoː,e s p oː,,hindukush,,,^ e s p oː $,default,3628b30110b9b2156f1e32bf5bd47a35 3088d39065cbab07fea8711b96664994
prc-25-1,,prc,25,tuɽoː,tuɽoː,t u ɽ oː,,hindukush,,,^ t u ɽ oː $,default,56bb1773189f282fa695ed52cf4abb7b e69ce209d2a6c777abdbd0711a2c1d66
prc-29-1,,prc,29,guːʃ,guːʃ,g uː ʃ,,hindukush,,,^ g uː ʃ $,default,79b635b21f4c0232dfb96af73ccc936e 42b14a25bb15fe19587b000d94492b55
prc-33-1,,prc,33,tetʃ,tetʃ,t e tʃ,,hindukush,,,^ t e tʃ $,default,fed994e0c22275e5fa99ddfeb7a2ae69 bc556ce785b046eb782926a5e0a4c6fb
prc-37-1,,prc,37,riːne,riːne,r iː n e,,hindukush,,,^ r iː n e $,default,c10a68bcfccf22848b4dc04e05943935 5a31dd1e19831d3a1995040a72ab99c4
prc-2-1,,prc,2,mɑːhi,mɑːhi,m ɑː h i,,hindukush,,,^ m ɑː h i $,default,187b5e369698d7341a4c50679d30be33 eb0f03894fdda68efe8fccfaef8f565e
prc-6-1,,prc,6,ɖak,ɖak,ɖ a k,,hindukush,,,^ ɖ a k $,default,3e14d62f56da1a8da4e7253dabc6b0af 3146c767b411fd8b2fcc4c584787bedd
prc-10-1,,prc,10,dust,dust,d u s t,,hindukush,,,^ d u s t $,default,4843790a67b2c16915f3d3c38ffe20fa 760b6ff4959ad33c7d36d084b0b7fe8c
prc-14-1,,prc,14,hatu,hatu,h a t u,,hindukush,,,^ h a t u $,default,0ec5f03faffe5b3919203343b1e63013 d80cd47906d02f3467bde297670e1a9c
prc-18-1,,prc,18,ʃɑːχ,ʃɑːχ,ʃ ɑː χ,,hindukush,,,^ ʃ ɑː χ $,default,7f0040c7fc712eefc88456d08cdf2de7 1b5d46c092789145efa8e8232e2ec280
prc-22-1,,prc,22,ɑːn,ɑːn,ɑː n,,hindukush,,,^ ɑː n $,default,6cf88b2a8d10b637e87f085a50d5210d bd304d8b52e13e20eff2d0823f48bc80
prc-26-1,,prc,26,zɑːnu,zɑːnu,z ɑː n u,,hindukush,,,^ z ɑː n u $,default,965c321bc823b31104ed5eabc28fadda 495f365b4d96629b2086f9e1cbd838a6
prc-30-1,,prc,30,puːn,puːn,p uː n,,hindukush,,,^ p uː n $,default,054550fedc47df509bd78e9f6f63a668 3a7798ef1a607c05b4cb2ae56c85bdb4
prc-34-1,,prc,34,dʒigar,dʒigar,dʒ i g a r,,hindukush,,,^ dʒ i g a r $,default,c9525d3f90c7145d18ddfa070f0ffe53 96f377373e6575a1a4ab1ed398512405
prc-38-1,,prc,38,espo,espo,e s p o,,hindukush,,,^ e s p o $,default,4ee91b854b73190013cba2003e96380d 9100cf94a371bf3d27654bc524b4afa8
prc-3-1,,prc,3,dahɑːr,dahɑːr,d a h ɑː r,,hindukush,,,^ d a h ɑː r $,default,285834a5ca345e77ed46441cfd23527e 914e290234afcd160e9fbf7cf89b3690
prc-7-1,,prc,7,nɑːm,nɑːm,n ɑː m,,hindukush,,,^ n ɑː m $,default,9a564c088675d46a051bab8c4e9b6d70 c8ee821257cda350d6a48426c783fbbf
prc-11-1,,prc,11,nuː,nuː,n uː,,hindukush,,,^ n uː $,default,ef4c6dad3926aaa888121a23c1e22489 4f36d9418f5a9429e438afc2ca9cf891
prc-15-1,,prc,15,vjɑːr,vjɑːr,v j ɑː r,,hindukush,,,^ v j ɑː r $,default,0acb419157f025449a685c0b597e6d3f 3d85d96b22fc4c6d8c4e3ec53863aea0
prc-19-1,,prc,19,niʃt,niʃt,n i ʃ t,,hindukush,,,^ n i ʃ t $,default,e22f8dba2344b711a18b569ee9adac82 599dd532b68c599bd25fbe84622d00b2
prc-23-1,,prc,23,ʒu,ʒu,ʒ u,,hindukush,,,^ ʒ u $,default,8da01d95ed0e2fb951c7c04d432fc202 e8a9a8dfd808229abd0badecf2ad99f9
prc-27-1,,prc,27,parɑːn,parɑːn,p a r ɑː n,,hindukush,,,^ p a r ɑː n $,default,3a6fb27ecaf15ecc9bbd9029639443b4 c1e93473e1496e32c738aaa49c5c645b
prc-31-1,,prc,31,nafar,nafar,n a f a r,,hindukush,,,^ n a f a r $,default,9aa9f51f8af34d2f693326a6ef97ee8c 7eda2ce9a7c7ecdf1b178a2e3aec6a59
prc-35-1,,prc,35,doruː,doruː,d o r uː,,hindukush,,,^ d o r uː $,default,e68640d93228607eb5c68f2322819e1c e47c94bd9d6c732a9b2da7eaf9c211ca
prc-39-1,,prc,39,pust,pust,p u s t,,hindukush,,,^ p u s t $,default,c400602ff59245f81ed4a873b72054ae aad6726e4d06e5cb7c4448e82c26de8d
prc-4-1,,prc,4,sətɑːra,sətɑːra,s ə t ɑː r a,,hindukush,,,^ s ə t ɑː r a $,default,f769ff2e42943760e661fb8a2ceb9e9b 42973cacfde9f631aeacf1877ab07b7e
prc-8-1,,prc,8,ger,ger,g e r,,hindukush,,,^ g e r $,default,26a5c497bfa8842bdfca0ae4bd0193a7 43d71664219f407a413328e830b515da
prc-12-1,,prc,12,rutʃ,rutʃ,r u tʃ,,hindukush,,,^ r u tʃ $,default,c4434a2c56ae94eb504849e796dbfaf2 3ba8a88afde49a747ce6b2c3310def18
prc-16-1,,prc,16,bɑːn,bɑːn,b ɑː n,,hindukush,,,^ b ɑː n $,default,a9c179f36a5fcf12acc670d460ae34f8 9aad43f66fbb6d102f17c846df536ec4
prc-20-1,,prc,20,danɑːn,danɑːn,d a n ɑː n,,hindukush,,,^ d a n ɑː n $,default,6a55027ebfb17a611c36addafa1843ca 709bf43197b297b2cbc9e7dfb2111a43
prc-24-1,,prc,24,bʰiːn,bʰiːn,bʰ iː n,,hindukush,,,^ bʰ iː n $,default,4468814387be617719e5dae5ad08c142 96b8d526a80399c892f8628e6561b2ca
prc-28-1,,prc,28,diː,diː,d iː,,hindukush,,,^ d iː $,default,03a04e88a375e74af71a66e841d4bc1a 5d8014c1226417fbc68051b085a243f7
prc-32-1,,prc,32,aw,aw,a w,,hindukush,,,^ a w $,default,e6b89a27b1735d2b00897d5304dd9aa8 739458b5049227cc260b743d88346d8b
prc-36-1,,prc,36,mɑː,mɑː,m ɑː,,hindukush,,,^ m ɑː $,default,25896bb0a4aa7bd135f8ea5f8d76c4ea b74b9f9f55599683e216f0cc47fc7beb
prc-40-1,,prc,40,tuː,tuː,t uː,,hindukush,,,^ t uː $,default,d7e5f290c83207573d4eabe6cc6a2f1b 6ce9b52b23018d5405f0703b65577ae6
psh_ai-1-1,,psh_ai,1,aːr,aːr,aː r,,hindukush,,,^ aː r $,default,10d830dba8f2df2f822b51c9fc94566b 8385a6d285f5a8bcdb7b1b3f5edbdece
psh_ai-5-1,,psh_ai,5,aʈaː,aʈaː,a ʈ aː,,hindukush,,,^ a ʈ aː $,default,fae3bbaaf4a76d77fdc7ea741eb657fe 4803c4702d03138e9d9f41440fbb835d
psh_ai-9-1,,psh_ai,9,tɕutɕuː,tɕutɕuː,tɕ u tɕ uː,,hindukush,,,^ tɕ u tɕ uː $,default,856394b49edf541dd6fbddb15456ff2d 33c02300b378543d8de496f83f1a78e6
psh_ai-13-1,,psh_ai,13,aiːk,aiːk,a iː k,,hindukush,,,^ aiː k $,default,d80aaa49a41099df5c8ff71ac5e1e52e 6f39eaeb921bf0d8e947b08e8b85a46c
psh_ai-17-1,,psh_ai,17,muɽiːk,muɽiːk,m u ɽ iː k,,hindukush,,,^ m u ɽ iː k $,default,ba29fc4f50ddc92d716eaa1c468974ef f26899f4b0e7bfd7659e286514032e6c
psh_ai-21-1,,psh_ai,21,ɕuːŋg,ɕuːŋg,ɕ uː ŋ g,,hindukush,,,^ ɕ uː ŋ g $,default,da2da0defaccdb9172256478b9b12ddc 18f8fa93139efd0eb29da36e614fdc52
psh_ai-25-1,,psh_ai,25,piːk,piːk,p iː k,,hindukush,,,^ p iː k $,default,46e72844debaf08e3a1c75da2a84a520 a2b979c1e0f37b987773d025959cda4c
psh_ai-29-1,,psh_ai,29,kaːj,kaːj,k aː j,,hindukush,,,^ k aː j $,default,965467c27052e980278af4b5a79c839b 3f78d5c5278000f183df53281d67ba28
psh_ai-33-1,,psh_ai,33,atɕiː,atɕiː,a tɕ iː,,hindukush,,,^ a tɕ iː $,default,36c45ac58f8093355b6f328a098414f1 2de14b01e43cc9cf011baf9df6358ba0
psh_ai-37-1,,psh_ai,37,laːnɛ,laːnɛ,l aː n ɛ,,hindukush,,,^ l aː n ɛ $,default,e930b8dc795d209c6428ca28d23ed388 dd5770baaf0224d3517a0a2aea6890fd
psh_ai-2-1,,psh_ai,2,maːtsɛ,maːtsɛ,m aː ts ɛ,,hindukush,,,^ m aː ts ɛ $,default,53a6fba18d4e9b29d9a9ef5abea2c8da 144deedb51a0a050e0da25ad6f1f2e4d
psh_ai-6-1,,psh_ai,6,aːtɕɛ,aːtɕɛ,aː tɕ ɛ,,hindukush,,,^ aː tɕ ɛ $,default,8ad2fd51fd32d10bd87c8e7364c01044 5d7c4a3e4621e6df32a5a76c2efdf80c
psh_ai-10-1,,psh_ai,10,haːst,haːst,h aː s t,,hindukush,,,^ h aː s t $,default,489f1bf8adcbd9df07f58c045b0e2acc d624e4ecaf5cfea4bddbede5c71cb4f2
psh_ai-14-1,,psh_ai,14,kaːj dʑaiːk,kaːj_dʑaiːk,k aː j + dʑ a iː k,,hindukush,,,^ k aː j _ dʑ aiː k $,default,56f6d7e20ac677a99dcc620d464f7277 8f1d5741cdf6e1d1bfa312f235a2427b
psh_ai-18-1,,psh_ai,18,ʂaːŋg,ʂaːŋg,ʂ aː ŋ g,,hindukush,,,^ ʂ aː ŋ g $,default,c92a030ea01e3370e537118063823402 04200571ac2f821837113f26ff611960
psh_ai-22-1,,psh_ai,22,mam,mam,m a m,,hindukush,,,^ m a m $,default,0fa0cb681ca7006d2dfb8fc365a5042d fb0473bb623f3c43191314776c6342ad
psh_ai-26-1,,psh_ai,26,kaːɽ,kaːɽ,k aː ɽ,,hindukush,,,^ k aː ɽ $,default,19bf731074ae6d9b2684967faa85c3d1 9940e7a0a783d1c8552f799330a8740a
psh_ai-30-1,,psh_ai,30,paʈaː,paʈaː,p a ʈ aː,,hindukush,,,^ p a ʈ aː $,default,e83631e4730f83c023980b3cd1b4dff7 76c4fe453addf9646ba94ed90710cf69
psh_ai-34-1,,psh_ai,34,haːɽ,haːɽ,h aː ɽ,,hindukush,,,^ h aː ɽ $,default,c440fc747b29eadedaabf92038985423 98f4385a8aa4c638177d255c38e3b20d
psh_ai-38-1,,psh_ai,38,ʑuː,ʑuː,ʑ uː,,hindukush,,,^ ʑ uː $,default,14aba760cd8074a17425be324aa8c6b3 aaba5a698268ae07966bdec7bca48169
psh_ai-3-1,,psh_ai,3,dahaːr,dahaːr,d a h aː r,,hindukush,,,^ d a h aː r $,default,003562c6229496345b7565162047a54a 01a039bef1ea1159a0823041f4ee23b1
psh_ai-7-1,,psh_ai,7,naːm,naːm,n aː m,,hindukush,,,^ n aː m $,default,de24423c54cac0c33eb315bfe1034481 e2d86b5210575cf2b4e8106c3b89ffc2
psh_ai-11-1,,psh_ai,11,naːŋg,naːŋg,n aː ŋ g,,hindukush,,,^ n aː ŋ g $,default,feaaa1a6a63d03d83d036c9341fd87fa 0fe97b648fe0590de228a5e28a848452
psh_ai-15-1,,psh_ai,15,wiaːl,wiaːl,w i aː l,,hindukush,,,^ w iaː l $,default,7ce1a8c51665a936603b925dc8552053 56171d6db021a58beee6e21e67673c14
psh_ai-19-1,,psh_ai,19,naːst,naːst,n aː s t,,hindukush,,,^ n aː s t $,default,ec2ec5895f4c00a4cf697defdb22d958 77c8120a227c0a77bc5354ecfb47cab0
psh_ai-23-1,,psh_ai,23,iː,iː,iː,,hindukush,,,^ iː $,default,1b0434633d7817018fe18b0e625cabe9 741acf9b60412b3f53b710be74142dd8
psh_ai-27-1,,psh_ai,27,paːndɛ,paːndɛ,p aː n d ɛ,,hindukush,,,^ p aː n d ɛ $,default,8ace1307c4a9c43034c02d1e45672941 a99997f45d39541d740f2a96b7cebc50
psh_ai-31-1,,psh_ai,31,aːdɛm,aːdɛm,aː d ɛ m,,hindukush,,,^ aː d ɛ m $,default,9bab0438bc7c3883609a9d2bf6915450 7096c0d2c7f37c8388b615a774c29fdd
psh_ai-35-1,,psh_ai,35,diːk,diːk,d iː k,,hindukush,,,^ d iː k $,default,5b69f8810311804507e0e7eb8634e51b 658ec9031be1395d63f7b1a5ed9b5191
psh_ai-39-1,,psh_ai,39,pustaːk,pustaːk,p u s t aː k,,hindukush,,,^ p u s t aː k $,default,f1b7a9405c83895eeb4f1c70e1c618d2 99f0a1120a672b120fe1cc4f7b3f4165
psh_ai-4-1,,psh_ai,4,sətaːraː,sətaːraː,s ə t aː r aː,,hindukush,,,^ s ə t aː r aː $,default,6dc7bcd01d9347d411b1861b8d9c7817 00dd01f01e5c6c82fc3c93dbf8ab1ca7
psh_ai-8-1,,psh_ai,8,zaːmb,zaːmb,z aː m b,,hindukush,,,^ z aː m b $,default,81d8a3f47f6a0e0fedcb268ec07a7cda 8ff17d4603aaeee650451552dc6465d1
psh_ai-12-1,,psh_ai,12,surɛ,surɛ,s u r ɛ,,hindukush,,,^ s u r ɛ $,default,ebcb829df2fd82180b0c48461c8ed764 2fdf1b9795ab189b21bcb728df87fbf5
psh_ai-16-1,,psh_ai,16,dʑibɛ,dʑibɛ,dʑ i b ɛ,,hindukush,,,^ dʑ i b ɛ $,default,dfdb0362ed47dc7d9cb46c1d92542a69 8b0aeb5bb0b528c23bdc72c5b2a637e2
psh_ai-20-1,,psh_ai,20,daːnd,daːnd,d aː n d,,hindukush,,,^ d aː n d $,default,8c61324f61dc1e816b5d0926dcca4c4e 692da3351856f98fc40f19fafcc3d67f
psh_ai-24-1,,psh_ai,24,butaː,butaː,b u t aː,,hindukush,,,^ b u t aː $,default,45eeeb10171f031a6a145226d561741f 30ff72201764f2ca3ae842c6f95adbbf
psh_ai-28-1,,psh_ai,28,dɔː,dɔː,d ɔː,,hindukush,,,^ d ɔː $,default,17754399bb90ccdcc6b81c8fed0a070e af818bed6c03b4abcc382a6fc8ba87a9
psh_ai-32-1,,psh_ai,32,wareːk,wareːk,w a r eː k,,hindukush,,,^ w a r eː k $,default,28ba880eedbb1805efa35424ed9757b2 19f140fc08d43ad135d53f6107ea911d
psh_ai-36-1,,psh_ai,36,hamɛ,hamɛ,h a m ɛ,,hindukush,,,^ h a m ɛ $,default,1c05f2c685aaf26bbdc1c87edffb9d8b 659b811b12ef8e084c2bb487defae39e
psh_ai-40-1,,psh_ai,40,tu,tu,t u,,hindukush,,,^ t u $,default,5bcc1bd1fae5a599c16a2ef028cae6a7 3d11cd568aede4e4528d6c69b0557df1
psi_ar-1-1,,psi_ar,1,ɑːʂ,ɑːʂ,ɑː ʂ,,hindukush,,,^ ɑː ʂ $,default,447215d4bf4cb42b58854d8fddb21657 e92144fba4e03edd4bf1d7892b5c88b9
psi_ar-5-1,,psi_ar,5,aɳʈiː,aɳʈiː,a ɳ ʈ iː,,hindukush,,,^ a ɳ ʈ iː $,default,2a7469cbcb25d240f5e48c8a552dbdae d481e6a2dadad6417448e5cca90fcce2
psi_ar-9-1,,psi_ar,9,tɕɪtɕuː,tɕɪtɕuː,tɕ ɪ tɕ uː,,hindukush,,,^ tɕ ɪ tɕ uː $,default,45cc63816338676f8d1a0a0a4b50c4d2 aa4ca57a017424747c77fc03e530e5c6
psi_ar-13-1,,psi_ar,13,"jɑː, ik",jɑː,j ɑː,,hindukush,,,^ j ɑː $,default,4cc3ff835bbbd79aaa8dee92fdfb07e0 f821716cb5dc3f477d66e63a169f476f d24acd82ba0e26d34c65bfc2e42c3e8c 64ad8cc15e20a31b127e35bfceccd3bc
psi_ar-13-2,,psi_ar,13,"jɑː, ik",ik,i k,,hindukush,,,^ i k $,default,4cc3ff835bbbd79aaa8dee92fdfb07e0 f821716cb5dc3f477d66e63a169f476f d24acd82ba0e26d34c65bfc2e42c3e8c 64ad8cc15e20a31b127e35bfceccd3bc
psi_ar-17-1,,psi_ar,17,lig,lig,l i g,,hindukush,,,^ l i g $,default,d710a6aa41dd3409ab670f8902ba3bca e40e62329f919397fe567b85908dd953
psi_ar-21-1,,psi_ar,21,ʂuɽiŋg,ʂuɽiŋg,ʂ u ɽ i ŋ g,,hindukush,,,^ ʂ u ɽ i ŋ g $,default,73bb79c5e9b267f9f03af2fb79ec0388 980ec19666a90388f4e43f7747088470
psi_ar-25-1,,psi_ar,25,"peːk, peːgam",peːk,p eː k,,hindukush,,,^ p eː k $,default,b1740e7e44711319ea9b14913b814820 29699fa9415dd4ee50a1be5402c43840 a4b75691b424a19b3ab6ea553eea2dd6 0ccf5fa5fc27b15ed68d5e9f4f496d51
psi_ar-25-2,,psi_ar,25,"peːk, peːgam",peːgam,p eː g a m,,hindukush,,,^ p eː g a m $,default,b1740e7e44711319ea9b14913b814820 29699fa9415dd4ee50a1be5402c43840 a4b75691b424a19b3ab6ea553eea2dd6 0ccf5fa5fc27b15ed68d5e9f4f496d51
psi_ar-29-1,,psi_ar,29,"χɑːɽ, areːk",χɑːɽ,χ ɑː ɽ,,hindukush,,,^ χ ɑː ɽ $,default,0c6b86b48fef193d67d7e49babc161bd 38b25d57d20fc48a57d3a43779ba48df b2ecdd5fa10a9eb73d8500fd6dd2dc3a 5a0ac493fa9bb0a7f3e09ed9eeb7eb1c
psi_ar-29-2,,psi_ar,29,"χɑːɽ, areːk",areːk,a r eː k,,hindukush,,,^ a r eː k $,default,0c6b86b48fef193d67d7e49babc161bd 38b25d57d20fc48a57d3a43779ba48df b2ecdd5fa10a9eb73d8500fd6dd2dc3a 5a0ac493fa9bb0a7f3e09ed9eeb7eb1c
psi_ar-33-1,,psi_ar,33,antɕ,antɕ,a n tɕ,,hindukush,,,^ a n tɕ $,default,22b58c504a33e6c6c3f7987dd5c1da4a 576a0b4febfa8312181f89d2652080c0
psi_ar-37-1,,psi_ar,37,ɑːr,ɑːr,ɑː r,,hindukush,,,^ ɑː r $,default,86d5a7971b33802c9a374080b24aba1a 1920940a8e75d36aaa294d176f36ed62
psi_ar-2-1,,psi_ar,2,mɑːtɕ,mɑːtɕ,m ɑː tɕ,,hindukush,,,^ m ɑː tɕ $,default,1519c68de008481d95ecb3c321a76048 4f8120ee83095321caf10683ce6f08f5
psi_ar-6-1,,psi_ar,6,"ɖak, purwɑː",ɖak,ɖ a k,,hindukush,,,^ ɖ a k $,default,0f68ab6fdc17e52ebc94a43438d69d2c c84d6626be6b663356489d5cd9293910 6f1336b09bc528797f65c0c88c8db551 d7f0978274ba7302e0d48c4b945ecda4
psi_ar-6-2,,psi_ar,6,"ɖak, purwɑː",purwɑː,p u r w ɑː,,hindukush,,,^ p u rw ɑː $,default,0f68ab6fdc17e52ebc94a43438d69d2c c84d6626be6b663356489d5cd9293910 6f1336b09bc528797f65c0c88c8db551 d7f0978274ba7302e0d48c4b945ecda4
psi_ar-10-1,,psi_ar,10,ɑːs,ɑːs,ɑː s,,hindukush,,,^ ɑː s $,default,3a596baece5555ea45d7e327b50663c6 51405087f23a043f88eb6e680bfa21a2
psi_ar-14-1,,psi_ar,14,areik,areik,a r ei k,,hindukush,,,^ a r ei k $,default,d1dd893b1019c13629a85fe2e8c6fe2d 5d9a166ae308a405bb7c8de94ec8fffc
psi_ar-18-1,,psi_ar,18,ɕiŋg,ɕiŋg,ɕ i ŋ g,,hindukush,,,^ ɕ i ŋ g $,default,4c2d165f1fceadefa19695ca4f5da6cc 14bcd20d3841d1ecdc123fd6ebbad374
psi_ar-22-1,,psi_ar,22,mam,mam,m a m,,hindukush,,,^ m a m $,default,65b4598a85d981c5fd518bd12150d1a5 274e0cc6481c8f0bcff23fef75527acd
psi_ar-26-1,,psi_ar,26,kuʈɑː,kuʈɑː,k u ʈ ɑː,,hindukush,,,^ k u ʈ ɑː $,default,1c4cfe5aa49c1854374f608b9d2fdcf3 ccdca3c8706eda1ca2b07efcd66c6ffe
psi_ar-30-1,,psi_ar,30,paʈik,paʈik,p a ʈ i k,,hindukush,,,^ p a ʈ i k $,default,b3b1eff60b4dadd5fe08558c99dd6b63 13fa89420456eea18171e7e17b84f8eb
psi_ar-34-1,,psi_ar,34,dʑigar,dʑigar,dʑ i g a r,,hindukush,,,^ dʑ i g a r $,default,dbdc7edd2310ac5384688fb53a37bcfb 52af60fa9d5184875f84630f746263cb
psi_ar-38-1,,psi_ar,38,ʐuː,ʐuː,ʐ uː,,hindukush,,,^ ʐ uː $,default,b69fe80e4df40c85dadef704d95b0189 ed475f9d0545242e0b074fe6adcf1ec6
psi_ar-3-1,,psi_ar,3,dɑːr,dɑːr,d ɑː r,,hindukush,,,^ d ɑː r $,default,3e97bb00a27697ae64cddd1e752d92d5 629b583d7f1f68fc45c4a6ab3a0f9e20
psi_ar-7-1,,psi_ar,7,"nɑːm, nɑːmi",nɑːm,n ɑː m,,hindukush,,,^ n ɑː m $,default,037d9dc0aecf5e6350b7087a1065e111 660708ddc98fbce4927e659b48d998ce e0f7073f747a63bbf448bb86b5e799bb 09cb0b25a5e9cf39324a511b21c31491
psi_ar-7-2,,psi_ar,7,"nɑːm, nɑːmi",nɑːmi,n ɑː m i,,hindukush,,,^ n ɑː m i $,default,037d9dc0aecf5e6350b7087a1065e111 660708ddc98fbce4927e659b48d998ce e0f7073f747a63bbf448bb86b5e799bb 09cb0b25a5e9cf39324a511b21c31491
psi_ar-11-1,,psi_ar,11,"nungɑː, nuwɑː",nungɑː,n u n g ɑː,,hindukush,,,^ n u n g ɑː $,default,c6e1534b57c1a63e778201a2d4bb0333 56719da2d323eebd326cd8ab2f988aed 343bf8d245a71ece7b00746826bf7901 3b6665403cf5fb158783ee401e0bd475
psi_ar-11-2,,psi_ar,11,"nungɑː, nuwɑː",nuwɑː,n u w ɑː,,hindukush,,,^ n u w ɑː $,default,c6e1534b57c1a63e778201a2d4bb0333 56719da2d323eebd326cd8ab2f988aed 343bf8d245a71ece7b00746826bf7901 3b6665403cf5fb158783ee401e0bd475
psi_ar-15-1,,psi_ar,15,weːl,weːl,w eː l,,hindukush,,,^ w eː l $,default,73019e87eb5602e5ef7c361f4c93cfa5 33b1a8551a188dad54d226f3f9f3afdd
psi_ar-19-1,,psi_ar,19,"nɑːs, nastiː",nɑːs,n ɑː s,,hindukush,,,^ n ɑː s $,default,dd4d18392bc1f26911e2e613988734e8 255be330ec2b69e94b067acd3670bdbd 733c844b0ec842c2639d05575fae9672 d96b4e507ac2368b4b515cefd1f603cf
psi_ar-19-2,,psi_ar,19,"nɑːs, nastiː",nastiː,n a s t iː,,hindukush,,,^ n a s t iː $,default,dd4d18392bc1f26911e2e613988734e8 255be330ec2b69e94b067acd3670bdbd 733c844b0ec842c2639d05575fae9672 d96b4e507ac2368b4b515cefd1f603cf
psi_ar-23-1,,psi_ar,23,"aj, iː",aj,a j,,hindukush,,,^ a j $,default,b6803ed9a003fca629329c4a7a52d014 9d84fb59011ecf32a43e1582f4a7728f 542ed36eb632e80bc78b94ddad60f997 56bb63adab2031e47f0bb86e28208e8f
psi_ar-23-2,,psi_ar,23,"aj, iː",iː,iː,,hindukush,,,^ iː $,default,b6803ed9a003fca629329c4a7a52d014 9d84fb59011ecf32a43e1582f4a7728f 542ed36eb632e80bc78b94ddad60f997 56bb63adab2031e47f0bb86e28208e8f
psi_ar-27-1,,psi_ar,27,"panʲ , pɑːegɑː bandɑː",panʲ,p a nʲ,,hindukush,,,^ p a nʲ $,default,be1e27e6bd47cce3b4998872f409e8f3 3ac2d4f4a4a781cfe8303537cd7f5937 c2324981c15d5b27595cedd517d007ff 3b6fcea4e1791031ab88778fece12b58
psi_ar-27-2,,psi_ar,27,"panʲ , pɑːegɑː bandɑː",pɑːegɑː_bandɑː,p ɑː e g ɑː + b a n d ɑː,,hindukush,,,^ p ɑːe g ɑː _ b a n d ɑː $,default,be1e27e6bd47cce3b4998872f409e8f3 3ac2d4f4a4a781cfe8303537cd7f5937 c2324981c15d5b27595cedd517d007ff 3b6fcea4e1791031ab88778fece12b58
psi_ar-31-1,,psi_ar,31,"badɑː, ɑːdəmiː, nafar",badɑː,b a d ɑː,,hindukush,,,^ b a d ɑː $,default,c818e919d6ded8145f255479fe54e3ee 0ac7552114cfe80e4c8d66467eaf9065 635225ad6abfb2241c84eab68d354460 5d6e760235f0a96258216587bbf158d1 dc78903f9f92a2c7b90d2df5ef6d7b04 b91de85dbc0d943c525ccb00be5fde5c
psi_ar-31-2,,psi_ar,31,"badɑː, ɑːdəmiː, nafar",ɑːdəmiː,ɑː d ə m iː,,hindukush,,,^ ɑː d ə m iː $,default,c818e919d6ded8145f255479fe54e3ee 0ac7552114cfe80e4c8d66467eaf9065 635225ad6abfb2241c84eab68d354460 5d6e760235f0a96258216587bbf158d1 dc78903f9f92a2c7b90d2df5ef6d7b04 b91de85dbc0d943c525ccb00be5fde5c
psi_ar-31-3,,psi_ar,31,"badɑː, ɑːdəmiː, nafar",nafar,n a f a r,,hindukush,,,^ n a f a r $,default,c818e919d6ded8145f255479fe54e3ee 0ac7552114cfe80e4c8d66467eaf9065 635225ad6abfb2241c84eab68d354460 5d6e760235f0a96258216587bbf158d1 dc78903f9f92a2c7b90d2df5ef6d7b04 b91de85dbc0d943c525ccb00be5fde5c
psi_ar-35-1,,psi_ar,35,"laɕik, laɕuwɑː",laɕik,l a ɕ i k,,hindukush,,,^ l a ɕ i k $,default,537a0e2a88d82044ee85e4929432aeb6 c03caf4a4518c744b281c06484c53da8 1d1534f17c433cd94fd2d5ad87a00bd3 6f7fc5dbd94386b71daf7032f610bd5a
psi_ar-35-2,,psi_ar,35,"laɕik, laɕuwɑː",laɕuwɑː,l a ɕ u w ɑː,,hindukush,,,^ l a ɕ u w ɑː $,default,537a0e2a88d82044ee85e4929432aeb6 c03caf4a4518c744b281c06484c53da8 1d1534f17c433cd94fd2d5ad87a00bd3 6f7fc5dbd94386b71daf7032f610bd5a
psi_ar-39-1,,psi_ar,39,"pust, pustiː",pust,p u s t,,hindukush,,,^ p u s t $,default,8b28f216c73f32c1945fef867bbb451e 861aa442191a4aef329fd8a796f53a70 f3d9b2e1c3606f56c44cd60e3cdffcfb 8f42c3012a6f90deb865ce4d968e30f8
psi_ar-39-2,,psi_ar,39,"pust, pustiː",pustiː,p u s t iː,,hindukush,,,^ p u s t iː $,default,8b28f216c73f32c1945fef867bbb451e 861aa442191a4aef329fd8a796f53a70 f3d9b2e1c3606f56c44cd60e3cdffcfb 8f42c3012a6f90deb865ce4d968e30f8
psi_ar-4-1,,psi_ar,4,"sətarɑː, tadʑaɽik",sətarɑː,s ə t a r ɑː,,hindukush,,,^ s ə t a r ɑː $,default,6e54df7c1d20305ed2b28ad00b4bc3d3 519b0662e85d545ef89714abdd3a4916 f2735c3f5dcfb8120e33dbf53a3447aa 79c59cc40b11f62cb05f1210ed8a73cf
psi_ar-4-2,,psi_ar,4,"sətarɑː, tadʑaɽik",tadʑaɽik,t a dʑ a ɽ i k,,hindukush,,,^ t a dʑ a ɽ i k $,default,6e54df7c1d20305ed2b28ad00b4bc3d3 519b0662e85d545ef89714abdd3a4916 f2735c3f5dcfb8120e33dbf53a3447aa 79c59cc40b11f62cb05f1210ed8a73cf
psi_ar-8-1,,psi_ar,8,"wɑːɽ, karəɽɑː",wɑːɽ,w ɑː ɽ,,hindukush,,,^ w ɑː ɽ $,default,96545d6280c3dcad5ac0e777087e8466 eb877d4d00c448d4b0bed7bb1782e348 ed99974efd5d6801afd7fae7d75543b2 085631848c6c0f75a767cfe48945363d
psi_ar-8-2,,psi_ar,8,"wɑːɽ, karəɽɑː",karəɽɑː,k a r ə ɽ ɑː,,hindukush,,,^ k a r ə ɽ ɑː $,default,96545d6280c3dcad5ac0e777087e8466 eb877d4d00c448d4b0bed7bb1782e348 ed99974efd5d6801afd7fae7d75543b2 085631848c6c0f75a767cfe48945363d
psi_ar-12-1,,psi_ar,12,"sər, sir",sər,s ə r,,hindukush,,,^ s ə r $,default,57f8465bd6dafe14b3979508424d4bc8 bc5e4618cf2cd6d092611c142f7361c6 139fbfbfd688f10f13a406c90a3e1972 ce539f38214f64f2efd31b40d544f8c0
psi_ar-12-2,,psi_ar,12,"sər, sir",sir,s i r,,hindukush,,,^ s i r $,default,57f8465bd6dafe14b3979508424d4bc8 bc5e4618cf2cd6d092611c142f7361c6 139fbfbfd688f10f13a406c90a3e1972 ce539f38214f64f2efd31b40d544f8c0
psi_ar-16-1,,psi_ar,16,"ʑəb, dʑəbiː, dʑəb",ʑəb,ʑ ə b,,hindukush,,,^ ʑ ə b $,default,adbb90efcae1a9e6083f6523ac215381 99052d6b797d4e7d475270032f5cbdeb f64e6540d7c87d15b60a29b7755580de b460da7d7434730cc6ea5e9998cf358f 0b717fc91d4a1022105a1dc96cb45824 fc77d6f7b352ea42132da75be472d29e
psi_ar-16-2,,psi_ar,16,"ʑəb, dʑəbiː, dʑəb",dʑəbiː,dʑ ə b iː,,hindukush,,,^ dʑ ə b iː $,default,adbb90efcae1a9e6083f6523ac215381 99052d6b797d4e7d475270032f5cbdeb f64e6540d7c87d15b60a29b7755580de b460da7d7434730cc6ea5e9998cf358f 0b717fc91d4a1022105a1dc96cb45824 fc77d6f7b352ea42132da75be472d29e
psi_ar-16-3,,psi_ar,16,"ʑəb, dʑəbiː, dʑəb",dʑəb,dʑ ə b,,hindukush,,,^ dʑ ə b $,default,adbb90efcae1a9e6083f6523ac215381 99052d6b797d4e7d475270032f5cbdeb f64e6540d7c87d15b60a29b7755580de b460da7d7434730cc6ea5e9998cf358f 0b717fc91d4a1022105a1dc96cb45824 fc77d6f7b352ea42132da75be472d29e
psi_ar-20-1,,psi_ar,20,"dɑːn, dandiː",dɑːn,d ɑː n,,hindukush,,,^ d ɑː n $,default,b62014875d4bad75bf1fa7b54ae36406 37ee804302ba6241bd0a32c1b949ddc5 baa569a60427dc551e3f3c831e63b890 010b2afdda77b5c490d134ffdf580343
psi_ar-20-2,,psi_ar,20,"dɑːn, dandiː",dandiː,d a n d iː,,hindukush,,,^ d a n d iː $,default,b62014875d4bad75bf1fa7b54ae36406 37ee804302ba6241bd0a32c1b949ddc5 baa569a60427dc551e3f3c831e63b890 010b2afdda77b5c490d134ffdf580343
psi_ar-24-1,,psi_ar,24,"dʑal, kaɽik",dʑal,dʑ a l,,hindukush,,,^ dʑ a l $,default,e4a736241285ef2d8c5d64c424daddaa 17220a530b53cc677429caae16fdd40b a8df6b6d1865874abee46c6030ba7253 ad75a532fde7c1b14a1fc1b4cfb92026
psi_ar-24-2,,psi_ar,24,"dʑal, kaɽik",kaɽik,k a ɽ i k,,hindukush,,,^ k a ɽ i k $,default,e4a736241285ef2d8c5d64c424daddaa 17220a530b53cc677429caae16fdd40b a8df6b6d1865874abee46c6030ba7253 ad75a532fde7c1b14a1fc1b4cfb92026
psi_ar-28-1,,psi_ar,28,"də, duː dɪjə",də,d ə,,hindukush,,,^ d ə $,default,9fa2c1d2ab36131ee06182c3cbc6d4cd eb25c8ee7fbe9851490a9a9c0af63185 7e7a8dd4989b39b6116b68ca4380b719 3d3c005ffa116fa744bba500e1f34fac
psi_ar-28-2,,psi_ar,28,"də, duː dɪjə",duː_dɪjə,d uː + d ɪ j ə,,hindukush,,,^ d uː _ d ɪ j ə $,default,9fa2c1d2ab36131ee06182c3cbc6d4cd eb25c8ee7fbe9851490a9a9c0af63185 7e7a8dd4989b39b6116b68ca4380b719 3d3c005ffa116fa744bba500e1f34fac
psi_ar-32-1,,psi_ar,32,"warɪk, waruk",warɪk,w a r ɪ k,,hindukush,,,^ w a r ɪ k $,default,16f53ae51e668fe9b1f66250c0242c5b 435c642551212e04fe50d1bbfa03f004 8aaf76bb3465f00821684d0f23c4416e 628f95bac753aee15a06384b505a2134
psi_ar-32-2,,psi_ar,32,"warɪk, waruk",waruk,w a r u k,,hindukush,,,^ w a r u k $,default,16f53ae51e668fe9b1f66250c0242c5b 435c642551212e04fe50d1bbfa03f004 8aaf76bb3465f00821684d0f23c4416e 628f95bac753aee15a06384b505a2134
psi_ar-36-1,,psi_ar,36,ama,ama,a m a,,hindukush,,,^ a m a $,default,7971c4bd908080af1a796ae72d332dae 7943f0ff725c353dd9374b48c15254e3
psi_ar-40-1,,psi_ar,40,imə,imə,i m ə,,hindukush,,,^ i m ə $,default,2d5e9c0358c7f84285ddae7812c5eb10 f6d299542af358e3b7a6cfb7d57ee0c0
glh_ag-1-1,,glh_ag,1,"oːr, xʊn",oːr,oː r,,hindukush,,,^ oː r $,default,8cad4b73ef4cb6b9c970badd2f7f032a b0d97a780d59696452d4e80834253eaa 658a158a937453c4e577c828b921d85d da0fbc298349c3a044a64c5faa505831
glh_ag-1-2,,glh_ag,1,"oːr, xʊn",xʊn,x ʊ n,,hindukush,,,^ x ʊ n $,default,8cad4b73ef4cb6b9c970badd2f7f032a b0d97a780d59696452d4e80834253eaa 658a158a937453c4e577c828b921d85d da0fbc298349c3a044a64c5faa505831
glh_ag-5-1,,glh_ag,5,aʈoː,aʈoː,a ʈ oː,,hindukush,,,^ a ʈ oː $,default,d17f2dc6dcc08b6a58810ef13c96954a 551cdc63737c8c0c2708b24c8813c5b4
glh_ag-9-1,,glh_ag,9,"tɕɪtɕyː, sɪsyː",tɕɪtɕyː,tɕ ɪ tɕ yː,,hindukush,,,^ tɕ ɪ tɕ yː $,default,88d90af56309b51ec960124e1f1c24f2 dd1df4e99a1181c7ec99f892bd3a40d6 bff60368f462bde1063895cb45424c23 bd412e81108a22c8f805054d03a93fbb
glh_ag-9-2,,glh_ag,9,"tɕɪtɕyː, sɪsyː",sɪsyː,s ɪ s yː,,hindukush,,,^ s ɪ s yː $,default,88d90af56309b51ec960124e1f1c24f2 dd1df4e99a1181c7ec99f892bd3a40d6 bff60368f462bde1063895cb45424c23 bd412e81108a22c8f805054d03a93fbb
glh_ag-13-1,,glh_ag,13,jaː,jaː,j aː,,hindukush,,,^ j aː $,default,184f319e56cfec32083b7c2ef5d331c0 abbd83d845d9f3a38919748884cfda24
glh_ag-17-1,,glh_ag,17,"məɽ, məɽtoː",məɽ,m ə ɽ,,hindukush,,,^ m ə ɽ $,default,982de8c2e38e7a52c8b3d6c567be121c caf5be9fcb582e70761e25cd0f684211 4ad3f404f850e795cc9a78faf1df2785 f75d3621d5215141ed996ab940b4c429
glh_ag-17-2,,glh_ag,17,"məɽ, məɽtoː",məɽtoː,m ə ɽ t oː,,hindukush,,,^ m ə ɽ t oː $,default,982de8c2e38e7a52c8b3d6c567be121c caf5be9fcb582e70761e25cd0f684211 4ad3f404f850e795cc9a78faf1df2785 f75d3621d5215141ed996ab940b4c429
glh_ag-21-1,,glh_ag,21,ɕʉːŋ,ɕʉːŋ,ɕ ʉː ŋ,,hindukush,,,^ ɕ ʉː ŋ $,default,09e78c5eb0ec15134c33d41fddee5772 65befc0f2e65f9185054a7a0887e6e25
glh_ag-25-1,,glh_ag,25,"pija, pianɛ",pija,p i j a,,hindukush,,,^ p i j a $,default,4115b4f8f5fdbcf478aecfc8c1c5db72 b147b578b725735e8378ef6e93743e5d f38002ef195dc526cb0823b39fb190f0 3b86297bfc6d289b698bd8f033bc4803
glh_ag-25-2,,glh_ag,25,"pija, pianɛ",pianɛ,p i a n ɛ,,hindukush,,,^ p ia n ɛ $,default,4115b4f8f5fdbcf478aecfc8c1c5db72 b147b578b725735e8378ef6e93743e5d f38002ef195dc526cb0823b39fb190f0 3b86297bfc6d289b698bd8f033bc4803
glh_ag-29-1,,glh_ag,29,kɛːʈiː,kɛːʈiː,k ɛː ʈ iː,,hindukush,,,^ k ɛː ʈ iː $,default,9b0b4531c6baa427ba4e9cafd8c98a2b 25648accace7174c8b26f49ce45b522f
glh_ag-33-1,,glh_ag,33,atɕiː,atɕiː,a tɕ iː,,hindukush,,,^ a tɕ iː $,default,115471cc51291abaea91bc7f706301b5 fbb0230fe9ff705675438bb81bc68769
glh_ag-37-1,,glh_ag,37,aŋgur,aŋgur,a ŋ g u r,,hindukush,,,^ a ŋ g u r $,default,965166a30e830ca4c7e98404bd275e7b bf2b098bfcc476abf4ffd8cf4f9821dd
glh_ag-2-1,,glh_ag,2,masaʈiː,masaʈiː,m a s a ʈ iː,,hindukush,,,^ m a s a ʈ iː $,default,ed54da0f216c4afa6e2257ec4d4e346c bde4678a5d9ada91bde76c490303e842
glh_ag-6-1,,glh_ag,6,dal,dal,d a l,,hindukush,,,^ d a l $,default,679440cc1fe5e7cb99957850379d5ea3 101663a7f1de6afeb37b6849a197c32a
glh_ag-10-1,,glh_ag,10,oːst,oːst,oː s t,,hindukush,,,^ oː s t $,default,1d683ed199662f90c3ab708135a89662 7406c864f76e71d93170ac037cc1b33f
glh_ag-14-1,,glh_ag,14,kandʑaniː,kandʑaniː,k a n dʑ a n iː,,hindukush,,,^ k a n dʑ a n iː $,default,f6f0210b8403091f66e2e8be0a03e5b5 5ed19d15c922034ad422af90dcb11853
glh_ag-18-1,,glh_ag,18,ʂaŋgaʈiː,ʂaŋgaʈiː,ʂ a ŋ g a ʈ iː,,hindukush,,,^ ʂ a ŋ g a ʈ iː $,default,fdeeb1fcc11026b15637aef332a21d48 315f3ef261b02f92a55e73a7d4ed31ef
glh_ag-22-1,,glh_ag,22,moː,moː,m oː,,hindukush,,,^ m oː $,default,2acdf4abcec154d4af08e8a51952d8d2 35b0e5c3edbb1e4f6b055844e1ba1eb6
glh_ag-26-1,,glh_ag,26,"guɳɖu, koːɽ",guɳɖu,g u ɳ ɖ u,,hindukush,,,^ g u ɳ ɖ u $,default,2889fd950925b89743b47f1c61994fb6 2d417792ba21853aeca1ba5777bda2d1 e9aca981dad037dc1da9e9392e66633d 99e1a78e9f43fc2937dc685db22c4a4c
glh_ag-26-2,,glh_ag,26,"guɳɖu, koːɽ",koːɽ,k oː ɽ,,hindukush,,,^ k oː ɽ $,default,2889fd950925b89743b47f1c61994fb6 2d417792ba21853aeca1ba5777bda2d1 e9aca981dad037dc1da9e9392e66633d 99e1a78e9f43fc2937dc685db22c4a4c
glh_ag-30-1,,glh_ag,30,paʈu,paʈu,p a ʈ u,,hindukush,,,^ p a ʈ u $,default,fc7195935ad4bab04583113273a367fe 069a0481633f021ac6bbb96dd1bd8a96
glh_ag-34-1,,glh_ag,34,dʑigar,dʑigar,dʑ i g a r,,hindukush,,,^ dʑ i g a r $,default,ab04cd1974c3530370c246ed70b297b4 ebac5bbcd2ee1ab1e2e0c8036544f3f1
glh_ag-38-1,,glh_ag,38,zʉː,zʉː,z ʉː,,hindukush,,,^ z ʉː $,default,c842b3de66e75ca704964175edce4b8a 0c76e9c0d24cfd179296d6aa294b850c
glh_ag-7-1,,glh_ag,7,"num, naːmɪ",num,n u m,,hindukush,,,^ n u m $,default,0c0b3aff573a898a61b4319456596bab 7152a8048d9a25a3c7e3726b30ab933f 6644da9580c1272d21c28f06225934a9 abe2813fbfa206c5c82f62d96793ad96
glh_ag-7-2,,glh_ag,7,"num, naːmɪ",naːmɪ,n aː m ɪ,,hindukush,,,^ n aː m ɪ $,default,0c0b3aff573a898a61b4319456596bab 7152a8048d9a25a3c7e3726b30ab933f 6644da9580c1272d21c28f06225934a9 abe2813fbfa206c5c82f62d96793ad96
glh_ag-11-1,,glh_ag,11,"nuwɛ, nuŋgu",nuwɛ,n u w ɛ,,hindukush,,,^ n u w ɛ $,default,67e470679bf13d9632cdf30526c23fe9 0b7d21d03806a27d4909f127fe881af8 5f146e8fb4372b7d64eb17f5710b07d6 0551009afc95a911a947ff0205ae2121
glh_ag-11-2,,glh_ag,11,"nuwɛ, nuŋgu",nuŋgu,n u ŋ g u,,hindukush,,,^ n u ŋ g u $,default,67e470679bf13d9632cdf30526c23fe9 0b7d21d03806a27d4909f127fe881af8 5f146e8fb4372b7d64eb17f5710b07d6 0551009afc95a911a947ff0205ae2121
glh_ag-15-1,,glh_ag,15,weːlɛ,weːlɛ,w eː l ɛ,,hindukush,,,^ w eː l ɛ $,default,f6039f760c0c388ee3ca1a881f0f250d 3e02fad8459d66da40ce507aee481cf4
glh_ag-19-1,,glh_ag,19,noːs,noːs,n oː s,,hindukush,,,^ n oː s $,default,99feae81841a2f8a68cd23345a8fafb9 4458bef0318679c05b0c3bddefefc38a
glh_ag-23-1,,glh_ag,23,iː,iː,iː,,hindukush,,,^ iː $,default,5f83071cc8bf82236bd211d9e3346106 1665cf2d58cf20fe685e7adea24ab208
glh_ag-27-1,,glh_ag,27,paːndə,paːndə,p aː n d ə,,hindukush,,,^ p aː n d ə $,default,9d79f4513492c4c729fe50c0cc22dac9 4fd55aa7b2d51e7df204dcf93a7ed506
glh_ag-31-1,,glh_ag,31,"aːdam, nafar, ɕaxs",aːdam,aː d a m,,hindukush,,,^ aː d a m $,default,7381baac1f60c5bd750414259b8804aa 5c0cd402790a504b55be31f58f1d5118 efac0248f2a38fd63d9d382a00e16e54 4e0f6064d7bc0fc0321a839b6a0ce62a 46dfdd12ab1a653b57a6e5428bcc9eeb 80b733df4ed5d4177f8eae1fc07f5a3e
glh_ag-31-2,,glh_ag,31,"aːdam, nafar, ɕaxs",nafar,n a f a r,,hindukush,,,^ n a f a r $,default,7381baac1f60c5bd750414259b8804aa 5c0cd402790a504b55be31f58f1d5118 efac0248f2a38fd63d9d382a00e16e54 4e0f6064d7bc0fc0321a839b6a0ce62a 46dfdd12ab1a653b57a6e5428bcc9eeb 80b733df4ed5d4177f8eae1fc07f5a3e
glh_ag-31-3,,glh_ag,31,"aːdam, nafar, ɕaxs",ɕaxs,ɕ a x s,,hindukush,,,^ ɕ a xs $,default,7381baac1f60c5bd750414259b8804aa 5c0cd402790a504b55be31f58f1d5118 efac0248f2a38fd63d9d382a00e16e54 4e0f6064d7bc0fc0321a839b6a0ce62a 46dfdd12ab1a653b57a6e5428bcc9eeb 80b733df4ed5d4177f8eae1fc07f5a3e
glh_ag-35-1,,glh_ag,35,"dianiː, diːd",dianiː,d i a n iː,,hindukush,,,^ d ia n iː $,default,e0f0f79c13620e868005831b9dd7fadb b8f83ba2477afb0abb3ad33a69b02af2 d4bb23db7a2f38e766bc60447e981b98 c5e602889c249ce765fcee62a5775781
glh_ag-35-2,,glh_ag,35,"dianiː, diːd",diːd,d iː d,,hindukush,,,^ d iː d $,default,e0f0f79c13620e868005831b9dd7fadb b8f83ba2477afb0abb3ad33a69b02af2 d4bb23db7a2f38e766bc60447e981b98 c5e602889c249ce765fcee62a5775781
glh_ag-39-1,,glh_ag,39,poːstək,poːstək,p oː s t ə k,,hindukush,,,^ p oː s t ə k $,default,e251dd3bcf5920975109d81a02c6206e c63d1b4c5dc901223538ca66b8730d2a
glh_ag-4-1,,glh_ag,4,sətaːroː,sətaːroː,s ə t aː r oː,,hindukush,,,^ s ə t aː r oː $,default,77faa4e4f3e0a1d69bc3e9c6bc36f2d2 2acc092e412f32bb5daad43f4ccb761e
glh_ag-8-1,,glh_ag,8,zoːmb,zoːmb,z oː m b,,hindukush,,,^ z oː m b $,default,171eece60f02882587d690b707df2ad3 9fa988ac21746a59f2544cc3474199fd
glh_ag-12-1,,glh_ag,12,sər,sər,s ə r,,hindukush,,,^ s ə r $,default,93f3c33f8f57342e2f86a06b34aeb646 45dbb803ceb6de2dc7ebc033ed19232f
glh_ag-16-1,,glh_ag,16,dʑibə,dʑibə,dʑ i b ə,,hindukush,,,^ dʑ i b ə $,default,2b0a58f381fb94ee5143aa247bc3e11d 3f7b1fc70ff5fc800b10c0b4546bf69b
glh_ag-20-1,,glh_ag,20,daːndə,daːndə,d aː n d ə,,hindukush,,,^ d aː n d ə $,default,42343400b6a0ce0b9d3f74172f2aa655 e2475027f89e1adf0fc321f1fa74dedb
glh_ag-24-1,,glh_ag,24,kaʈiː,kaʈiː,k a ʈ iː,,hindukush,,,^ k a ʈ iː $,default,7ab9160857bd58bc3a9825c303139e02 a597f35d6a9389b417e9ed5a53d3dbae
glh_ag-28-1,,glh_ag,28,doː,doː,d oː,,hindukush,,,^ d oː $,default,269d42889dbbbf2993c1f23637bf4758 7a6b6ad48b99d8fedae2345751dbc76f
glh_ag-32-1,,glh_ag,32,urgə,urgə,u r g ə,,hindukush,,,^ u r g ə $,default,86bb28d03222138e354b06b9a4ddf59e e50d0635046c9feeff0e383d954e011e
glh_ag-36-1,,glh_ag,36,hama,hama,h a m a,,hindukush,,,^ h a m a $,default,1ee3bf5a8e3c4f75a9b6cc95aa86aabb 6f067989a1520591e221268d82e30460
glh_ag-40-1,,glh_ag,40,"tə, tu",tə,t ə,,hindukush,,,^ t ə $,default,484fd37ccda62781764dc3ec0d2849ba 4a452eee256a5a7c6894f55f05032c80 3afe3d020e3e39ad08ad253aeace5e08 57a07e9f205c66c2348fe0501059399a
glh_ag-40-2,,glh_ag,40,"tə, tu",tu,t u,,hindukush,,,^ t u $,default,484fd37ccda62781764dc3ec0d2849ba 4a452eee256a5a7c6894f55f05032c80 3afe3d020e3e39ad08ad253aeace5e08 57a07e9f205c66c2348fe0501059399a
psi_am-1-1,,psi_am,1,aːɕ,aːɕ,aː ɕ,,hindukush,,,^ aː ɕ $,default,2df494013e7f4084443627ceda3e38c7 c13cefe23250a227222ae89a1f659c25
psi_am-5-1,,psi_am,5,aɳʈi,aɳʈi,a ɳ ʈ i,,hindukush,,,^ a ɳ ʈ i $,default,70635be403b74ef5cf79f33a9864c8c3 d83b45ce151a98a4d82d73d625f8ebb1
psi_am-9-1,,psi_am,9,tɕutɕu,tɕutɕu,tɕ u tɕ u,,hindukush,,,^ tɕ u tɕ u $,default,c7a94696ee3c019f065cddf7a073bad5 6ed93d5fb5f0cf074343d47ed5f0a714
psi_am-13-1,,psi_am,13,iːm,iːm,iː m,,hindukush,,,^ iː m $,default,b026d9c4661907af894b444d6087de4b 945183382aff48c4f19ef22582a9773b
psi_am-17-1,,psi_am,17,liːkala,liːkala,l iː k a l a,,hindukush,,,^ l iː k a l a $,default,97a332911a275218c4c2bce278551fed 3f24c37f36481b001730d790861eafa3
psi_am-21-1,,psi_am,21,ʂuɽiŋ,ʂuɽiŋ,ʂ u ɽ i ŋ,,hindukush,,,^ ʂ u ɽ i ŋ $,default,ac1317a501ec99d68e77f175dbee186f 4c1196df575b007fcb0fadc4fd8e51b1
psi_am-25-1,,psi_am,25,pek,pek,p e k,,hindukush,,,^ p e k $,default,96097217ef4ad3381cce0302d75b02e2 f0fe17a6ae228f6b65ab6a7713aead52
psi_am-29-1,,psi_am,29,kaːɽ,kaːɽ,k aː ɽ,,hindukush,,,^ k aː ɽ $,default,47a7204fdb70f4e5398699455804c057 a9210a414ea7dd90dfe0d61716f8a043
psi_am-33-1,,psi_am,33,ajɲtɕ,ajɲtɕ,a j ɲ tɕ,,hindukush,,,^ a j ɲ tɕ $,default,19869ec397c0bb51309e1c2be3c23877 2b8f131487d7feb632fa2ef2c1163032
psi_am-37-1,,psi_am,37,aŋgaːr,aŋgaːr,a ŋ g aː r,,hindukush,,,^ a ŋ g aː r $,default,b8bea01000c456beecb81992a97b1a1f 4f0a269fc7d552ec0e1a27e89c11035a
psi_am-2-1,,psi_am,2,maːtɕ,maːtɕ,m aː tɕ,,hindukush,,,^ m aː tɕ $,default,50b5f9171f209e34cffbfa438d22a506 e532b65c360c04c0806397ae2ae135df
psi_am-6-1,,psi_am,6,purowa,purowa,p u r o w a,,hindukush,,,^ p u r o w a $,default,51c84b297d304638f853593885e6ec5c f4b131f4424c40b86e016ce519362962
psi_am-10-1,,psi_am,10,aːs,aːs,aː s,,hindukush,,,^ aː s $,default,734bb425018ab5c81b29096fc065d12f 43fd36e44415b08b40c649f92026c002
psi_am-14-1,,psi_am,14,aːreːm,aːreːm,aː r eː m,,hindukush,,,^ aː r eː m $,default,6ea506c87742957832b644cf75e52fa3 29e68582fdc01d003659e47100db5be4
psi_am-18-1,,psi_am,18,ɕuŋgəɽa,ɕuŋgəɽa,ɕ u ŋ g ə ɽ a,,hindukush,,,^ ɕ u ŋ g ə ɽ a $,default,5e7b6a9bcbea65997f612c96ffb421b7 4bf672255a821cc9a52ae4f57ed4d090
psi_am-22-1,,psi_am,22,mam,mam,m a m,,hindukush,,,^ m a m $,default,37ec3047cfcd6a09c8a9fbfca12af86c 2a74481b5212e1bfca6670e8a655eabe
psi_am-26-1,,psi_am,26,kuʈa,kuʈa,k u ʈ a,,hindukush,,,^ k u ʈ a $,default,a3433e7ae964b4516a93d1f527799938 d9a0166ac98bc61e15c59b36ffba864d
psi_am-30-1,,psi_am,30,paʈak,paʈak,p a ʈ a k,,hindukush,,,^ p a ʈ a k $,default,da7ffb15506080f91031e5d0e18c89bc 46f3efd0df229b21aed8fdaf0fd75af0
psi_am-34-1,,psi_am,34,dʑigar,dʑigar,dʑ i g a r,,hindukush,,,^ dʑ i g a r $,default,8301470d3a9249da893d4a7d02c9c070 3720eee8d2a0f548131a9f1cffd8ef49
psi_am-38-1,,psi_am,38,ʑu,ʑu,ʑ u,,hindukush,,,^ ʑ u $,default,a1df364b836f7f3e8f03f0d20ed54f6a 77156a463e5ec9be4e8aa5ec8bec560b
psi_am-3-1,,psi_am,3,daːr,daːr,d aː r,,hindukush,,,^ d aː r $,default,3f3673563514275ace8d28feb86cb8c6 a934a40badee20b985854077ffaccb35
psi_am-7-1,,psi_am,7,naːmi,naːmi,n aː m i,,hindukush,,,^ n aː m i $,default,f25ac5a28850dca125e10589c43ae6a4 4a9a2b0db084f478edb4c512d263a410
psi_am-11-1,,psi_am,11,nuŋgaː,nuŋgaː,n u ŋ g aː,,hindukush,,,^ n u ŋ g aː $,default,0e60b1c028859ae5655de9915733662a bfdaeaf90369df7c8712276d9452a0dc
psi_am-15-1,,psi_am,15,wajl,wajl,w a j l,,hindukush,,,^ w a j l $,default,272ddc4e26278d0ab64f012ac0043abf 3f7775b93fc182cff5720f0d4a400174
psi_am-19-1,,psi_am,19,naːs,naːs,n aː s,,hindukush,,,^ n aː s $,default,b48efbd947da32b4ef3a317224df204a 5cc8e285c5e5e93d5308d955d0f7a026
psi_am-23-1,,psi_am,23,i,i,i,,hindukush,,,^ i $,default,f7d39f13583f6b9b7a1a0ec0eb6b54ca b7bba530b904c05b6779b48eb28f4898
psi_am-27-1,,psi_am,27,pan,pan,p a n,,hindukush,,,^ p a n $,default,bc096b35e3af431b3c0bec57e08467ff a243f9c5967ac003f8dd673fece955d7
psi_am-31-1,,psi_am,31,aːdɪmi,aːdɪmi,aː d ɪ m i,,hindukush,,,^ aː d ɪ m i $,default,b841b8575e173c0a178e1b91dadbbfd7 bea141fa54702f3d60e4e589d192f30d
psi_am-35-1,,psi_am,35,lajgəm,lajgəm,l a j g ə m,,hindukush,,,^ l a j g ə m $,default,bace263d5b7581aa19f892bb552468c6 836380aa2868cc5ce37803a44f7f58e4
psi_am-39-1,,psi_am,39,tɕumpəɽa,tɕumpəɽa,tɕ u m p ə ɽ a,,hindukush,,,^ tɕ u m p ə ɽ a $,default,7f317aa89ea3f7138c6b99028e95e6fc cd2794f833bcd7fda981667e0f822a54
psi_am-4-1,,psi_am,4,taːra,taːra,t aː r a,,hindukush,,,^ t aː r a $,default,567b5891fcdb1f53730f1a6149a818b1 5b9ae12f164e9796d227046bb812442c
psi_am-8-1,,psi_am,8,waːɽ,waːɽ,w aː ɽ,,hindukush,,,^ w aː ɽ $,default,90143bbf70f84d4bd667334058f237e4 fe638d1f32f17bda8848ab0ab6f584eb
psi_am-12-1,,psi_am,12,sur,sur,s u r,,hindukush,,,^ s u r $,default,5c40eb25c53ce44d49ad3dd819c676a3 ea356f18422533583227a0d852480ee9
psi_am-16-1,,psi_am,16,dʑib,dʑib,dʑ i b,,hindukush,,,^ dʑ i b $,default,6a4ce3633b9317f50634ad3548a08521 186ccf8ffd9e3faf1fcfa3ca8aa00bd2
psi_am-20-1,,psi_am,20,daːn,daːn,d aː n,,hindukush,,,^ d aː n $,default,928780628f128a6ab91f140af8c6042b 99bd5dda50f833b940f30a0236a3b695
psi_am-24-1,,psi_am,24,kaɽək,kaɽək,k a ɽ ə k,,hindukush,,,^ k a ɽ ə k $,default,09eed4db4a2d2c1210b42f53dcca2aff 398fb762028f544bbfd98092a3265b2a
psi_am-28-1,,psi_am,28,duwə,duwə,d u w ə,,hindukush,,,^ d u w ə $,default,c16d4455fc2dfaa09b9b2a7dd0b53c3f 12e0d34c9287d0025ca34b7c16b7aaaa
psi_am-32-1,,psi_am,32,waːrɪk,waːrɪk,w aː r ɪ k,,hindukush,,,^ w aː r ɪ k $,default,22e38256b0ab04a6575455da24525450 823b83d453c9887e34b70c8370450900
psi_am-36-1,,psi_am,36,aːma,aːma,aː m a,,hindukush,,,^ aː m a $,default,22b8d6f4333b91476fe690cd3099dd0b 365126ca6d65c059110d0355b6e42acf
psi_am-40-1,,psi_am,40,tə,tə,t ə,,hindukush,,,^ t ə $,default,3435fcea14091796a2d58e9841e78d23 a6a48f3e397a4ff2842d92b72573a057
aee_at-1-1,,aee_at,1,ɔːstr,ɔːstr,ɔː s t r,,hindukush,,,^ ɔː s t r $,default,5c206bf3fa4552eee6e6a505ba0e9bd7 209ceeec04df3501911a1e4ec3337943
aee_at-5-1,,aee_at,5,aʈi,aʈi,a ʈ i,,hindukush,,,^ a ʈ i $,default,bf4cc2c09f9a09692c7242e7d22fc525 3488cd2b3329a5d2788228b5fd822377
aee_at-9-1,,aee_at,9,tɕutɕu,tɕutɕu,tɕ u tɕ u,,hindukush,,,^ tɕ u tɕ u $,default,ee6df1f834908b61c3bf9625e3e199a7 5bfdad46217bf5a68acf2b4f8ba7129d
aee_at-13-1,,aee_at,13,ek,ek,e k,,hindukush,,,^ e k $,default,9d63dc56e008868e0a93aaf8f0feb031 568a827606e2470f5b96ae2a8dd7c844
aee_at-17-1,,aee_at,17,lik,lik,l i k,,hindukush,,,^ l i k $,default,b26bf8065d0ca176fdf1bde23c5173d6 f52b28a9cdd7cf51c6e5e92317d57a4c
aee_at-21-1,,aee_at,21,ɕuɽiŋ,ɕuɽiŋ,ɕ u ɽ i ŋ,,hindukush,,,^ ɕ u ɽ i ŋ $,default,aac3a851d2367a82d0064e2c29643b9b 0dfa7cd69f8c5d7dda174bb163124354
aee_at-25-1,,aee_at,25,pɪk,pɪk,p ɪ k,,hindukush,,,^ p ɪ k $,default,26f096eb8569f3e927584686ffd81d77 a9b17e7ec7bb97755c95c6effe30fa2d
aee_at-29-1,,aee_at,29,χɑɽ,χɑɽ,χ ɑ ɽ,,hindukush,,,^ χ ɑ ɽ $,default,554e6fbd5489dc1fdab5286cfad7a97d e975550a6dabf0d036c9edd9b1eafe12
aee_at-33-1,,aee_at,33,ãtɕ,ãtɕ,ã tɕ,,hindukush,,,^ ã tɕ $,default,d4afba144ef36388a5de6809fc4fdc6b ee81db3f5e48c77ef5da95998336b357
aee_at-37-1,,aee_at,37,ãːr,ãːr,ãː r,,hindukush,,,^ ãː r $,default,1293b64d28013f9dc0e40f4780c4e914 3f12f58650eb320f967da795df0c60b0
aee_at-2-1,,aee_at,2,maːtɕ,maːtɕ,m aː tɕ,,hindukush,,,^ m aː tɕ $,default,62286851970b075f63a5e642ae877a20 8ec4c971a212f54b4ed4d7099c5423f9
aee_at-6-1,,aee_at,6,ɖak,ɖak,ɖ a k,,hindukush,,,^ ɖ a k $,default,2ccee4603436f5bb7f59815d5464fe17 0454d3dc0a2c764be0c22dc3aff6d2b0
aee_at-10-1,,aee_at,10,ɔːst,ɔːst,ɔː s t,,hindukush,,,^ ɔː s t $,default,f9d574cfcc6feade06bb629664e21a6f 2d08c171460f6c5cc942a5b09ca73a83
aee_at-14-1,,aee_at,14,arɪk,arɪk,a r ɪ k,,hindukush,,,^ a r ɪ k $,default,02b2d7142dd44755b81c70f8e0bc79bd c176dd0a82491303e13789d52e109bba
aee_at-18-1,,aee_at,18,ʃə̃ŋ,ʃə̃ŋ,ʃ ə̃ ŋ,,hindukush,,,^ ʃ ə̃ ŋ $,default,74d673a6285bb26c209df3f72dc54e63 8b5cb94055483cba61209895dcc8dad3
aee_at-22-1,,aee_at,22,aː,aː,aː,,hindukush,,,^ aː $,default,beb27d0ae25ac04b44c51df7d77b4016 584677ec38cd8f2b6cbef7a2a9bcffe8
aee_at-26-1,,aee_at,26,ɖuwɑ̃ː,ɖuwɑ̃ː,ɖ u w ɑ̃ː,,hindukush,,,^ ɖ u w ɑ̃ː $,default,af618b45b842bf499f08f62b208c926e 386b09317b008d82e97c231d2dd60125
aee_at-30-1,,aee_at,30,paʈək,paʈək,p a ʈ ə k,,hindukush,,,^ p a ʈ ə k $,default,f2aec8f7523f8264af3452fdf61ad54c b4a0b6b96e70d58a292fe3de4b12acfd
aee_at-34-1,,aee_at,34,aːɽ,aːɽ,aː ɽ,,hindukush,,,^ aː ɽ $,default,59882f42d80d5d6585b15599c62e9019 90f704b1a76400121a0f42e3a798922f
aee_at-38-1,,aee_at,38,ʑuː,ʑuː,ʑ uː,,hindukush,,,^ ʑ uː $,default,44d3861b19e3a56c1519b04ee76763b8 e9cd3b24e20a1187a874cfd39095e6df
aee_at-3-1,,aee_at,3,dɔːr,dɔːr,d ɔː r,,hindukush,,,^ d ɔː r $,default,e0b3f839db6194b49ca7d98491d09c99 1deb3409a30ef052d7f11b1c3775c70c
aee_at-7-1,,aee_at,7,nom,nom,n o m,,hindukush,,,^ n o m $,default,86e0544afdd44660b0c850125c8d942c cc1fa8920eb142edf9cb096860687540
aee_at-11-1,,aee_at,11,nagɑ,nagɑ,n a g ɑ,,hindukush,,,^ n a g ɑ $,default,62083843e4386e0adfaa7ed0e4b3f370 99ce4a0d277c5f8aa2869ed07d067c31
aee_at-15-1,,aee_at,15,wijɑl,wijɑl,w i j ɑ l,,hindukush,,,^ w i j ɑ l $,default,6bcc011b907e2df981ed3befbe59c00a 78f007d876e9b1832e4e166facb2c16c
aee_at-19-1,,aee_at,19,nɔːs,nɔːs,n ɔː s,,hindukush,,,^ n ɔː s $,default,853da7ec9cfd023ad6477f8bb142f22c 607421e346ef8c3b286b8c7d68a795e6
aee_at-23-1,,aee_at,23,iː,iː,iː,,hindukush,,,^ iː $,default,a1125e5abd1003214d0a68a676a0f407 7efd32431cb63d3a0a41461d179257cf
aee_at-27-1,,aee_at,27,pan,pan,p a n,,hindukush,,,^ p a n $,default,a937517e4c2b7d6cd8ce47044ff4f555 4c967802b577a8377a7236658242164c
aee_at-31-1,,aee_at,31,mətɕek,mətɕek,m ə tɕ e k,,hindukush,,,^ m ə tɕ e k $,default,9637dcb846078808439688f01530582b 9aa06ad291b64f994805cf990727945d
aee_at-35-1,,aee_at,35,latɕeːk,latɕeːk,l a tɕ eː k,,hindukush,,,^ l a tɕ eː k $,default,76b83fee0d0e46f2197e50a019395675 ff81a6b3d657548c5de68e4abddb5730
aee_at-39-1,,aee_at,39,pəst,pəst,p ə s t,,hindukush,,,^ p ə s t $,default,7331e32d36ca49c1d0f49f482b0d102a 14d82b22b029ac1538a90d7d31c1315e
aee_at-4-1,,aee_at,4,tajaːk,tajaːk,t a j aː k,,hindukush,,,^ t a j aː k $,default,7fb09656ec674178830e6c4522ed7889 b711e6629f24d593553034370caf3e6d
aee_at-8-1,,aee_at,8,kɑmaːr,kɑmaːr,k ɑ m aː r,,hindukush,,,^ k ɑ m aː r $,default,36f310a300ed1af69c65f5649b87f38e 536178a90dc3da5d0bca488dbb762dcd
aee_at-12-1,,aee_at,12,sur,sur,s u r,,hindukush,,,^ s u r $,default,d191aae18f5cc6375b76e348e72be92e 0a2551957630c1cca7b4eb3cab6deed0
aee_at-16-1,,aee_at,16,zib,zib,z i b,,hindukush,,,^ z i b $,default,831c9084907b5d58e40c795a898acada 262978a0e5a13ac0e7676015796b8701
aee_at-20-1,,aee_at,20,dɔn,dɔn,d ɔ n,,hindukush,,,^ d ɔ n $,default,10338671d82f771024a78e6e78787f75 819d83e11dadbaf2345bfa4eb7fcedcb
aee_at-24-1,,aee_at,24,dʑɑl,dʑɑl,dʑ ɑ l,,hindukush,,,^ dʑ ɑ l $,default,25e5156c75a733f38dcfae553be98bbb 3f9ee825806f2949e9559ce889b895c0
aee_at-28-1,,aee_at,28,duː,duː,d uː,,hindukush,,,^ d uː $,default,5dc58a96126c447660db9df5cdc48460 a0f5d5b83ee3f1f0608cf44a3f5db385
aee_at-32-1,,aee_at,32,warək,warək,w a r ə k,,hindukush,,,^ w a r ə k $,default,3886f325bf87c7c24ae2a2f56dbdea46 24e5efe4461e5084f5868503c27acb8a
aee_at-36-1,,aee_at,36,ama,ama,a m a,,hindukush,,,^ a m a $,default,451d77b6247b001f33a0f3acf453cf33 90478ffcb40bf26b74aa405224705ee2
aee_at-40-1,,aee_at,40,tu,tu,t u,,hindukush,,,^ t u $,default,8e8d6dc52ccee96c911f79c7b72001c6 2e80c7738e44e4ee30b9808709c556e7
aee_ch-1-1,,aee_ch,1,oːɕ,oːɕ,oː ɕ,,hindukush,,,^ oː ɕ $,default,73995282769b65c704f8229250dfa2c1 452badeb22783f275dcc4ce4d199d630
aee_ch-5-1,,aee_ch,5,aːʈi,aːʈi,aː ʈ i,,hindukush,,,^ aː ʈ i $,default,cddaed5da8117b9ccc624364b4f17517 6e96933dea36ac93b102900e98e68564
aee_ch-9-1,,aee_ch,9,tsuːtsu,tsuːtsu,ts uː ts u,,hindukush,,,^ ts uː ts u $,default,69fbdadcb1ede507b63afde2b2f63220 34a18aca3b5fe0a22a010fa3240df180
aee_ch-13-1,,aee_ch,13,eːk,eːk,eː k,,hindukush,,,^ eː k $,default,ebc058bc20324550400170b547eee0d0 da0e02c467fbe87e6151a5d480eddf71
aee_ch-17-1,,aee_ch,17,lik,lik,l i k,,hindukush,,,^ l i k $,default,0c6e088f34db402e55671edde9e2c36a e4b7c5506a424615e56c0f0a37696052
aee_ch-21-1,,aee_ch,21,ɕuɽiŋ,ɕuɽiŋ,ɕ u ɽ i ŋ,,hindukush,,,^ ɕ u ɽ i ŋ $,default,8aaa71e53663d01fe01d9bb8de3bcbf9 a6daea3e44a24daa38c4db1561038f6d
aee_ch-25-1,,aee_ch,25,piː,piː,p iː,,hindukush,,,^ p iː $,default,778642d02a0f039b5254ca62915d5ad1 17a84cb72b6c13366e682a9e4f94ddb4
aee_ch-29-1,,aee_ch,29,χoːɽ,χoːɽ,χ oː ɽ,,hindukush,,,^ χ oː ɽ $,default,35d3e94975ad2354d82508d5ff8dbb09 4f7f61a9f561d36006d48896194ac3b0
aee_ch-33-1,,aee_ch,33,ãts,ãts,ã ts,,hindukush,,,^ ã ts $,default,4c23dc554bfb1e0cf2d2ebc2a99bd288 108861dd417ea139835291e8b2fad47e
aee_ch-37-1,,aee_ch,37,õŋgor,õŋgor,õ ŋ g o r,,hindukush,,,^ õ ŋ g o r $,default,160eef698d3cd4bc921cf003eb5ae455 781106f9640c45e361de6429c1777592
aee_ch-2-1,,aee_ch,2,maj,maj,m a j,,hindukush,,,^ m a j $,default,3ceef1f88d09af99922c87df2d8d493f e0a036e2fcfdb9bff7d53cb777943136
aee_ch-6-1,,aee_ch,6,pərəwoː,pərəwoː,p ə r ə w oː,,hindukush,,,^ p ə r ə w oː $,default,4ab8a43b1d62d12e1129fe7ad2532fff 60e2f14267f380380be0efa2c7a012fc
aee_ch-10-1,,aee_ch,10,oːs,oːs,oː s,,hindukush,,,^ oː s $,default,17783d829525bbe8bcfb0fc3895d6718 9b1d49b70d113bfb8560fa06f436cca1
aee_ch-14-1,,aee_ch,14,araːk,araːk,a r aː k,,hindukush,,,^ a r aː k $,default,d07625572d8d49b026ef511bdc270b19 fa5714c498067ed846b0e6cd88ae1f50
aee_ch-18-1,,aee_ch,18,ʂin,ʂin,ʂ i n,,hindukush,,,^ ʂ i n $,default,dcc773eb88867cde5f92b10b31602652 9a702b13a10c773388c984afdd49a991
aee_ch-22-1,,aee_ch,22,a,a,a,,hindukush,,,^ a $,default,f03d644ca1aaaef9b95b357cc7a2f4df 1c64e81be9d0fba201e1a3723148d1bf
aee_ch-26-1,,aee_ch,26,χoɽ,χoɽ,χ o ɽ,,hindukush,,,^ χ o ɽ $,default,e179ffd10508a8641da3f1f2bd7e0434 eb4f06a1c6f15e2c779f7e5226751c92
aee_ch-30-1,,aee_ch,30,paʈek,paʈek,p a ʈ e k,,hindukush,,,^ p a ʈ e k $,default,35d29c00f4501ab024e82fd3e3728278 fb45d054e4cc13827d63d27cff91d4af
aee_ch-34-1,,aee_ch,34,zəɽ,zəɽ,z ə ɽ,,hindukush,,,^ z ə ɽ $,default,95f41d82fe776a7c30610fd3dd533bd3 acd3016b396f2cad8f45ca0586e2bf53
aee_ch-38-1,,aee_ch,38,jʉː,jʉː,j ʉː,,hindukush,,,^ j ʉː $,default,b9805ce8aedc8332a3954464b4faa528 c56527dd47d46aaa5a02bdfc35cfd316
aee_ch-3-1,,aee_ch,3,izor,izor,i z o r,,hindukush,,,^ i z o r $,default,9306a78e03ce5133a4e0e9db2e6e15df bcb951e4b9491e52b61243d1650af0a8
aee_ch-7-1,,aee_ch,7,nom,nom,n o m,,hindukush,,,^ n o m $,default,225ada78d3a2d26df126e82c551d0613 8e7556079c2c8d03c74df276eab285e0
aee_ch-11-1,,aee_ch,11,nawe,nawe,n a w e,,hindukush,,,^ n a w e $,default,ef0bee2118102ca7b6fda3c95e8922ef add56d6be546fbe2732c598c40f64cff
aee_ch-15-1,,aee_ch,15,wel,wel,w e l,,hindukush,,,^ w e l $,default,eafef7ee1fa9302bcbb1e338a2fa3beb 6e54b014ff73f21998842c8314d36a67
aee_ch-19-1,,aee_ch,19,noːs,noːs,n oː s,,hindukush,,,^ n oː s $,default,252cbdfd4ed8d11446302c7ffb0e69ee fc29a660fbf2dea65f3cd0fbd01e3e03
aee_ch-23-1,,aee_ch,23,jə,jə,j ə,,hindukush,,,^ j ə $,default,2a43e0a514c0a30fceed188ca204acc2 3aa9b4db5117afdc27e2761db5845784
aee_ch-27-1,,aee_ch,27,paːn,paːn,p aː n,,hindukush,,,^ p aː n $,default,7950d64bb03065dcc702f3590054785b 13410211eb4455df67bab95fe43e3c68
aee_ch-31-1,,aee_ch,31,kəs,kəs,k ə s,,hindukush,,,^ k ə s $,default,559c22b016a3048e9d883351b5ae2a46 6406622f4cfc0154ba094125f1d9d660
aee_ch-35-1,,aee_ch,35,paɽajk,paɽajk,p a ɽ a j k,,hindukush,,,^ p a ɽ a j k $,default,931476338fc164d39df66e4714e1c5b3 9332ed5a86f63f12659e283ca0be0e73
aee_ch-39-1,,aee_ch,39,pəst,pəst,p ə s t,,hindukush,,,^ p ə s t $,default,65a16f391dc3e9616a5d28730f430252 f74a5ea88a1d1bbe5bf3649a78d8bd5c
aee_ch-4-1,,aee_ch,4,letoro,letoro,l e t o r o,,hindukush,,,^ l e t o r o $,default,5fb06d4df4507131b4efafa49efa6d2e 1ba71f7b0974e1b925297c4f8b3fb536
aee_ch-8-1,,aee_ch,8,woɽ,woɽ,w o ɽ,,hindukush,,,^ w o ɽ $,default,a96b4dc4b4d521eeb1ce144e5f3626b8 8af28ac07131888b6dc8ad7a0a738e9b
aee_ch-12-1,,aee_ch,12,sur,sur,s u r,,hindukush,,,^ s u r $,default,01bcec7ffb72f68aa98d64f9133b21c5 cb4888979e609d1f46eb4df3262fe1f8
aee_ch-16-1,,aee_ch,16,ziːb,ziːb,z iː b,,hindukush,,,^ z iː b $,default,fc0a712a15b1caf0cbbfb5a0e8fd0806 277cf16940f672f752442c0ef617b0ec
aee_ch-20-1,,aee_ch,20,don,don,d o n,,hindukush,,,^ d o n $,default,3e15522f20e5063809c2da0051fe6933 f15081e745897655d458af08b8a62b0d
aee_ch-24-1,,aee_ch,24,zol,zol,z o l,,hindukush,,,^ z o l $,default,520ea6ab51ece1b75a3392d2d989cb6c 8f5c146ebf0c5b33ac7c484609217bb3
aee_ch-28-1,,aee_ch,28,du,du,d u,,hindukush,,,^ d u $,default,10293e1db24d72368980b42bdf3458f5 001ec70bcc813ef7d55f2ef292a99e11
aee_ch-32-1,,aee_ch,32,warik,warik,w a r i k,,hindukush,,,^ w a r i k $,default,48e51bbaf2aa174e1388b1ba6eaf853e 79a5b0a6e0858fc9a0edea12b029db9c
aee_ch-36-1,,aee_ch,36,ama,ama,a m a,,hindukush,,,^ a m a $,default,64352a27dcc031c737071aa44c521402 03cef27a8bd3f72617172051ef126de0
aee_ch-40-1,,aee_ch,40,tu,tu,t u,,hindukush,,,^ t u $,default,22ad7ddc50d369722ced860a8698224b 0c9520d7b41a8906c75cb24e83fbc55f
aee_kg-1-1,,aee_kg,1,oːjs,oːjs,oː j s,,hindukush,,,^ oː js $,default,6cf348e1520c7f2aa1893db074f0283e a6392cc66fcc1e3bc1206db043f5f88a
aee_kg-5-1,,aee_kg,5,aɳʈiː,aɳʈiː,a ɳ ʈ iː,,hindukush,,,^ a ɳ ʈ iː $,default,7e864e06a67e4c76065b8d530ded11e3 b1ec01eb7e6c77b173e502c9cc109c50
aee_kg-9-1,,aee_kg,9,tsutsuː,tsutsuː,ts u ts uː,,hindukush,,,^ ts u ts uː $,default,52e1e0839c4769a0a781d2abfd3c81e2 baaadc013cfa36523ccd833e2d49932e
aee_kg-13-1,,aee_kg,13,jeː,jeː,j eː,,hindukush,,,^ j eː $,default,178cbcb33a2bdca7489a2a0770a18220 fe574b5ffbf753122d8487db7c78f458
aee_kg-17-1,,aee_kg,17,liːk,liːk,l iː k,,hindukush,,,^ l iː k $,default,1eed208a382f7b6c153e231032b49d95 f9efd1a482c149f4dee8a6491bbf08e0
aee_kg-21-1,,aee_kg,21,ɕuɽiŋ,ɕuɽiŋ,ɕ u ɽ i ŋ,,hindukush,,,^ ɕ u ɽ i ŋ $,default,1b249d1afd686cece3074b074f6766f4 b607b790ba9ab1d0d6a544dc5bce1116
aee_kg-25-1,,aee_kg,25,peːm,peːm,p eː m,,hindukush,,,^ p eː m $,default,56904bc45e974f89752d7e587075877c 75867b3bba658c290d4e8040456df2a7
aee_kg-29-1,,aee_kg,29,χaːɽel,χaːɽel,χ aː ɽ e l,,hindukush,,,^ χ aː ɽ e l $,default,606f7982a0c4e79cbc6e9d348fcb2d40 de084e7a7919f7594326613cab621726
aee_kg-33-1,,aee_kg,33,aːjts,aːjts,aː j ts,,hindukush,,,^ aː j ts $,default,2346345ba795de0fef423d1efecd2cbf 595bba8799f088613077b3e6a56d6e23
aee_kg-37-1,,aee_kg,37,aːngoː,aːngoː,aː n g oː,,hindukush,,,^ aː n g oː $,default,ce33aabfae2d3da9231c32235ebfcb23 6d8654c5d4f6625c58047d2dd2ddd92b
aee_kg-2-1,,aee_kg,2,maːjs,maːjs,m aː j s,,hindukush,,,^ m aː js $,default,f3fa6b656ea9e7cc6c0e49b409f5c767 e382d61841b33b6160c0757e9b46aa81
aee_kg-6-1,,aee_kg,6,purəwoː,purəwoː,p u r ə w oː,,hindukush,,,^ p u r ə w oː $,default,9d12455cb0b44a93c39aeddc4e5998e5 2e8875d36fb1f8d26789a93920408ee0
aee_kg-10-1,,aee_kg,10,oːs,oːs,oː s,,hindukush,,,^ oː s $,default,a4b93cd1ae1ce5824a28d459e4a8ea3f 02743502dae4910059a436e326b99a9e
aee_kg-14-1,,aee_kg,14,araim,araim,a r ai m,,hindukush,,,^ a r ai m $,default,2ce745925678c0df400e492b5f36e079 693a2d45893f5351b27eb8319d714871
aee_kg-18-1,,aee_kg,18,ʂiŋ,ʂiŋ,ʂ i ŋ,,hindukush,,,^ ʂ i ŋ $,default,f013bf0163cabb77d09aec5872b58d45 2e0ec06e150ad77f59491a0f111ca66a
aee_kg-22-1,,aee_kg,22,ãː,ãː,ãː,,hindukush,,,^ ãː $,default,ecefc5f7f9020650f5bd728b092daaef be7c8bb6bbe000ac3d7214b44a393d7f
aee_kg-26-1,,aee_kg,26,piɳɖər,piɳɖər,p i ɳ ɖ ə r,,hindukush,,,^ p i ɳ ɖ ə r $,default,98fb604a2f16e3d1817ff660b39ed6ec 3c1f86da0ba7ba4120227a816c7386a1
aee_kg-30-1,,aee_kg,30,paːʈek,paːʈek,p aː ʈ e k,,hindukush,,,^ p aː ʈ e k $,default,7d2c59e2f1db0e784b07623bfd6bcd13 f28eaaf79ff82c4cd05b9cabdf0cda56
aee_kg-34-1,,aee_kg,34,ziɽəl,ziɽəl,z i ɽ ə l,,hindukush,,,^ z i ɽ ə l $,default,a88fdebc4160566db3646c4fd3e4a627 0773c9f9dbc80f77928d36c014ea98e6
aee_kg-38-1,,aee_kg,38,jiːw,jiːw,j iː w,,hindukush,,,^ j iː w $,default,ad276d9cd78013a5f1992f0876ccb5c6 ad9a61cea800c3c33c1c294e685ac02d
aee_kg-3-1,,aee_kg,3,doːr,doːr,d oː r,,hindukush,,,^ d oː r $,default,3068d7aa6212e36ae949edf37a34cce3 976fbd4f3ef0ef3eff106086e174bd42
aee_kg-7-1,,aee_kg,7,nom,nom,n o m,,hindukush,,,^ n o m $,default,24ec14da22fff123dc77d206cb742322 7075522515ab9f756881f7fbaa6d7af4
aee_kg-11-1,,aee_kg,11,nawej,nawej,n a w e j,,hindukush,,,^ n a w e j $,default,b3b261861bbea9699c7092e228a4bbca 472c52705bbf5baeff2e5d82d70e4834
aee_kg-15-1,,aee_kg,15,wel,wel,w e l,,hindukush,,,^ w e l $,default,f51440e8eafc6a02f8ae022e48c5ed0c 20727bdf26f12679388d5aa7572aae20
aee_kg-19-1,,aee_kg,19,nos,nos,n o s,,hindukush,,,^ n o s $,default,1178515550a24540d583528688fec502 1080b54451d5cb68002dd2f4341b12b8
aee_kg-23-1,,aee_kg,23,jeː,jeː,j eː,,hindukush,,,^ j eː $,default,8e1a730ac4f7b1976c9372a33d861c86 32c8b78a6829b1b898b922dbdfb2539b
aee_kg-27-1,,aee_kg,27,paːn,paːn,p aː n,,hindukush,,,^ p aː n $,default,717105e118501de4b1d3a115ee2e4655 8456bb73cf14ee22c141afdaa6d2e60b
aee_kg-31-1,,aee_kg,31,mutseːk,mutseːk,m u ts eː k,,hindukush,,,^ m u ts eː k $,default,523b31a7a147325eec0e11b7e96d2252 ed4147c8bbd859f83dbd9b00e8918689
aee_kg-35-1,,aee_kg,35,meːləjil,meːləjil,m eː l ə j i l,,hindukush,,,^ m eː l ə j i l $,default,3e2889799c1a16538bbe03b3592b3675 a310bac239c166a3130c4624f0389b19
aee_kg-39-1,,aee_kg,39,pɪs,pɪs,p ɪ s,,hindukush,,,^ p ɪ s $,default,a06e440cf794efc6d15d74e2b18d6955 9a227ede3ca91d4e0b52e998dd0c770f
aee_kg-4-1,,aee_kg,4,lejtəroː,lejtəroː,l e j t ə r oː,,hindukush,,,^ l e j t ə r oː $,default,14e06ee28dbd447e988e9654a120ac84 1706174dd299d66ecea820c552738714
aee_kg-8-1,,aee_kg,8,woː,woː,w oː,,hindukush,,,^ w oː $,default,396b3443d0a11610ae88e15b1549cff0 213d28ba77d5e18b4ea3174beb2cd54a
aee_kg-12-1,,aee_kg,12,sur,sur,s u r,,hindukush,,,^ s u r $,default,14781e84cab3d0171a8501bc1340eb3c 011f54e3471b25a63119b4f43843cc89
aee_kg-16-1,,aee_kg,16,zib,zib,z i b,,hindukush,,,^ z i b $,default,0908042ef63edcc7dc2e29e8b76d4065 12a841103aa0b3ee8568703595c7e3d8
aee_kg-20-1,,aee_kg,20,don,don,d o n,,hindukush,,,^ d o n $,default,60b54e34c710599e52d9811ddf7922ae 34a5313f335b873db5ff0e1d1e0fec2a
aee_kg-24-1,,aee_kg,24,zal,zal,z a l,,hindukush,,,^ z a l $,default,f4ef11015efb395219f20f36cc7841fa 0799c8ec89489a6cbe7e93190fbfff15
aee_kg-28-1,,aee_kg,28,duː,duː,d uː,,hindukush,,,^ d uː $,default,b0a70c45609af251ee87109568b30c66 9fdf904fae131e84ba7b03e4d0de2a22
aee_kg-32-1,,aee_kg,32,warik,warik,w a r i k,,hindukush,,,^ w a r i k $,default,b9b69331da45f66bd8b4b44d900abf27 8e706beedb62aa3531ae01fdbc139439
aee_kg-36-1,,aee_kg,36,ama,ama,a m a,,hindukush,,,^ a m a $,default,fcd569e2fa0da36fa94fcb7c8ff86ec8 18c22358871642b7e5ca8a92e265d2f3
aee_kg-40-1,,aee_kg,40,tu,tu,t u,,hindukush,,,^ t u $,default,9c7f8323fc4d9f2b362cdfef98cc5520 8c0180455f0a2eacee9670a109a2b3a6
glh_sn-1-1,,glh_sn,1,wur,wur,w u r,,hindukush,,,^ w u r $,default,8f31ba8ec1654c42420659159caa93bb 7e31a3e18a02f67d311f77c9d30795d9
glh_sn-5-1,,glh_sn,5,ustuχul,ustuχul,u s t u χ u l,,hindukush,,,^ u s t u χ u l $,default,d42ad65371d0e0c0f01082dedaca3d18 8ebb28e12583b744b22888a5344d088e
glh_sn-9-1,,glh_sn,9,tɕitɕuː,tɕitɕuː,tɕ i tɕ uː,,hindukush,,,^ tɕ i tɕ uː $,default,df1eb1af31568988f242a97a4233dc01 00a67714aae8e8ffe00bbdfa20d8f94a
glh_sn-13-1,,glh_sn,13,aid,aid,ai d,,hindukush,,,^ ai d $,default,1b5e498a86e7891ff8c8805009dc67fe 03d01602d46143615cc9da7c162415b0
glh_sn-17-1,,glh_sn,17,muɽiːk,muɽiːk,m u ɽ iː k,,hindukush,,,^ m u ɽ iː k $,default,e6e5804f1d4685dd7e8728764adc4191 83ca2498ac42ee5ae4e9249c1baf9c7e
glh_sn-21-1,,glh_sn,21,ɕuːŋg,ɕuːŋg,ɕ uː ŋ g,,hindukush,,,^ ɕ uː ŋ g $,default,ae8ebec79885da2d8959a1a359812fb4 92f605e36955c27c8e19562dbbef7e31
glh_sn-25-1,,glh_sn,25,pədiːk,pədiːk,p ə d iː k,,hindukush,,,^ p ə d iː k $,default,5045d3904b3cb8346be8b21384c5c70b 176a4abddd50d402282d72e3436923e0
glh_sn-29-1,,glh_sn,29,kuj,kuj,k u j,,hindukush,,,^ k u j $,default,edbd30ac75157eda09c14ec035bff726 7afccd2d1f5d370d325fbff329542c62
glh_sn-33-1,,glh_sn,33,atɕuj,atɕuj,a tɕ u j,,hindukush,,,^ a tɕ u j $,default,51739ab907f246eeb098fe8d4ea3fd8a 80ff3b49696bcfd151974535e61b6d03
glh_sn-37-1,,glh_sn,37,iɕnɑːiː,iɕnɑːiː,i ɕ n ɑː iː,,hindukush,,,^ i ɕ n ɑːiː $,default,a4a2fcfb25e6fee9428e69dd8ee98cc8 f727ded1ce2743c198dd2b6b1a01ff73
glh_sn-2-1,,glh_sn,2,mɑːiː,mɑːiː,m ɑː iː,,hindukush,,,^ m ɑːiː $,default,86fde1f545d7356caceb335c00d763b3 176bda0ac6dbbfbd7535622a87eb2462
glh_sn-6-1,,glh_sn,6,lep,lep,l e p,,hindukush,,,^ l e p $,default,1fc36670d6278e0396fb12a33ea0ef40 8425aba55eb29fc30063166bcbd81ffc
glh_sn-10-1,,glh_sn,10,oːst,oːst,oː s t,,hindukush,,,^ oː s t $,default,c6c5955785fa6e8a118410ef4ff7a8af 19ba08079a6f9cc41d521bccac4ba75a
glh_sn-14-1,,glh_sn,14,kuj dʑaiːk,kuj_dʑaiːk,k u j + dʑ a iː k,,hindukush,,,^ k u j _ dʑ aiː k $,default,b7b0019fc8b6fb66fd71c6385ab5a8a5 7fb1128f9ec662b95758a5acc6d9daf0
glh_sn-18-1,,glh_sn,18,ʂuːχ,ʂuːχ,ʂ uː χ,,hindukush,,,^ ʂ uː χ $,default,3e3c77948f83d21113deb5e550dc7d22 e42f2e835f7d1910a14f073ffdcb9736
glh_sn-22-1,,glh_sn,22,aː,aː,aː,,hindukush,,,^ aː $,default,ce263da48c29335262151aa9c3162f0a 6d45069aade80410f0384c6fbe33f80a
glh_sn-26-1,,glh_sn,26,kuːɽ,kuːɽ,k uː ɽ,,hindukush,,,^ k uː ɽ $,default,c694d767dd9ef9d06ebd849e2d1967c5 8d385f8acad5bd90192df51eb0592b85
glh_sn-30-1,,glh_sn,30,puːʈ,puːʈ,p uː ʈ,,hindukush,,,^ p uː ʈ $,default,7202e50d44ed21d046f5caa5b150be7a a8b9865ec67412cba1b8b8023dcb8d86
glh_sn-34-1,,glh_sn,34,dʑigaːr,dʑigaːr,dʑ i g aː r,,hindukush,,,^ dʑ i g aː r $,default,e628bd14b85c5bf5a1e134b722b7a3ce 97bb4717fab7236e4ec14062a35d6fed
glh_sn-38-1,,glh_sn,38,ʑu,ʑu,ʑ u,,hindukush,,,^ ʑ u $,default,65547acfd109ddbfe6295ea9a807425e c4e0a36c2dc0145950dc7e2c2beac5b3
glh_sn-3-1,,glh_sn,3,duːr,duːr,d uː r,,hindukush,,,^ d uː r $,default,da677ba46614167577fef0aae4e5d25a 1998537726782b841fcc6b86377aa05c
glh_sn-7-1,,glh_sn,7,nuːm,nuːm,n uː m,,hindukush,,,^ n uː m $,default,78a0df0c0a96604288c88daedc75cd4b de90422ab19dead4346b75fab990368c
glh_sn-11-1,,glh_sn,11,nuŋg,nuŋg,n u ŋ g,,hindukush,,,^ n u ŋ g $,default,e276bf4e8a481ce8346c65f60c288b12 a2dd6c290a9e49b2283b27bc630d621b
glh_sn-15-1,,glh_sn,15,weːla,weːla,w eː l a,,hindukush,,,^ w eː l a $,default,5cd1a5708bf8230825471fcde07c5873 bccba836309d9c69af9a4740571302c9
glh_sn-19-1,,glh_sn,19,nuːst,nuːst,n uː s t,,hindukush,,,^ n uː s t $,default,78b7b8c56127e3fa3d591c9e99e7cce3 95b1590c1be0dbd1724a9dca5761c614
glh_sn-23-1,,glh_sn,23,iː,iː,iː,,hindukush,,,^ iː $,default,1300e8e83298eefed016c25ed5d0d5f6 969aebc0701c2402c5e1b7ec6e65b040
glh_sn-27-1,,glh_sn,27,pɑːnde,pɑːnde,p ɑː n d e,,hindukush,,,^ p ɑː n d e $,default,de9c3042dd9b12d9add1a7bb257a7695 eae632700c7caab4553136a565ceb1b8
glh_sn-31-1,,glh_sn,31,ɑːdam,ɑːdam,ɑː d a m,,hindukush,,,^ ɑː d a m $,default,105b714dcc435b4d9ebb3cce3237c4c9 f1c4a1ea9f8664e2cdff7101d444a404
glh_sn-35-1,,glh_sn,35,dətuː,dətuː,d ə t uː,,hindukush,,,^ d ə t uː $,default,4bd213084d439082aff44a802d24a04e 5a2f317047c8fda7d1575252bb62c846
glh_sn-39-1,,glh_sn,39,puːstuk,puːstuk,p uː s t u k,,hindukush,,,^ p uː s t u k $,default,69e4475a48eddc35cd345c692fe5f372 d9885c6b2b7d2b50d97e2045a921fe40
glh_sn-4-1,,glh_sn,4,sətɑːru,sətɑːru,s ə t ɑː r u,,hindukush,,,^ s ə t ɑː r u $,default,878c3cf1914c11b13b7a1d983042a027 53ef1c665cec4b5639c2d94de8327834
glh_sn-8-1,,glh_sn,8,zuːmb,zuːmb,z uː m b,,hindukush,,,^ z uː m b $,default,be8309d6d26a645a8586bbf17e060d65 890c0a1c2682c2b41139c3077c4f8825
glh_sn-12-1,,glh_sn,12,sɪra,sɪra,s ɪ r a,,hindukush,,,^ s ɪ r a $,default,2d3addf8b92ed8ddc10fdf58a4ed49b6 192f187e7426f2fc80396421d169a93b
glh_sn-16-1,,glh_sn,16,dʑəba,dʑəba,dʑ ə b a,,hindukush,,,^ dʑ ə b a $,default,995dff7daac37c4d56beaa5da17136fb e4378f08b594040684ff1f73051203a5
glh_sn-20-1,,glh_sn,20,duːnd,duːnd,d uː n d,,hindukush,,,^ d uː n d $,default,6886bbc206c377ef707e3aeeb19f0523 44e3b1c66b33a0561d6b12b0ee7d2b07
glh_sn-24-1,,glh_sn,24,kungɑːl,kungɑːl,k u n g ɑː l,,hindukush,,,^ k u n g ɑː l $,default,45557b7a4b6c07f9de3bbbbad60f7571 031082d7ad12bb5c675cf69321024806
glh_sn-28-1,,glh_sn,28,duwal,duwal,d u w a l,,hindukush,,,^ d u w a l $,default,73a116d3ebe6db90374d28b5bb63d62e c34e98f1176fdda85487d95dc49eccaf
glh_sn-32-1,,glh_sn,32,uːrge,uːrge,uː r g e,,hindukush,,,^ uː r g e $,default,1d100b2bf9a0f61b89c50bfcd13c93a2 9c97eb9588e650dd23596df1de3398a5
glh_sn-36-1,,glh_sn,36,amɑː,amɑː,a m ɑː,,hindukush,,,^ a m ɑː $,default,ae9a5a980740a81e01597e129a11634b a9879f467013d54608387e50de47ae06
glh_sn-40-1,,glh_sn,40,te,te,t e,,hindukush,,,^ t e $,default,9e6a387e7ab2e19ed9f184e434d23080 02a3746382f85317405a8e3436cafbde
aee_sh-1-1,,aee_sh,1,oːɕt,oːɕt,oː ɕ t,,hindukush,,,^ oː ɕ t $,default,2a5527c509b9cb7022f37065013093a3 bf0cf9e82c3712956b9eb6cd01f5d808
aee_sh-5-1,,aee_sh,5,ãːʈi,ãːʈi,ãː ʈ i,,hindukush,,,^ ãː ʈ i $,default,ab27e66e59697b273cd48a23e9f7a892 1d0d57b4a2a36deca95750dc706b0a67
aee_sh-9-1,,aee_sh,9,tsutsuː,tsutsuː,ts u ts uː,,hindukush,,,^ ts u ts uː $,default,ae70ddfbca9e96238b09bc82e79ee6df 0f3ee919820d4c60d56402425430ea02
aee_sh-13-1,,aee_sh,13,iːk,iːk,iː k,,hindukush,,,^ iː k $,default,e28626f71159feca4f882abb2203e502 4443cd10273da085c2479899256ef911
aee_sh-17-1,,aee_sh,17,lik,lik,l i k,,hindukush,,,^ l i k $,default,9361cc688bc002b59701eea4efc9ec53 c5af0ec2a7efa6c7d8d71e3b935733b3
aee_sh-21-1,,aee_sh,21,ʂuɽiŋ,ʂuɽiŋ,ʂ u ɽ i ŋ,,hindukush,,,^ ʂ u ɽ i ŋ $,default,ad9630b7c88434f90124b457087a2297 2339a841af8230f43458538e06362005
aee_sh-25-1,,aee_sh,25,piːk,piːk,p iː k,,hindukush,,,^ p iː k $,default,abe4b452e95c95cfea8958c1e1e84c9e 07680f9d99027fbab4e471fffda57e2f
aee_sh-29-1,,aee_sh,29,χɑːɽ,χɑːɽ,χ ɑː ɽ,,hindukush,,,^ χ ɑː ɽ $,default,e63ce830e83ee5a1cf3559bcd6075969 c2ac9d67144a07f223f4ea89e964f57e
aee_sh-33-1,,aee_sh,33,aːtɕ,aːtɕ,aː tɕ,,hindukush,,,^ aː tɕ $,default,0a251f5af8658d26e9c95501b48b012e 85559d68d0d05b51091561dfbdb4de9f
aee_sh-37-1,,aee_sh,37,oŋgoːr,oŋgoːr,o ŋ g oː r,,hindukush,,,^ o ŋ g oː r $,default,d4a668aa77ae40efe5249e1196e84df1 ad6ec63abfc1374ad7e533590caf63f5
aee_sh-2-1,,aee_sh,2,maːẽ,maːẽ,m aː ẽː,,hindukush,,,^ m aːẽ $,default,6c02ae9a327a303d7d04b3f61219cd12 bd71992b59b864a7d642ca4521f21606
aee_sh-6-1,,aee_sh,6,purjuwɑː,purjuwɑː,p u r j u w ɑː,,hindukush,,,^ p u r j u w ɑː $,default,ecc10d8d3ec64490c98cee8b257de214 4db813c40e2f9a9176f79fceb36f0069
aee_sh-10-1,,aee_sh,10,ɔːs,ɔːs,ɔː s,,hindukush,,,^ ɔː s $,default,0f63c896ab42758e976bc1ee9f1ad24f 2ca8ca4eeb4c3b950659bdf83965c952
aee_sh-14-1,,aee_sh,14,arajk,arajk,a r a j k,,hindukush,,,^ a r a j k $,default,ca9bbfdb98df5203743c39b3ea090fbe 02b9dfbb76f63e52d78a23cb55b2cfde
aee_sh-18-1,,aee_sh,18,ʂiŋ,ʂiŋ,ʂ i ŋ,,hindukush,,,^ ʂ i ŋ $,default,b8a67e9241a072e2b0346ea72d355cb3 3b782d7074ce3dfc6e226c9af10041b3
aee_sh-22-1,,aee_sh,22,aː,aː,aː,,hindukush,,,^ aː $,default,23e858e1611c511b3d783d154e53753f 60ae5f9737bb2eba4235d18da896ccd0
aee_sh-26-1,,aee_sh,26,ɖuhɑ̃ː,ɖuhɑ̃ː,ɖ u h ɑ̃ː,,hindukush,,,^ ɖ u h ɑ̃ː $,default,eee89dcbaf88a98be1648632fe9e699d 0372b6c4e65e56d442d6f37d8e1feacb
aee_sh-30-1,,aee_sh,30,paɽek,paɽek,p a ɽ e k,,hindukush,,,^ p a ɽ e k $,default,0d986c1048231575b6bd1983d34d5ab3 6b14d91133ee98df6f6d66ee6b7747f4
aee_sh-34-1,,aee_sh,34,ɛːɽ,ɛːɽ,ɛː ɽ,,hindukush,,,^ ɛː ɽ $,default,72702956db2237209712ff4c13e38d75 fa87f18f03fd9b51dcdf21a628571355
aee_sh-38-1,,aee_sh,38,jəw,jəw,j ə w,,hindukush,,,^ j ə w $,default,a5a2706da2e82d6c66ea9763c24987d8 be715ab27f83453716f5c12e86843693
aee_sh-3-1,,aee_sh,3,dɑːr,dɑːr,d ɑː r,,hindukush,,,^ d ɑː r $,default,48e009ce9c03b65785a43c4f6290830c be52bcd1abfc7c228f20fe4db9e67a4d
aee_sh-7-1,,aee_sh,7,nom,nom,n o m,,hindukush,,,^ n o m $,default,ca924ac6aaf946a55638a6f8024ece19 5abfc29b4d1861ae8c8f208a86e9bd1c
aee_sh-11-1,,aee_sh,11,nəgɑː,nəgɑː,n ə g ɑː,,hindukush,,,^ n ə g ɑː $,default,e2c0b46742506ab288d8f6e21d9d0f44 3cb95e49b274072aac16f6b0a6b3c94a
aee_sh-15-1,,aee_sh,15,wel,wel,w e l,,hindukush,,,^ w e l $,default,3c6401434acd12db2072133bb51fcece 4c2367c265ba7be330cefce84e51669f
aee_sh-19-1,,aee_sh,19,nɔːs,nɔːs,n ɔː s,,hindukush,,,^ n ɔː s $,default,a735a0adbedd4c2ad77a7765f013ef39 a4f9901bf4c56b225d12caf0eeba3a0f
aee_sh-23-1,,aee_sh,23,jɛː,jɛː,j ɛː,,hindukush,,,^ j ɛː $,default,34dd8125d967dc70cac5872b02696354 6de336b685b8a01fa322b448d5b1fd06
aee_sh-27-1,,aee_sh,27,pan,pan,p a n,,hindukush,,,^ p a n $,default,9741ed1f865a009d1457d6586a753c6b eb672863edf4dea66744588a9c3e2cbf
aee_sh-31-1,,aee_sh,31,motsek,motsek,m o ts e k,,hindukush,,,^ m o ts e k $,default,b3a773111afb5f3b9133bc8818aacff0 94aadd1a259e3b7d102b52b4ce1d4014
aee_sh-35-1,,aee_sh,35,paɽajk,paɽajk,p a ɽ a j k,,hindukush,,,^ p a ɽ a j k $,default,cd00bc4d493f7d84f17facaab2275672 2329eabb702b488475d33dbc8fd9a4d0
aee_sh-39-1,,aee_sh,39,pɪst,pɪst,p ɪ s t,,hindukush,,,^ p ɪ s t $,default,8ed98b6084e7311784cf0f10b233f222 8766b3d7359881e1878e817e6698686e
aee_sh-4-1,,aee_sh,4,litərɑː,litərɑː,l i t ə r ɑː,,hindukush,,,^ l i t ə r ɑː $,default,caa34d988af00e38b9547cc26ef989f0 04db8b1bd8bcb6790cdc2bdfb17c0e93
aee_sh-8-1,,aee_sh,8,woɽ,woɽ,w o ɽ,,hindukush,,,^ w o ɽ $,default,2e4fb2cc49bf7cad748821ca3e1a8875 b8c676fea6c4ba3010a7b7551e662b39
aee_sh-12-1,,aee_sh,12,suːr,suːr,s uː r,,hindukush,,,^ s uː r $,default,e5f0bbfad629b8aa4cb5ad754d618d39 f20652a71c6c2361732738c8d8e66990
aee_sh-16-1,,aee_sh,16,zeːb,zeːb,z eː b,,hindukush,,,^ z eː b $,default,910022073f22f82f34e163c218ec10fd 653445178c10a5b1de1e497aeb8511e6
aee_sh-20-1,,aee_sh,20,daːn,daːn,d aː n,,hindukush,,,^ d aː n $,default,c9e9d7e8a255caa1a56d11db416064e5 0abcfa126e348f5a2a05d002e27b7506
aee_sh-24-1,,aee_sh,24,zɔl,zɔl,z ɔ l,,hindukush,,,^ z ɔ l $,default,373b87f57085c8e7dfe5ca01aaccd590 661ca52cef7f383e9f9ce7e8075ce421
aee_sh-28-1,,aee_sh,28,duː,duː,d uː,,hindukush,,,^ d uː $,default,c1426a15be39a3202e26365ebee0ce36 1d20cec793dcf05c428fc722eaaebff9
aee_sh-32-1,,aee_sh,32,wareːk,wareːk,w a r eː k,,hindukush,,,^ w a r eː k $,default,755274e8c159233bafb59da7f9a741d5 2b2a755dcc5da65653586c477f2ff126
aee_sh-36-1,,aee_sh,36,ama,ama,a m a,,hindukush,,,^ a m a $,default,9e5516ccc2ea19c5c64b0c0fb3ae91cd dd42151bff99624773849fe771c6c104
aee_sh-40-1,,aee_sh,40,tuː,tuː,t uː,,hindukush,,,^ t uː $,default,6d2323ce660e7e0adebdaaad48e3af5b 517267a6a14d2d92bb7087efd1687205
pbu_a-1-1,,pbu_a,1,wina,wina,w i n a,,hindukush,,,^ w i n a $,default,d66b6a6071c02ba96fe3592d8b20a324 f21ba4f697cf82991701e86050860942
pbu_a-5-1,,pbu_a,5,haɖukɛː,haɖukɛː,h a ɖ u k ɛː,,hindukush,,,^ h a ɖ u k ɛː $,default,a2d72f44bd460494f59d832046f93d5e 93e0dde28aa42433443b984c44e7305e
pbu_a-9-1,,pbu_a,9,tɛː,tɛː,t ɛː,,hindukush,,,^ t ɛː $,default,21f57d0e4a532b51756eacf8e810b91f c9149bdc46b4630b5deeb7145185212a
pbu_a-13-1,,pbu_a,13,raːtləl,raːtləl,r aː t l ə l,,hindukush,,,^ r aː t l ə l $,default,e850e7e20c15492f2505f989e46072de b83c1cdd1cee11b5f02b6cecdec53e41
pbu_a-17-1,,pbu_a,17,məɽkeːdəl,məɽkeːdəl,m ə ɽ k eː d ə l,,hindukush,,,^ m ə ɽ k eː d ə l $,default,3286bbdce499c45b9e1acf2c0eb1e95a eb49d3f2e6c45d342bd2bda6925c3aa8
pbu_a-21-1,,pbu_a,21,spɛː,spɛː,s p ɛː,,hindukush,,,^ s p ɛː $,default,427483bdcadbdc14c0f0a8bc5b189e9e ee4c8409cb64e0839c49d6f59848e76c
pbu_a-25-1,,pbu_a,25,tsxəl,tsxəl,ts x ə l,,hindukush,,,^ ts x ə l $,default,02354b5d7b19b5c830886acf0a06c9ca f270696328c817f392ce49486c7616d6
pbu_a-29-1,,pbu_a,29,ɣwag,ɣwag,ɣ w a g,,hindukush,,,^ ɣw a g $,default,bc0efdc4403189c0a083355474858b30 8a5437573d1a4928ade161def2221c4a
pbu_a-33-1,,pbu_a,33,stərga,stərga,s t ə r g a,,hindukush,,,^ s t ə r g a $,default,b11bcd8924d13a3ecd10a872dad85260 1e5964e4f9fb55ac6c5ee10641fb4eaf
pbu_a-37-1,,pbu_a,37,oːr,oːr,oː r,,hindukush,,,^ oː r $,default,bdea3ac26d28350e506575cb280e5241 b54449f6e64e6e5e458561e8c0f5df49
pbu_a-2-1,,pbu_a,2,kab,kab,k a b,,hindukush,,,^ k a b $,default,25aba418ad6494f438b6e4205b0108b9 708ea3e86a91f0444c68d33f8a93c479
pbu_a-6-1,,pbu_a,6,ɖak,ɖak,ɖ a k,,hindukush,,,^ ɖ a k $,default,9acd526bf159311eaccdd43cd2108ccb c87687a0c8588d451ba4794ec4dc9b7c
pbu_a-10-1,,pbu_a,10,laːs,laːs,l aː s,,hindukush,,,^ l aː s $,default,4b8e5726a5d9cade51ff20ee16b517df aff4f523df7dc5e064157d51a63db47d
pbu_a-14-1,,pbu_a,14,oːreːdəl,oːreːdəl,oː r eː d ə l,,hindukush,,,^ oː r eː d ə l $,default,042fa8871ff17f14bcd21d4d8d8cedcf b198177fad765ff4b8ab6a725fa3eb1f
pbu_a-18-1,,pbu_a,18,xkar,xkar,x k a r,,hindukush,,,^ x k a r $,default,5f9185f003b94b5543a85ed7651a2622 acbd2034846886f91cffe7ccd51355a1
pbu_a-22-1,,pbu_a,22,zə,zə,z ə,,hindukush,,,^ z ə $,default,0f190ad89370e5f058c2d0854ad16014 4fc8fe59c44f5f7a6d78ac4b3ecbc276
pbu_a-26-1,,pbu_a,26,zaŋgun,zaŋgun,z a ŋ g u n,,hindukush,,,^ z a ŋ g u n $,default,6fc617ca9c6da4c409bbb5d0dac173c6 83ab5c5a9ab26944fc1eef7fa40d58fe
pbu_a-30-1,,pbu_a,30,paːɳa,paːɳa,p aː ɳ a,,hindukush,,,^ p aː ɳ a $,default,4d7740f9ae71bc6974546b27e307b05c b136714097243c8b2727eb071aac9412
pbu_a-34-1,,pbu_a,34,ʒigar,ʒigar,ʒ i g a r,,hindukush,,,^ ʒ i g a r $,default,5cf7b0a7a70a47313c42cdb87398a90b 8d85515b5900c4ecf2902de8db31a84c
pbu_a-38-1,,pbu_a,38,spəga,spəga,s p ə g a,,hindukush,,,^ s p ə g a $,default,16ab4246642389cb26da5eedf95758e7 cc672fc5dd3ead9fa1e9e00a73383b17
pbu_a-3-1,,pbu_a,3,ɣar,ɣar,ɣ a r,,hindukush,,,^ ɣ a r $,default,3d25d6cf0b3dd5eff248c9cc918f175d 7c24c635b2d19d1303b1ed41595f3614
pbu_a-7-1,,pbu_a,7,num,num,n u m,,hindukush,,,^ n u m $,default,555c8fd82e91a6e33b46fa55411f8647 8206f8e94a02e248eed051dda7260b27
pbu_a-11-1,,pbu_a,11,nəwe,nəwe,n ə w e,,hindukush,,,^ n ə w e $,default,1d91e178c782fad97cf605b7fe810e1b 57b75c9bf47ef2cf861f4cb281292d1f
pbu_a-15-1,,pbu_a,15,ʃpa,ʃpa,ʃ p a,,hindukush,,,^ ʃ p a $,default,293820dc3f961a88709d2612db89cac7 82b59c7d725a1134613cac653f0227bd
pbu_a-19-1,,pbu_a,19,poːza,poːza,p oː z a,,hindukush,,,^ p oː z a $,default,5e98fa95249d5920dcef7e1a78168a86 a0e06981fd249ebaacf0cae03537cfcf
pbu_a-23-1,,pbu_a,23,jaw,jaw,j a w,,hindukush,,,^ j a w $,default,62121057f82bcf369ae32e3fa3b764c1 eb68e012beb511e9b754ade906e5342b
pbu_a-27-1,,pbu_a,27,laːra,laːra,l aː r a,,hindukush,,,^ l aː r a $,default,8a19d5318ddc30e4c1e0b2ada6782180 2e14cea069552201e5e66fdd10feea10
pbu_a-31-1,,pbu_a,31,saɽɛː,saɽɛː,s a ɽ ɛː,,hindukush,,,^ s a ɽ ɛː $,default,cc1c7f4bd14188f1e6ef506afeb96900 44ca7cdb59c234f798831aa007c69a22
pbu_a-35-1,,pbu_a,35,lidəl,lidəl,l i d ə l,,hindukush,,,^ l i d ə l $,default,cea8ef4adab8b2f288c31706d0d96841 518e7d5e7206cc2b7695936aeb869137
pbu_a-39-1,,pbu_a,39,poːstəke,poːstəke,p oː s t ə k e,,hindukush,,,^ p oː s t ə k e $,default,328fc18c585da9898707846b2b008684 8c70cea8d15b9b8ce178a02ef6c823d0
pbu_a-4-1,,pbu_a,4,stoːre,stoːre,s t oː r e,,hindukush,,,^ s t oː r e $,default,539542b82b7af0dfa83ecfe230f4c8ab cca20c006f94b2ec0e07dcff0045729d
pbu_a-8-1,,pbu_a,8,tiga,tiga,t i g a,,hindukush,,,^ t i g a $,default,f1b565158df1e8c7f582b8eaf344c319 6513b43df9b1106698671584c4db23ff
pbu_a-12-1,,pbu_a,12,lmar,lmar,l m a r,,hindukush,,,^ l m a r $,default,733e3b4bda1724ca86635b5a201dd2c9 44225f829e18deb9eaef932061caabbb
pbu_a-16-1,,pbu_a,16,ʒəba,ʒəba,ʒ ə b a,,hindukush,,,^ ʒ ə b a $,default,07209428ae1cab9838b29622bc2aee37 d982a537b63bd004c66efacdfe2aa6f9
pbu_a-20-1,,pbu_a,20,ɣaːx,ɣaːx,ɣ aː x,,hindukush,,,^ ɣ aː x $,default,54fd469fc5eb8c8b0b7e552ab5206e9a 5e2707ed4def30f8726226588463b4cb
pbu_a-24-1,,pbu_a,24,wəna,wəna,w ə n a,,hindukush,,,^ w ə n a $,default,577d322ca14c76c7fc491596be4a5892 fda65f8727396531f44075fd8a936da2
pbu_a-28-1,,pbu_a,28,dwa,dwa,d w a,,hindukush,,,^ dw a $,default,55faa45cd97ba321d396b26e0eb7d45f 414e990576cedd2477a59ce11bc83823
pbu_a-32-1,,pbu_a,32,oːbə,oːbə,oː b ə,,hindukush,,,^ oː b ə $,default,5394d92e67e1fe659bb8add794b45fef 958823f4849f5f4b5e6dbf063b181cc3
pbu_a-36-1,,pbu_a,36,muŋg,muŋg,m u ŋ g,,hindukush,,,^ m u ŋ g $,default,4d918b25fba9598d32ea6b86207ab3a1 a5fbf82628451e20db7c3bb5b7f31e1b
pbu_a-40-1,,pbu_a,40,tə,tə,t ə,,hindukush,,,^ t ə $,default,a08637094e8af1f19c3d897ba8ec9d7e 4da55dca011112c008969272ac0d8d4d
pbu_i-1-1,,pbu_i,1,wina,wina,w i n a,,hindukush,,,^ w i n a $,default,67e556b74b680f561d7dced2afd457d6 676ad2612571fe884022c5a757e2b292
pbu_i-5-1,,pbu_i,5,aɖukeː,aɖukeː,a ɖ u k eː,,hindukush,,,^ a ɖ u k eː $,default,0e4156cbc384b83282034e6dd53dd9e6 483be1e46adf626653da241eef0504c1
pbu_i-9-1,,pbu_i,9,sina,sina,s i n a,,hindukush,,,^ s i n a $,default,219d89a00d7d1a0e8bc3118e002b0206 ae3e81f8f4fa431a4d73d5b99e69ef5e
pbu_i-13-1,,pbu_i,13,raːza,raːza,r aː z a,,hindukush,,,^ r aː z a $,default,1114c56a621228793464b655e608f824 0e0074a64ae7651fd3eb4f2e59af3f7a
pbu_i-17-1,,pbu_i,17,mərg,mərg,m ə r g,,hindukush,,,^ m ə r g $,default,7d04ad9d1b2545f5f65adf551befa630 98890352cd3407f2dfac6f066e66f954
pbu_i-21-1,,pbu_i,21,speː,speː,s p eː,,hindukush,,,^ s p eː $,default,5b584aab4a470942f8554eb43ef82e67 66607a8d5d05c113c092b5b4be5be553
pbu_i-25-1,,pbu_i,25,skəl,skəl,s k ə l,,hindukush,,,^ s k ə l $,default,df57f9f8a328b9dcf41c2064fe485c13 6c979aa52210b17a58c2504e10d6b88e
pbu_i-29-1,,pbu_i,29,ʁwag,ʁwag,ʁ w a g,,hindukush,,,^ ʁw a g $,default,1b2aa5d82d8ca7890e9991f77a839c74 620c382055ab97dd5803ac28c1e1e0bd
pbu_i-33-1,,pbu_i,33,stərga,stərga,s t ə r g a,,hindukush,,,^ s t ə r g a $,default,384d5ed3f086e9e9b58b712d699cdb46 f6e7794043046ea1efe03cef18e6aea9
pbu_i-37-1,,pbu_i,37,ɔːr,ɔːr,ɔː r,,hindukush,,,^ ɔː r $,default,7a7452e79dc58b5a28f71cad423cebeb 266db48cfe35b678e6ebcfca038289f1
pbu_i-2-1,,pbu_i,2,majeː,majeː,m a j eː,,hindukush,,,^ m a j eː $,default,cd5297bfc6045b37d6100a7a3bad36bb 5558ef47f238c72bd6e73bf4ecb5a1d5
pbu_i-6-1,,pbu_i,6,ɖak,ɖak,ɖ a k,,hindukush,,,^ ɖ a k $,default,5d078751b1523c1c69bfb42863d88c1c a2faa5e16c7279b709ba0452aa837153
pbu_i-10-1,,pbu_i,10,laːs,laːs,l aː s,,hindukush,,,^ l aː s $,default,019a137b38fb43dc8c3ad023cf06eb7c 821b3d07c064807451683d8213cce314
pbu_i-14-1,,pbu_i,14,awreːdə,awreːdə,a w r eː d ə,,hindukush,,,^ a w r eː d ə $,default,8022c404363ab7552ddbd7e28f6707e4 450b2536de8b6ed77567e17569bdff94
pbu_i-18-1,,pbu_i,18,χkər,χkər,χ k ə r,,hindukush,,,^ χ k ə r $,default,16c2aa5634bc33d20389d60b10984eb1 b0b7d3b4da7c923ad582a244abbc3d5b
pbu_i-22-1,,pbu_i,22,zə,zə,z ə,,hindukush,,,^ z ə $,default,37272962fe6258f3a636b1620d2420cb c0d05fcd0ede189800a54e9cd5467e0b
pbu_i-26-1,,pbu_i,26,zaŋgun,zaŋgun,z a ŋ g u n,,hindukush,,,^ z a ŋ g u n $,default,675e62c85af80903258faa1bb7d7703c 1fbe1af8eb9c3eb1262e7b904372d86a
pbu_i-30-1,,pbu_i,30,paːɳa,paːɳa,p aː ɳ a,,hindukush,,,^ p aː ɳ a $,default,9a4a428c2d307caeee878440b00e28a8 098e38a2b63875e64d5e1e4dfd0d3f76
pbu_i-38-1,,pbu_i,38,spəga,spəga,s p ə g a,,hindukush,,,^ s p ə g a $,default,27fa25d98b6fb53a024fe362cee39bb3 01d0b1d78e0ccc59342542535e471b6a
pbu_i-3-1,,pbu_i,3,ʁər,ʁər,ʁ ə r,,hindukush,,,^ ʁ ə r $,default,377a369316d7c72975f95b338941c3b8 134f684bb4891a0e8b9549763bb305a4
pbu_i-7-1,,pbu_i,7,num,num,n u m,,hindukush,,,^ n u m $,default,acf0b342ef57bbd88026bc04ba2a1897 927acdcf365a436a12e480c78ae01f1f
pbu_i-11-1,,pbu_i,11,nawe,nawe,n a w e,,hindukush,,,^ n a w e $,default,7ddfd9ba94f6455760bcaae1ca6eb13f 81ba82ce90829c0c505b6626bb87e469
pbu_i-15-1,,pbu_i,15,ʃpa,ʃpa,ʃ p a,,hindukush,,,^ ʃ p a $,default,c564dbd5464713918345d52b98935863 412f28fc7603e4c1510e373e3c7ee840
pbu_i-19-1,,pbu_i,19,pɔːza,pɔːza,p ɔː z a,,hindukush,,,^ p ɔː z a $,default,1dbaa731847eb57430ac923c060b7a35 acb6f197534c09b60cc04a52c8f079e2
pbu_i-23-1,,pbu_i,23,jaw,jaw,j a w,,hindukush,,,^ j a w $,default,173238723242bb6f18df680c94853ebb ef2aa52e35a366d920a48b66ddb16570
pbu_i-27-1,,pbu_i,27,laːr,laːr,l aː r,,hindukush,,,^ l aː r $,default,9aab2b6594924130460bbe14ed4983aa 50a0b3eb31ae539785bb37160776a836
pbu_i-31-1,,pbu_i,31,tan,tan,t a n,,hindukush,,,^ t a n $,default,2f9774e4627933862017085d79420271 b99896d3bcecdd32e8127f08cc94e159
pbu_i-35-1,,pbu_i,35,katələ,katələ,k a t ə l ə,,hindukush,,,^ k a t ə l ə $,default,c6c3395885d4b08469a4b90e6649f83f f3a163aa6416edd0704c6592077e6a0d
pbu_i-39-1,,pbu_i,39,tsarmən,tsarmən,ts a r m ə n,,hindukush,,,^ ts a r m ə n $,default,70e471493a50cb96f0338d573ef19afe ac5ef4b89c3992ba5a93706e2d784724
pbu_i-4-1,,pbu_i,4,stɔːre,stɔːre,s t ɔː r e,,hindukush,,,^ s t ɔː r e $,default,de57ddece89e908ef19faae748b4f680 aa0e9f2858f4c55e8b7019f8df3da3e5
pbu_i-8-1,,pbu_i,8,gaʈ,gaʈ,g a ʈ,,hindukush,,,^ g a ʈ $,default,8af61305cd3051c17bbe50a9242e8f39 1bb995548629706b89a65ac5fed8675f
pbu_i-12-1,,pbu_i,12,nwar stərga,nwar_stərga,nʷ a r + s t ə r g a,,hindukush,,,^ nw a r _ s t ə r g a $,default,011da2ea7ea04fa04f42ae44125f944e bc4fac4057d4cfd995da97fb9b0ee5dd
pbu_i-16-1,,pbu_i,16,dʒəba,dʒəba,dʒ ə b a,,hindukush,,,^ dʒ ə b a $,default,a6ae7a26d39cc045b6825b30c7adf03a a36d5d58060e44d1d32ff471b6d224f5
pbu_i-20-1,,pbu_i,20,ʁaːχ,ʁaːχ,ʁ aː χ,,hindukush,,,^ ʁ aː χ $,default,42bd2957b023144be78f4baa2f0721e2 1c284c27e63b7947547b321a650f0cac
pbu_i-24-1,,pbu_i,24,wəna,wəna,w ə n a,,hindukush,,,^ w ə n a $,default,e97e64d1d9cc222f7154bb87e40aa3d3 e36db904f28794bf46a816c1f5f538c4
pbu_i-28-1,,pbu_i,28,dwa,dwa,d w a,,hindukush,,,^ dw a $,default,de582dae3a02c365bd9e20fb04c3e7a4 6ce7563da00820cea39d1ea8fb4aec2d
pbu_i-32-1,,pbu_i,32,oːbə,oːbə,oː b ə,,hindukush,,,^ oː b ə $,default,25a1db365e045faacdf7c6f342782a16 22b77f1f9d1ff41b22db11f64aad7e92
pbu_i-36-1,,pbu_i,36,muŋg,muŋg,m u ŋ g,,hindukush,,,^ m u ŋ g $,default,005f7fd69be878e844ded2f987bccfed ce3312aa2222372dfcb2e088fac411f5
pbu_i-40-1,,pbu_i,40,tə,tə,t ə,,hindukush,,,^ t ə $,default,abfb5729c40ec04652a65ce748d8aa57 d5e729578ffd7741a025774f00f14806
pbu_p-1-1,,pbu_p,1,wina,wina,w i n a,,hindukush,,,^ w i n a $,default,3b2f253176a89839f474776c724565f1 c174b658bcf0c99dd15372964ab77107
pbu_p-5-1,,pbu_p,5,aɖukɛː,aɖukɛː,a ɖ u k ɛː,,hindukush,,,^ a ɖ u k ɛː $,default,904cc2339a69242fbb5e72ee6ff45a1b b90c1fe0ad16f198e70560f74df39193
pbu_p-9-1,,pbu_p,9,sina,sina,s i n a,,hindukush,,,^ s i n a $,default,e9751762676bf727b26f69bf7632006a 0cd0eabfc157a307b4efa6c5545cab20
pbu_p-13-1,,pbu_p,13,raːtlə,raːtlə,r aː t l ə,,hindukush,,,^ r aː t l ə $,default,eaf004711af26e47dfd1ed3815feecd8 5b9eca941ab9ac8e3002bf305682d632
pbu_p-17-1,,pbu_p,17,məɽkedəl,məɽkedəl,m ə ɽ k e d ə l,,hindukush,,,^ m ə ɽ k e d ə l $,default,057876b4aa49978981aca4f9106ba372 d3f5b79bac4090d756048abcd71f93d8
pbu_p-21-1,,pbu_p,21,spɛː,spɛː,s p ɛː,,hindukush,,,^ s p ɛː $,default,c0874d1ca6c7126c22d56d67bc38be94 a03a5b1bfcdef8d4e6a5929f1e820ae9
pbu_p-25-1,,pbu_p,25,skəl,skəl,s k ə l,,hindukush,,,^ s k ə l $,default,7c410cf72c1cd3cf7a5e3949ee4df0c1 3d3733639996be2d8145506301e85927
pbu_p-29-1,,pbu_p,29,ʁwag,ʁwag,ʁ w a g,,hindukush,,,^ ʁw a g $,default,c32bd359577d4657e0719c2cfe43ddfc 057e9b7d048ec753b8ab6ef633c62622
pbu_p-33-1,,pbu_p,33,stərga,stərga,s t ə r g a,,hindukush,,,^ s t ə r g a $,default,5b7c1bd2762d3cd4ed0e4aa57a766c8b b2b84d081c73680a5158b833b4024c1e
pbu_p-37-1,,pbu_p,37,oːr,oːr,oː r,,hindukush,,,^ oː r $,default,88285c2f4f54a497a108d6b22618cb6c 27bc492e48dd80184b876774839a03c9
pbu_p-2-1,,pbu_p,2,maje,maje,m a j e,,hindukush,,,^ m a j e $,default,d2d29488f6d3070739adddaeb8996053 7f8d4dbf4de33e497e72cb4bb8e38341
pbu_p-6-1,,pbu_p,6,ɖak,ɖak,ɖ a k,,hindukush,,,^ ɖ a k $,default,3f9fa0e7bf27794b3d365d638cf879eb cd02276818ac724bfb637758e24ec2fb
pbu_p-10-1,,pbu_p,10,laːs,laːs,l aː s,,hindukush,,,^ l aː s $,default,20f174ccfb7cf3f0395e80f8e03e6da6 d2bc76b837927dc9016173120012dea8
pbu_p-14-1,,pbu_p,14,awredəl,awredəl,a w r e d ə l,,hindukush,,,^ a w r e d ə l $,default,798661b08e812c56ff31a215ab3a9555 067856fc1f0db9618e8f5810762fd815
pbu_p-18-1,,pbu_p,18,χkər,χkər,χ k ə r,,hindukush,,,^ χ k ə r $,default,334c2c3707c5ddd18dcb21c186db391a bf1f1a320a1ec1f198ddbff9730f79fc
pbu_p-22-1,,pbu_p,22,zə,zə,z ə,,hindukush,,,^ z ə $,default,b3e54450ffb7b351d12fa9d8c11eb3e5 eee73003472105b44a198f8de93d8e14
pbu_p-26-1,,pbu_p,26,zaŋgun,zaŋgun,z a ŋ g u n,,hindukush,,,^ z a ŋ g u n $,default,611fe84b4a5ba1c6637400fc6c2006cc 1faf4edf0b618558fc7102e19587147b
pbu_p-30-1,,pbu_p,30,pãːɳa,pãːɳa,p ãː ɳ a,,hindukush,,,^ p ãː ɳ a $,default,24ec479ed84f7b6bc30c1768b4682578 8528bf4f0c6639ebe62b937680781c54
pbu_p-34-1,,pbu_p,34,zigar,zigar,z i g a r,,hindukush,,,^ z i g a r $,default,41195292a33f045d1d14ce9c3bee375d 88a893872a3c6d169768264888af5fc0
pbu_p-38-1,,pbu_p,38,spəga,spəga,s p ə g a,,hindukush,,,^ s p ə g a $,default,a547224151fb67664437341651105fd2 497fcf0275227978186007c1bc891011
pbu_p-3-1,,pbu_p,3,ɣar,ɣar,ɣ a r,,hindukush,,,^ ɣ a r $,default,a597f01b856b923d71941d7b792e2012 195cd31bdaffe0c1da7eaba0b8337bfa
pbu_p-7-1,,pbu_p,7,num,num,n u m,,hindukush,,,^ n u m $,default,8807a11ce36c55373901baca5ba1b943 79fca90d22e576bfa1b1c21a4379d402
pbu_p-11-1,,pbu_p,11,nawɛː,nawɛː,n a w ɛː,,hindukush,,,^ n a w ɛː $,default,b620f25926714ece2f070cdb1e7d0cc4 7b522344ccc070eb9f980b841956df1f
pbu_p-15-1,,pbu_p,15,ʃpa,ʃpa,ʃ p a,,hindukush,,,^ ʃ p a $,default,23587db7ea1e6d6a768b8d5edbf1574c 7b76ea6561c29b4285d8ddb7c3b98d65
pbu_p-19-1,,pbu_p,19,poːza,poːza,p oː z a,,hindukush,,,^ p oː z a $,default,55b01b3799199808d418f60dd4cd62ef 454269b083f0cf157eac435f258ee674
pbu_p-23-1,,pbu_p,23,jaːw,jaːw,j aː w,,hindukush,,,^ j aː w $,default,8190cd4d64a7b79809f07f02c4307e01 4454e2d719acf7a837f8b9a5621ee2b8
pbu_p-27-1,,pbu_p,27,laːr,laːr,l aː r,,hindukush,,,^ l aː r $,default,875928810a1908dc020e47a408a2ef6c 74ed2a82c3ce016be91f81ed0c775f75
pbu_p-31-1,,pbu_p,31,kas,kas,k a s,,hindukush,,,^ k a s $,default,63c00d0dcf1d403a12012c6be4b6fe1b d4b6c9de076d66b4fb1135d324bb91c9
pbu_p-35-1,,pbu_p,35,lidəl,lidəl,l i d ə l,,hindukush,,,^ l i d ə l $,default,36e9a9136a90a0d9ec38584a9f8f5cad 3c8e25848a7ffb7b9ee0b7e8bae00ccb
pbu_p-39-1,,pbu_p,39,tsərman,tsərman,ts ə r m a n,,hindukush,,,^ ts ə r m a n $,default,f93fea2f5223ed69dccc0c785d71342f 430741c8c58bba90dad7f1c7be382476
pbu_p-4-1,,pbu_p,4,stoːreː,stoːreː,s t oː r eː,,hindukush,,,^ s t oː r eː $,default,aaa021fd153fb2df488f339a25b26faf 00acab4e03fa70a03dd6cfedb545ffcb
pbu_p-8-1,,pbu_p,8,kãːɳe,kãːɳe,k ãː ɳ e,,hindukush,,,^ k ãː ɳ e $,default,8ca6e21ae7fb26978775ff59ab2291b8 d98c23c3e6a4d2858f91a45d882ce80e
pbu_p-12-1,,pbu_p,12,lmar,lmar,l m a r,,hindukush,,,^ l m a r $,default,3b8bc5c43df118ba281592d8823f8355 0850e9fe54fe9c16c57998f83cfe57d1
pbu_p-16-1,,pbu_p,16,ʒəba,ʒəba,ʒ ə b a,,hindukush,,,^ ʒ ə b a $,default,5f28c6319d61c2ecbbfca0bd84ba0a0c ab1675ea3775dec61810861616a8d109
pbu_p-20-1,,pbu_p,20,ʁaːχ,ʁaːχ,ʁ aː χ,,hindukush,,,^ ʁ aː χ $,default,097d1845f60509aa50b6bc3a8c632c1a 0585b9d6b1aeedcd14e8481a85bc18f7
pbu_p-24-1,,pbu_p,24,wəna,wəna,w ə n a,,hindukush,,,^ w ə n a $,default,c22d6cd921751817cbfb12e45fe52089 cdb36a923d12f20e068ec33b515506f0
pbu_p-28-1,,pbu_p,28,dwa,dwa,d w a,,hindukush,,,^ dw a $,default,609ad8ece46d21a7078b3839e671e950 55333247ffd504d1b5d3f4c2a29747d8
pbu_p-32-1,,pbu_p,32,obə,obə,o b ə,,hindukush,,,^ o b ə $,default,0ddf531bda7c354858e4e324d000a401 734b8927ee24606dea64d26c51878931
pbu_p-36-1,,pbu_p,36,məŋg,məŋg,m ə ŋ g,,hindukush,,,^ m ə ŋ g $,default,b8cb1e9619f8c343a4d19c3c210beec8 93f7c751f95cef0942c810bc75ef673b
pbu_p-40-1,,pbu_p,40,tə,tə,t ə,,hindukush,,,^ t ə $,default,831817bdd82c7a0877f20e8b145ab01c 086d9fb5066268af0e4dea7552fc752f
prn-1-1,,prn,1,isiː,isiː,i s iː,,hindukush,,,^ i s iː $,default,c43c97ac10648e64384a792e0d4ee9a0 1a8f885ffb2dd03a64f8b5c3a08164a9
prn-5-1,,prn,5,itɕiː,itɕiː,i tɕ iː,,hindukush,,,^ i tɕ iː $,default,2f556a528a8870168847987499426a34 c3b5db8862649371a1c822072f53d488
prn-9-1,,prn,9,ʑuʑu,ʑuʑu,ʑ u ʑ u,,hindukush,,,^ ʑ u ʑ u $,default,9f573a2d3f086d31b0d331374c2d54dd 02b2fff485a7c5dddf5bf25ae6fbce19
prn-13-1,,prn,13,atsəniː,atsəniː,a ts ə n iː,,hindukush,,,^ a ts ə n iː $,default,6d81c7334b62cf536d7798669a4a0f11 fb30a836ee320c17d90e11b87451ac54
prn-17-1,,prn,17,amɔniː,amɔniː,a m ɔ n iː,,hindukush,,,^ a m ɔ n iː $,default,8dbdce7df5001cef091f563f0f439fa4 6c8e5ae64164d51a2e4c4bf57db07607
prn-21-1,,prn,21,kiraw,kiraw,k i r a w,,hindukush,,,^ k i r a w $,default,183659734e51e460a12984f676fa5dd7 2123539bd2bfef4fc64d07892fde8b9f
prn-25-1,,prn,25,wiːniː,wiːniː,w iː n iː,,hindukush,,,^ w iː n iː $,default,01314de1bb99e4fa8a107d350fe9e950 3c93118e97544b7bf6e078d9800c5998
prn-29-1,,prn,29,imuː,imuː,i m uː,,hindukush,,,^ i m uː $,default,e3fc366e60a53b66309443428b52f012 e223acda05e01a5c48c86aefc49a5aae
prn-33-1,,prn,33,iʑiː,iʑiː,i ʑ iː,,hindukush,,,^ i ʑ iː $,default,ecdd4f42a67a4b562d2dd75370bed0ca ab82dc2afec827c5444aac8b7def656d
prn-37-1,,prn,37,anəɣ,anəɣ,a n ə ɣ,,hindukush,,,^ a n ə ɣ $,default,e960105cd265058a2873fbb2c77a72f0 c50683cbba501de2c9b98c2c4b62af72
prn-2-1,,prn,2,tuamisiː,tuamisiː,t u a m i s iː,,hindukush,,,^ t ua m i s iː $,default,e1efb4007d9726910c570422cd383906 9b518a65858a8b7fcf4f563b63871cab
prn-6-1,,prn,6,biraw,biraw,b i r a w,,hindukush,,,^ b i r a w $,default,d4b75bf5953e375b2e967df31b9e5cfb 0404ce3728d9f1e04d07dabb9200e846
prn-10-1,,prn,10,lust,lust,l u s t,,hindukush,,,^ l u s t $,default,0c622df1ac8d05039d60f411d73b7689 018ed54ced6eb2bb224c743abf731d40
prn-14-1,,prn,14,nasniː,nasniː,n a s n iː,,hindukush,,,^ n a s n iː $,default,e865f5ebab3d85f5a04985cac8fc8559 01b6225f82b39d2ff7960fdc14daf9cf
prn-18-1,,prn,18,ʂiŋg,ʂiŋg,ʂ i ŋ g,,hindukush,,,^ ʂ i ŋ g $,default,84389c3db848f1a97f976a9eb558b4a3 85ebd3d888985afae22d6a27138efeea
prn-22-1,,prn,22,anzuː,anzuː,a n z uː,,hindukush,,,^ a n z uː $,default,cc767f173dba78d1da522a6bc7008a79 a709ebf50c10c79d843a06cd16ac548e
prn-26-1,,prn,26,mənʲiː,mənʲiː,m ə nʲ iː,,hindukush,,,^ m ə nʲ iː $,default,bf09492976f2c0a12c210efe32d8329c a51f3022080a23f7f3104aacd5b1dc30
prn-30-1,,prn,30,parəɣ,parəɣ,p a r ə ɣ,,hindukush,,,^ p a r ə ɣ $,default,a8869b965add690904b823b8eec62847 22ce60da4f7ae518d9eb897841b0894f
prn-38-1,,prn,38,iviː,iviː,i v iː,,hindukush,,,^ i v iː $,default,598369bdb1cc5e57e960f25b3175926e 5f674ff524ca70f2d65229a82bc28e72
prn-3-1,,prn,3,kuː,kuː,k uː,,hindukush,,,^ k uː $,default,c6913147a9df9228ac2ad807ea31d99d d058c5713b2f9071f174971791e5284f
prn-7-1,,prn,7,nəm,nəm,n ə m,,hindukush,,,^ n ə m $,default,87de478ddd0a17b3efab95d4237ef4cf 622a135d4153b4928b9b3bf096efa41f
prn-11-1,,prn,11,inːi,inːi,i nː i,,hindukush,,,^ i nː i $,default,44bb037aa6da841e3fe21d1599c13cfe e9738096b8904539c014101ebce2ea6f
prn-15-1,,prn,15,woɕʈa,woɕʈa,w o ɕ ʈ a,,hindukush,,,^ w o ɕ ʈ a $,default,5204d1889109248bc54098f1518c8589 8e8aa520f4d069947512c96ab7c9dc35
prn-19-1,,prn,19,nes,nes,n e s,,hindukush,,,^ n e s $,default,b9a9bec172b26470b19717057d774c2a af51ac00e1ad567c6de90e9c2fbfb232
prn-23-1,,prn,23,atəɣ,atəɣ,a t ə ɣ,,hindukush,,,^ a t ə ɣ $,default,87d83b5babc3c8799be8ac04d2b8e3b2 b752191d47332e716e9e1869f3dcf901
prn-27-1,,prn,27,wut,wut,w u t,,hindukush,,,^ w u t $,default,29ecff97cdfdb98335270b8515bdabac fc6e7c2073a164b81f20053932bda886
prn-31-1,,prn,31,wətɕmiː,wətɕmiː,w ə tɕ m iː,,hindukush,,,^ w ə tɕ m iː $,default,48037c87d96872d47bf8cee1bcc61c20 7c1295241cbbc215812d25517ef85eec
prn-35-1,,prn,35,wuskaːzniː,wuskaːzniː,w u s k aː z n iː,,hindukush,,,^ w u s k aː z n iː $,default,c9f9a14cf1eec66fe284df0ded867de9 7f672c16dcff3b0cb627c3b4f0dfe67f
prn-39-1,,prn,39,tɕam,tɕam,tɕ a m,,hindukush,,,^ tɕ a m $,default,e4aacb1efcd8003f126358e5ad8808cb 3b68a9ca6cdffa65cb30d21d146c8cfd
prn-4-1,,prn,4,iɕtiː,iɕtiː,i ɕ t iː,,hindukush,,,^ i ɕ t iː $,default,b1c8bdd5d5d8a5438a6ab62bcaef298e 8aed8add3e92ffa7cdc778cbd987d444
prn-8-1,,prn,8,jiːr,jiːr,j iː r,,hindukush,,,^ j iː r $,default,84fcbc58d47d18f82da116ce40566811 0ce7d08517633addd11e2bd4b799f9ff
prn-12-1,,prn,12,isiː,isiː,i s iː,,hindukush,,,^ i s iː $,default,08e25b420b3fea1d90d2075db5532d3e f9c39f1b473c88bfbe35aac0f97db689
prn-16-1,,prn,16,luzuː,luzuː,l u z uː,,hindukush,,,^ l u z uː $,default,e3065e29a88684b6e7165c1d203a36f6 e71d6d6dc4d67e145d0de8766773d323
prn-20-1,,prn,20,latəm,latəm,l a t ə m,,hindukush,,,^ l a t ə m $,default,73693dd06a14755a731eaff3e69780d1 9f23ad73bf684d9da05096baabf845c3
prn-24-1,,prn,24,iɕtʲub̥,iɕtʲub̥,i ɕ tʲ u b̥,,hindukush,,,^ i ɕ tʲ u b̥ $,default,89fb9be0ccaf02a64c8daa4cf7b3496f 15c2b505a9f5a0fc233ec9532239a8c5
prn-28-1,,prn,28,lyː,lyː,l yː,,hindukush,,,^ l yː $,default,168c89a3fee91886f7201fb0bd10d98c d6db6b610c5160d0174b92d383b4f09e
prn-32-1,,prn,32,aːw,aːw,aː w,,hindukush,,,^ aː w $,default,7e5e7b69b63aae8c1946f62286cf999c e8de855f92fcc94cf3fe32556515c2f1
prn-36-1,,prn,36,asɨː,asɨː,a s ɨː,,hindukush,,,^ a s ɨː $,default,0732f35ec76d120ffbed6425bb8cdc19 102f7e718bb5e83411afd1e5ff65461a
prn-40-1,,prn,40,ijuː,ijuː,i j uː,,hindukush,,,^ i j uː $,default,0e2896a86af3b5c87fb8bdf0eb54303e 56c03f930cfafc3bf1e3339f0db92f6e
prx-1-1,,prx,1,kʰraq,kʰraq,kʰ r a q,,hindukush,,,^ kʰ r a q $,default,891965044e45c4d5ddebe732818f6519 6cee68657a79c522bb669dca97abaa7a
prx-5-1,,prx,5,ruspa,ruspa,r u s p a,,hindukush,,,^ r u s p a $,default,557d5d0f836a6e26f99aa384f6a69ba0 152c6a15a8a009c61261f7a6ef316304
prx-9-1,,prx,9,braŋ,braŋ,b r a ŋ,,hindukush,,,^ b r a ŋ $,default,38d6c7f79aeaf1ac63aba71168ad6bb4 ae5ac8c74d9a9e2319f93cdd79caf86b
prx-13-1,,prx,13,juŋ,juŋ,j u ŋ,,hindukush,,,^ j u ŋ $,default,f6db2513608f7b41875ac46fd8f17c98 ff4cba16b637fc3b92ace7853d11aa90
prx-17-1,,prx,17,ʃiːjə,ʃiːjə,ʃ iː j ə,,hindukush,,,^ ʃ iː j ə $,default,c766deba09b3fdf7922d073d3673980c 9976cf7b0f987fac3a37caf4a789dbe7
prx-21-1,,prx,21,kʰiː,kʰiː,kʰ iː,,hindukush,,,^ kʰ iː $,default,0f0f14b0815e18fb3ec6e444b720290c e3cfe0ae2d401ed15e8d1202fc4d0b89
prx-25-1,,prx,25,tʰũma,tʰũma,tʰ ũ m a,,hindukush,,,^ tʰ ũ m a $,default,af12ca10144ead3950672a2c2dc66397 a701d4f87b3eb97eadfb8ee741b14077
prx-29-1,,prx,29,hr̥naː,hr̥naː,h r̥ n aː,,hindukush,,,^ h r̥ n aː $,default,0f55bf5038d8843216bbcde132988d32 067fe9031f328bedb11c77a27a6ac2cd
prx-33-1,,prx,33,mik,mik,m i k,,hindukush,,,^ m i k $,default,b91662c6fb2f0523c7ce58335ef1db94 a4a604a7fce20b8cbf1606c5978c1d25
prx-37-1,,prx,37,meː,meː,m eː,,hindukush,,,^ m eː $,default,14747cc29f8f2589bc18db77cba050b1 3a127d83cac84951884114d5c351da1d
prx-2-1,,prx,2,ɲɪa,ɲɪa,ɲ ɪ a,,hindukush,,,^ ɲ ɪa $,default,9d4877d1654df5eadad2cff4d15c87b2 eaa6ee75ac08b57112be0984d13fa744
prx-6-1,,prx,6,gaŋma,gaŋma,g a ŋ m a,,hindukush,,,^ g a ŋ m a $,default,286768b85ec3a30c1bec42034ef6b65e 0346026a5a9c83ca304686a53eb0360a
prx-10-1,,prx,10,lakpa,lakpa,l a k p a,,hindukush,,,^ l a k p a $,default,1f47aef775c56dbfb7a8fa256f289800 6a510ce51bd9dce0a3f905348604cbd8
prx-14-1,,prx,14,ɲɪanma,ɲɪanma,ɲ ɪ a n m a,,hindukush,,,^ ɲ ɪa n m a $,default,b930c2df9a1fb086baeae966f19141b7 b4deb959b3a4980c6a26219b54dc2af5
prx-18-1,,prx,18,riːtɕu,riːtɕu,r iː tɕ u,,hindukush,,,^ r iː tɕ u $,default,9d35ad88c5c41077bb497b4f7cef698c 4ab77479952a85e646f911a2a31889d3
prx-26-1,,prx,26,puksmoː,puksmoː,p u k s m oː,,hindukush,,,^ p u ks m oː $,default,b3a77831eab63d3a1d3484286e0520ea 1a918a360d0b3432cea19b0223b649ff
prx-30-1,,prx,30,loːma,loːma,l oː m a,,hindukush,,,^ l oː m a $,default,d6696b0c87ec0225d814d47c0389615b e871857b460aea52a09eaba3f8d1a400
prx-34-1,,prx,34,tɕʰinma,tɕʰinma,tɕʰ i n m a,,hindukush,,,^ tɕʰ i n m a $,default,88c8467fd86549d537a669de9e733a7e 5051c148c470ba07532265442b22d0b0
prx-38-1,,prx,38,ɕik,ɕik,ɕ i k,,hindukush,,,^ ɕ i k $,default,e51f953aff1d1470906c41409e6e638e b1d0b92a45b2d2c63e6f72af8593f6cf
prx-3-1,,prx,3,riː,riː,r iː,,hindukush,,,^ r iː $,default,8e40bb98b8179ede6e465ee573ae5361 5fbd571c69569688e1997242b172ebd6
prx-7-1,,prx,7,miŋ,miŋ,m i ŋ,,hindukush,,,^ m i ŋ $,default,f0a9b2daa0d902627f1ecd4ae8f439b1 f5d533545fd51bd81087de56986f9be2
prx-11-1,,prx,11,soːma,soːma,s oː m a,,hindukush,,,^ s oː m a $,default,c658aa7ec20f337067d3e7974a92f495 89eb4c8c6c9136af6fb2eed71b12e7fc
prx-15-1,,prx,15,tɕʰan,tɕʰan,tɕʰ a n,,hindukush,,,^ tɕʰ a n $,default,96767b28d8006d2e5b824bb262bc12e8 6fad0b9680ec80055f39b273cee2bcac
prx-19-1,,prx,19,ru,ru,r u,,hindukush,,,^ r u $,default,8d4ba8dc925ff3bd2654e89f7d6a1e00 27126db1c4b19ac733c0e4a7e41e829b
prx-23-1,,prx,23,tɕik,tɕik,tɕ i k,,hindukush,,,^ tɕ i k $,default,a7d2e41388388af504a7066cc5f6d509 fe3e33016665e3a9e447fa3314423f4f
prx-27-1,,prx,27,lam,lam,l a m,,hindukush,,,^ l a m $,default,5c9a555ea66840002450aa4288dbfb84 6652c7249279c0f425b4ddc4899b8ff3
prx-31-1,,prx,31,mi,mi,m i,,hindukush,,,^ m i $,default,8f0ccc181e2fa13c9623fb8b0669cfa4 b67269960e13f5f2b683acb8ab692474
prx-35-1,,prx,35,juŋma,juŋma,j u ŋ m a,,hindukush,,,^ j u ŋ m a $,default,5c832077be543ba75d8cf57291b15e34 914e250f75bdd3981d898e6085732697
prx-39-1,,prx,39,baχspa,baχspa,b a χ s p a,,hindukush,,,^ b a χs p a $,default,e54809e2b42148d7cf4726ec64fc785b 7f20c1de4de6b68f8c80247bd64927d9
prx-4-1,,prx,4,skarma,skarma,s k a r m a,,hindukush,,,^ s k a r m a $,default,b6f3863d862ccbabba1a9f5d621c3104 8dc298c8bd1538c2576501a2f56d9bc9
prx-8-1,,prx,8,ɕkuwa,ɕkuwa,ɕ k u w a,,hindukush,,,^ ɕ k u w a $,default,e184a86194c5a2e99bcaaaae53cb632a 6465ffda0147af282e4ac96b460f5a24
prx-12-1,,prx,12,niːma,niːma,n iː m a,,hindukush,,,^ n iː m a $,default,fc64a671d84e197784d3b2ec64d1af39 83cbc12527d4b352076fce2dfe5c26e7
prx-16-1,,prx,16,ɬtɕeː,ɬtɕeː,ɬ tɕ eː,,hindukush,,,^ ɬ tɕ eː $,default,a2327132263cf1ef25140afec68c421d adda70e117355b2146431780b7d28962
prx-20-1,,prx,20,soː,soː,s oː,,hindukush,,,^ s oː $,default,f51d6fb3c27d2fe9d2b8c2b5cedbe954 5edec1b3b8f61ac087cc680049282549
prx-24-1,,prx,24,ɬtɕaŋma,ɬtɕaŋma,ɬ tɕ a ŋ m a,,hindukush,,,^ ɬ tɕ a ŋ m a $,default,fb44be8ec2887eb35252b9fb69735ae9 2e40102ad55e9f4e64301a2921b71add
prx-28-1,,prx,28,nis,nis,n i s,,hindukush,,,^ n i s $,default,c181af31bfbbb17d6761cd2fd4e45339 1a7840e8979078f16cbcd0a1bd86cc56
prx-32-1,,prx,32,tɕʰuː,tɕʰuː,tɕʰ uː,,hindukush,,,^ tɕʰ uː $,default,5a7d44ec0945c22284fdf83d39b4664d 927174a18eb554c28040d1ed25c754ca
prx-36-1,,prx,36,naːtaŋ,naːtaŋ,n aː t a ŋ,,hindukush,,,^ n aː t a ŋ $,default,0531ca7f66529d86650c7b28be488b98 fdf8cf95d4ec5dbda887f1b8c81b6dc2
prx-40-1,,prx,40,kʰjama,kʰjama,kʰ j a m a,,hindukush,,,^ kʰ j a m a $,default,440c4b7565089689911361a755a928bc d2a9af15bad7e0e0be7a8f7869033d37
sgh_r-1-1,,sgh_r,1,χun,χun,χ u n,,hindukush,,,^ χ u n $,default,d6f29f486b982c6e64e5b80e114beb31 7a39b19a776c18cdbedafa1aa995d428
sgh_r-5-1,,sgh_r,5,setχoːn,setχoːn,s e t χ oː n,,hindukush,,,^ s e t χ oː n $,default,2139062967bb4d7ae2793e9471a76a4f 7bbd5aeee61f06ebcc5cb4d3ec722cac
sgh_r-9-1,,sgh_r,9,"siːna, batʃ",siːna,s iː n a,,hindukush,,,^ s iː n a $,default,bf3c13b841e03a2020ca63e5ecbb2acd 3b42db38b5036da163c3cca07c499176 ddef5df46d3acc4c673df6b8fed1b7e6 8a2a39eadca588fa510d9f0ff8d87353
sgh_r-9-2,,sgh_r,9,"siːna, batʃ",batʃ,b a tʃ,,hindukush,,,^ b a tʃ $,default,bf3c13b841e03a2020ca63e5ecbb2acd 3b42db38b5036da163c3cca07c499176 ddef5df46d3acc4c673df6b8fed1b7e6 8a2a39eadca588fa510d9f0ff8d87353
sgh_r-13-1,,sgh_r,13,jat,jat,j a t,,hindukush,,,^ j a t $,default,37efe2486cca29d10812e1e4a9aa1200 b2412932226d83d6ab8232d47b566402
sgh_r-17-1,,sgh_r,17,muːg,muːg,m uː g,,hindukush,,,^ m uː g $,default,47ecf8f414fe989cd3d100cadc71de8c 4386d672b685b0b42975c079a6204313
sgh_r-21-1,,sgh_r,21,kəd,kəd,k ə d,,hindukush,,,^ k ə d $,default,e6ff84c4132c585a1c40d5a26fbaeeb8 c845d6b05ba91a2cd2d715bf3b6c6f68
sgh_r-25-1,,sgh_r,25,bruxt,bruxt,b r u x t,,hindukush,,,^ b r u x t $,default,96d79c48ee3379d4636f4a35525e6605 370f8188dd3b177d18264678a255eb3b
sgh_r-29-1,,sgh_r,29,ʁoːw,ʁoːw,ʁ oː w,,hindukush,,,^ ʁ oː w $,default,d79f91a00d5dee122393a8edd81871a6 0fc226d43226f64dbcf8d912a9257f74
sgh_r-33-1,,sgh_r,33,tsaːm,tsaːm,ts aː m,,hindukush,,,^ ts aː m $,default,61d800046ed1ddb67879dc72ed3abb48 ee2f21c3ebbd2afafdd595adba956239
sgh_r-37-1,,sgh_r,37,juːts,juːts,j uː ts,,hindukush,,,^ j uː ts $,default,9406bed4562ed35296dc1c990d1d2f42 4128fc7087dd9d30e4d58c7b8d15f963
sgh_r-2-1,,sgh_r,2,moːj,moːj,m oː j,,hindukush,,,^ m oː j $,default,2620d0d34da5cd7536cd73afb08d20b9 3cb20d18aeda31b110024627916aeb2f
sgh_r-6-1,,sgh_r,6,lap,lap,l a p,,hindukush,,,^ l a p $,default,a86cac6dedf720a2809783f24bdc40da ac7cf18b58a6d821bef4194659a11f1b
sgh_r-10-1,,sgh_r,10,ðost,ðost,ð o s t,,hindukush,,,^ ð o s t $,default,eb8ebb076e366dc469daf859354acb13 e0691227199ae90f11faf0889a4cff66
sgh_r-14-1,,sgh_r,14,ʂidɔː,ʂidɔː,ʂ i d ɔː,,hindukush,,,^ ʂ i d ɔː $,default,2ac4a916cb59fc3906c09b37fcd7aea4 56d236471948e34a301e75da9b6e6ad3
sgh_r-18-1,,sgh_r,18,ʂaw,ʂaw,ʂ a w,,hindukush,,,^ ʂ a w $,default,152e84ec5beea9cbf89b6d6c8120f53b d3b262056354ff0cfb9fc4428d43239f
sgh_r-22-1,,sgh_r,22,aːz,aːz,aː z,,hindukush,,,^ aː z $,default,f5fea42c96294cb477872157e1e1e12f b40ed92da486b50de5f60f4eb34ac8a5
sgh_r-26-1,,sgh_r,26,zuːn,zuːn,z uː n,,hindukush,,,^ z uː n $,default,b513c86295946ef26da7819a63dc37f1 5f1c236a74e80c25ebee8bba8f306385
sgh_r-30-1,,sgh_r,30,paːrk,paːrk,p aː r k,,hindukush,,,^ p aː r k $,default,250ed4aa72b5ca1d2c5675e1fbaeb567 4d42e8cdf21a42074f442050876f5a07
sgh_r-34-1,,sgh_r,34,dʒigaːr,dʒigaːr,dʒ i g aː r,,hindukush,,,^ dʒ i g aː r $,default,941c4eaf0537726a19b60fb49aa954bf 1eb7302b8b2567853440f7fe2b905919
sgh_r-38-1,,sgh_r,38,sepaw,sepaw,s e p a w,,hindukush,,,^ s e p a w $,default,247cc18a425505c344153e83e1a00a0a 5dad8c0f3591a8f522ec440056c76018
sgh_r-3-1,,sgh_r,3,kuː,kuː,k uː,,hindukush,,,^ k uː $,default,508d60f87bc8e02895dbaff061225fc1 c0b8393f66053ae23129ae55990e15dd
sgh_r-7-1,,sgh_r,7,noːm,noːm,n oː m,,hindukush,,,^ n oː m $,default,42a1f7bfb572ebcc9d634b5a33616c42 414c480c64f4b6f35111914a84939415
sgh_r-11-1,,sgh_r,11,naw,naw,n a w,,hindukush,,,^ n a w $,default,aaf2e1e3bbbf5b5e32ab86e8c6311bcf 49c6f597a0de8872eeb9bab223e7b32a
sgh_r-15-1,,sgh_r,15,ʂaːb,ʂaːb,ʂ aː b,,hindukush,,,^ ʂ aː b $,default,9ce0e8001a502da445e5338006d7a516 25adef09d101304af2529d6900663095
sgh_r-19-1,,sgh_r,19,niːts,niːts,n iː ts,,hindukush,,,^ n iː ts $,default,75a7408158c22f57f889498cf1ba9f22 fee3c975ab8ef37d56f6fb9859644318
sgh_r-23-1,,sgh_r,23,iːw,iːw,iː w,,hindukush,,,^ iː w $,default,0c7542c9537618036dc87480a29043ba e8fd03f5d8b1d0ac2a234aabf7fdc681
sgh_r-27-1,,sgh_r,27,paːnd,paːnd,p aː n d,,hindukush,,,^ p aː n d $,default,f5d12a6469143b5bf6a49dd3d000430a 1d36319530fd00095f509dc0b67eb50d
sgh_r-31-1,,sgh_r,31,"ɔːdaːm, nafar",ɔːdaːm,ɔː d aː m,,hindukush,,,^ ɔː d aː m $,default,684ec4e02aed8d1ce7b968d007fd1a42 1acb67fee1d55cb04a114d4a80491ea1 51f8499c4838087a40736dbd70530e0e 34df4df9762aba3c49a36fe4e37e4e0b
sgh_r-31-2,,sgh_r,31,"ɔːdaːm, nafar",nafar,n a f a r,,hindukush,,,^ n a f a r $,default,684ec4e02aed8d1ce7b968d007fd1a42 1acb67fee1d55cb04a114d4a80491ea1 51f8499c4838087a40736dbd70530e0e 34df4df9762aba3c49a36fe4e37e4e0b
sgh_r-35-1,,sgh_r,35,wuɳʈoː,wuɳʈoː,w u ɳ ʈ oː,,hindukush,,,^ w u ɳ ʈ oː $,default,513a5128b1aad876740426b9e25003ec b8fa5656e5b734b78c14d44a2ed9db53
sgh_r-39-1,,sgh_r,39,puːst,puːst,p uː s t,,hindukush,,,^ p uː s t $,default,8bbda2c584897b851f4735646f1a5898 e372332a87b976426d3bc0145b42e4a3
sgh_r-4-1,,sgh_r,4,"xituːrʒ, sɪtɔːra",xituːrʒ,x i t uː r ʒ,,hindukush,,,^ x i t uː rʒ $,default,6a35f2bfa18db4fe1829f426a333e141 14d1e4b5c636e1dc3ef8707ab5df82dc 3fc226de60cd0bb3d58da7265dca5c01 523c496b52e4246c64d7dd0a3bcd420f
sgh_r-4-2,,sgh_r,4,"xituːrʒ, sɪtɔːra",sɪtɔːra,s ɪ t ɔː r a,,hindukush,,,^ s ɪ t ɔː r a $,default,6a35f2bfa18db4fe1829f426a333e141 14d1e4b5c636e1dc3ef8707ab5df82dc 3fc226de60cd0bb3d58da7265dca5c01 523c496b52e4246c64d7dd0a3bcd420f
sgh_r-8-1,,sgh_r,8,ʒɛːr,ʒɛːr,ʒ ɛː r,,hindukush,,,^ ʒ ɛː r $,default,b3fbe2d8c1485e8500f9785942a4a411 cc3e5cf73dda3fa63801138b19bf9a3a
sgh_r-12-1,,sgh_r,12,χɑːr,χɑːr,χ ɑː r,,hindukush,,,^ χ ɑː r $,default,c56d24c74408caaa4649406e314ff155 14f861dfa7ce963c9e9040d6ced054cd
sgh_r-16-1,,sgh_r,16,"zɛːv, andɔːm",zɛːv,z ɛː v,,hindukush,,,^ z ɛː v $,default,4fe7d8f14ba33226775a5cc4d351fc95 6ea0d9782e2db2fcac2adb8baba0c30f 8a591792155d199d58dc33bfb206b642 ddd5916d7580ffc455991c2d2a20b216
sgh_r-16-2,,sgh_r,16,"zɛːv, andɔːm",andɔːm,a n d ɔː m,,hindukush,,,^ a n d ɔː m $,default,4fe7d8f14ba33226775a5cc4d351fc95 6ea0d9782e2db2fcac2adb8baba0c30f 8a591792155d199d58dc33bfb206b642 ddd5916d7580ffc455991c2d2a20b216
sgh_r-20-1,,sgh_r,20,ðendoːn,ðendoːn,ð e n d oː n,,hindukush,,,^ ð e n d oː n $,default,c6a66998102f8393f707093d5e155282 8888f1ca9227771c9c2e848f148387ea
sgh_r-24-1,,sgh_r,24,dəraχ,dəraχ,d ə r a χ,,hindukush,,,^ d ə r a χ $,default,e9f6dc6dd638a184a9a5b31923bcb275 15801daed1442e33f559a2256cf1bac1
sgh_r-28-1,,sgh_r,28,ðaw,ðaw,ð a w,,hindukush,,,^ ð a w $,default,07f03fc9af64b4ef5ce99848b944d85a 6a918f3ee1fad3d825550f733b49d298
sgh_r-32-1,,sgh_r,32,ʂats,ʂats,ʂ a ts,,hindukush,,,^ ʂ a ts $,default,a56aad430d172e82191628f82205311d 3ad0a00cb211818fe7c20934f0ba3451
sgh_r-36-1,,sgh_r,36,maːʃ,maːʃ,m aː ʃ,,hindukush,,,^ m aː ʃ $,default,e0d85d5b616d4a08ff68168beafa6635 eb0a1eb8ffad86742710a740733344f8
sgh_r-40-1,,sgh_r,40,tɑ,tɑ,t ɑ,,hindukush,,,^ t ɑ $,default,39b616a9e8ab2155bac32697cd31ea7d 4c9c1eea6115dc4a94fdc6bf510c28f9
sgy-1-1,,sgy,1,weːn,weːn,w eː n,,hindukush,,,^ w eː n $,default,28987bf73d7ecbc0846348315087d864 222f9c2afc707721ac35da6af34c8abb
sgy-5-1,,sgy,5,ɑːstoːk,ɑːstoːk,ɑː s t oː k,,hindukush,,,^ ɑː s t oː k $,default,cbb39327ca20d986a3854fd8394b3c93 b58d9a4ea701ce1d4cae4fc32169c341
sgy-9-1,,sgy,9,tʃitʃiː,tʃitʃiː,tʃ i tʃ iː,,hindukush,,,^ tʃ i tʃ iː $,default,4ca489c9eaab810220143a55d81319f7 af6f87a14c1337b6c15188dbbcee4006
sgy-13-1,,sgy,13,aʁɑːd,aʁɑːd,a ʁ ɑː d,,hindukush,,,^ a ʁ ɑː d $,default,e780ac61e7fe49a2a85bbf20c74f7ac5 69ca30baaea9a9572dbfc75881c41a78
sgy-17-1,,sgy,17,maːɽ,maːɽ,m aː ɽ,,hindukush,,,^ m aː ɽ $,default,0b77b7b32b93b19d23196e3e9894ecf8 559b8de2c0740a0fb7b21a629ef47fc0
sgy-21-1,,sgy,21,kəd,kəd,k ə d,,hindukush,,,^ k ə d $,default,d059fdac274f9105b8199c36a3d42253 89481086e993b903567abb99efc21de7
sgy-25-1,,sgy,25,pəvoːk,pəvoːk,p ə v oː k,,hindukush,,,^ p ə v oː k $,default,ca8252689e475c7a78b45e30d0b79977 a1188d0473fce65dbd9b5dff545b843d
sgy-29-1,,sgy,29,ʁɑɽ,ʁɑɽ,ʁ ɑ ɽ,,hindukush,,,^ ʁ ɑ ɽ $,default,4f17ae6f898837abc5329019b321e726 b0a4360544b9effc8a2c836c86d74de2
sgy-33-1,,sgy,33,tsaːm,tsaːm,ts aː m,,hindukush,,,^ ts aː m $,default,b74f6dca4170ce915940e3b0d8bd36d5 9ee9d2a13e16db164deb4a67f424882b
sgy-37-1,,sgy,37,ʂənaːiː,ʂənaːiː,ʂ ə n aː iː,,hindukush,,,^ ʂ ə n aːiː $,default,68c197ea8fc58622d32760f72c5647c9 dd2d132a9226f7cfe023f03b14442e66
sgy-2-1,,sgy,2,muːiː,muːiː,m uː iː,,hindukush,,,^ m uːiː $,default,90818b1e414bfbc79bf22391fb8cbafc a9b200652290764d43fcc79ff3ad231c
sgy-6-1,,sgy,6,vən,vən,v ə n,,hindukush,,,^ v ə n $,default,fc160bb14e93ac18f078c8f15f71d677 e6a1caed6b4bee17655f45a4e6570a5b
sgy-10-1,,sgy,10,doːst,doːst,d oː s t,,hindukush,,,^ d oː s t $,default,853660b6f403960036be5cdce0be79b9 92009fb9461fd28a0556e9023305475e
sgy-14-1,,sgy,14,apɑχt,apɑχt,a p ɑ χ t,,hindukush,,,^ a p ɑ χ t $,default,acd7966420ebd8c7c0b620b870dc9ed0 e4d0eb76ea854d9a1b1c76e40aa9f95e
sgy-18-1,,sgy,18,ʂɑːw,ʂɑːw,ʂ ɑː w,,hindukush,,,^ ʂ ɑː w $,default,2a20d2ac8354a1b40f5c559556c1ce4b c94e7f1ae1b552ee2ce07345733cf0e6
sgy-22-1,,sgy,22,azeː,azeː,a z eː,,hindukush,,,^ a z eː $,default,9cae55130a341791c5667d1f350490ba f830cea2e30a24b8e896e12afeb16d1a
sgy-26-1,,sgy,26,zuːŋg,zuːŋg,z uː ŋ g,,hindukush,,,^ z uː ŋ g $,default,3fff078dd562b7e395eed4d7dc711cc9 28545ad53788d91c4802e4bb88ae58a2
sgy-30-1,,sgy,30,barg,barg,b a r g,,hindukush,,,^ b a r g $,default,2bd2855ce2df82ed40aa08ef283aa0cb 4807cd65129f1f4b5f010bb7b4c612a5
sgy-34-1,,sgy,34,dʒigaːr,dʒigaːr,dʒ i g aː r,,hindukush,,,^ dʒ i g aː r $,default,d37d67c634d5833dffad5734d7beeebb d854204edf0a3419e724f391c666609f
sgy-38-1,,sgy,38,spəl,spəl,s p ə l,,hindukush,,,^ s p ə l $,default,1e266394baf611d6a15dc99249f1a329 ab4834cecd904ef0b5cc551f48157f68
sgy-3-1,,sgy,3,ko,ko,k o,,hindukush,,,^ k o $,default,903bfc8aaf38dfbefed07b1fb5042b47 a687a270963b4c430095121bbe2a4905
sgy-7-1,,sgy,7,niːm,niːm,n iː m,,hindukush,,,^ n iː m $,default,b4ab9eea6a0d947e2df2990daf1a3877 b675b551e777c36b42d865b264a37b96
sgy-11-1,,sgy,11,nəwoːk,nəwoːk,n ə w oː k,,hindukush,,,^ n ə w oː k $,default,83eb9454574d6568d9eac6b051f993b7 05139cd60ad219e9abe577364057d238
sgy-15-1,,sgy,15,fərʂɑw,fərʂɑw,f ə r ʂ ɑ w,,hindukush,,,^ f ə rʂ ɑ w $,default,a6d8aeb99d3f4a32185be6487de97538 b6cc4c7731ce270d778ea15af88753b0
sgy-19-1,,sgy,19,fsɛːk,fsɛːk,f s ɛː k,,hindukush,,,^ fs ɛː k $,default,30dff6adc7f86728d614a87f53a614d1 f8c9556d4a680548cd137d0b506671f8
sgy-23-1,,sgy,23,wɑːk,wɑːk,w ɑː k,,hindukush,,,^ w ɑː k $,default,f1c2506bc2a3fd6a17e90466897a536f b95f544e7231888d41d3240bc66448f1
sgy-27-1,,sgy,27,ra,ra,r a,,hindukush,,,^ r a $,default,3038500fa322a5518d65c73b4c786dfe 538009c95f3865043bc9bbdc4ca2fb0a
sgy-31-1,,sgy,31,nafar,nafar,n a f a r,,hindukush,,,^ n a f a r $,default,f62837756b20027ad6d4cb8769e41bd2 eedece1422b8e28ebcb2eadbf02af554
sgy-35-1,,sgy,35,weːnd,weːnd,w eː n d,,hindukush,,,^ w eː n d $,default,bb9dcfaac6775c2bd40d7044f5f19b14 5eed0489e0de11be79bdd9c9166af86d
sgy-39-1,,sgy,39,krɑːst,krɑːst,k r ɑː s t,,hindukush,,,^ k r ɑː s t $,default,efc15402314bbfa77cf3c599cc724422 c960bc7e47af9dcc46c0c417f746f8ab
sgy-4-1,,sgy,4,struːk,struːk,s t r uː k,,hindukush,,,^ s t r uː k $,default,e36ac7d19a23855f805317ac45c90cd1 fb5a5ed59564d09e754845004d8d30c0
sgy-8-1,,sgy,8,sɑːŋg,sɑːŋg,s ɑː ŋ g,,hindukush,,,^ s ɑː ŋ g $,default,b20b62da076959d4bfedb1510ee175b7 c2ff70b7ba3c016a01b892196696c781
sgy-12-1,,sgy,12,ɑːrmɑːzd,ɑːrmɑːzd,ɑː r m ɑː z d,,hindukush,,,^ ɑː r m ɑː z d $,default,39a46d6237bef945c212f403d4c3f6a4 5db93dd73cb962924632232ba06e282a
sgy-16-1,,sgy,16,zəvuːk,zəvuːk,z ə v uː k,,hindukush,,,^ z ə v uː k $,default,d17b57b132af1eade987887f8b8fce9c c941a120115acd26ac7229888524bdcf
sgy-20-1,,sgy,20,daːnd,daːnd,d aː n d,,hindukush,,,^ d aː n d $,default,17084b11f82b0447c0f6bfb6e8db9f26 9be56dca8dbb161e5f5361ffb047519d
sgy-24-1,,sgy,24,draːχt,draːχt,d r aː χ t,,hindukush,,,^ d r aː χ t $,default,31e8c84a6f914cf07ff4c1d11fa7a1d7 f0f3f343c2d6a94c67ee98f68d27bd30
sgy-28-1,,sgy,28,dow,dow,d o w,,hindukush,,,^ d o w $,default,70df7d5d1bcd28909a0c937cee2e284c aac871aca2d00c78bb00cb1ccf554805
sgy-32-1,,sgy,32,veːk,veːk,v eː k,,hindukush,,,^ v eː k $,default,48481f57242bc0d83d2c8b1629061f25 7f331fc2e7e7943a24524c7c7a31264b
sgy-36-1,,sgy,36,amaχ,amaχ,a m a χ,,hindukush,,,^ a m a χ $,default,7c22fbcc3fda455c9de1f97431a57fc1 95be6cf1c0326fc1e520f79436c722ec
sgy-40-1,,sgy,40,tɑw,tɑw,t ɑ w,,hindukush,,,^ t ɑ w $,default,1293db57c32a5a5156cd01a0dc009b3e 2aade9d7f93088c74c70a54cabf46e17
sdg-1-1,,sdg,1,raːt,raːt,r aː t,,hindukush,,,^ r aː t $,default,fdd36ccbda77db7a21c8613c6c2cca6d 3c5b09c2b79e4ab00b09eadae0442167
sdg-5-1,,sdg,5,haːɖu,haːɖu,h aː ɖ u,,hindukush,,,^ h aː ɖ u $,default,e871b3cb326dfbacc1237df6c7a676f7 bcb1c6239054ddd9c5cd5db6c7b9c66e
sdg-9-1,,sdg,9,tɕutɕuː,tɕutɕuː,tɕ u tɕ uː,,hindukush,,,^ tɕ u tɕ uː $,default,e86392e61c1e092d7d6a2356c5ccedd4 69800b6a8f8f76ab841d9ba65c10c8d0
sdg-13-1,,sdg,13,waːlu,waːlu,w aː l u,,hindukush,,,^ w aː l u $,default,f942a5dce80439afd471cea00f250c8d 094d698ed515a2fd5f3efde15b5265cc
sdg-17-1,,sdg,17,mariloː,mariloː,m a r i l oː,,hindukush,,,^ m a r i l oː $,default,99e53f77fd659a3a9258587de08aeb1a afa20261081bba51876cc1f396cccd95
sdg-21-1,,sdg,21,kutɕuroː,kutɕuroː,k u tɕ u r oː,,hindukush,,,^ k u tɕ u r oː $,default,443171c8fded1557929281263b557101 7a9cf2978f7a9125989d2cf8878dfd46
sdg-25-1,,sdg,25,luːkiloː,luːkiloː,l uː k i l oː,,hindukush,,,^ l uː k i l oː $,default,139337db897025a2313b34575c8c03bf fd79d6a51686866ec27d416d9341296a
sdg-29-1,,sdg,29,kaːɳ,kaːɳ,k aː ɳ,,hindukush,,,^ k aː ɳ $,default,af94b79675bea4e91c93680db65eabcd 12f00b72e1e14eb5d09c4885c5104cab
sdg-33-1,,sdg,33,anʈʂiː,anʈʂiː,a n ʈʂ iː,,hindukush,,,^ a n ʈʂ iː $,default,f0109226b4c485a530074a7c1383125b 5875ab7dc3bac54ab1152cd996a64f99
sdg-37-1,,sdg,37,haŋgaːru,haŋgaːru,h a ŋ g aː r u,,hindukush,,,^ h a ŋ g aː r u $,default,0be5f442efddabb747455a01e0ccfba4 0ea36cb1cd726a4f893f8031ceb72c1b
sdg-2-1,,sdg,2,matsĩn,matsĩn,m a ts ĩ n,,hindukush,,,^ m a ts ĩ n $,default,ceb2259cfe74107582c71a611bb85e9a d5de98ba39278280b337b3c1c7e997ab
sdg-6-1,,sdg,6,puriʑilo,puriʑilo,p u r i ʑ i l o,,hindukush,,,^ p u r i ʑ i l o $,default,7efc4a8552fe2686302fb3f9268194be ab0dbf4984ed9d61cd5bf85513ffcb1d
sdg-10-1,,sdg,10,haːt,haːt,h aː t,,hindukush,,,^ h aː t $,default,0deeb127cc4a40692b0f6ae7bab72949 28f17c24c9cc5ab4d5c710992433e963
sdg-14-1,,sdg,14,buʑiloː,buʑiloː,b u ʑ i l oː,,hindukush,,,^ b u ʑ i l oː $,default,487ebe47833b54f062b19a54461439a1 20e36b1283eb9bd725d6d03933e435ba
sdg-18-1,,sdg,18,ʂiŋg,ʂiŋg,ʂ i ŋ g,,hindukush,,,^ ʂ i ŋ g $,default,7c3b6ed3f2546d4e4ddc6064d17cfd43 88049f505a522b784cd0de7c1e68ae34
sdg-22-1,,sdg,22,ma,ma,m a,,hindukush,,,^ m a $,default,f845f0c48c784526aa5a71f64bebb737 ed80ebcbdf56e2f13b6eaf16ccc5b50a
sdg-26-1,,sdg,26,ɖuŋgoː,ɖuŋgoː,ɖ u ŋ g oː,,hindukush,,,^ ɖ u ŋ g oː $,default,160e5421f3e82c84dafbb00ba3154a76 a1b2d246d65521be4b54e3945b7749a0
sdg-30-1,,sdg,30,paːɬu,paːɬu,p aː ɬ u,,hindukush,,,^ p aː ɬ u $,default,71f2ef3d08cd3a2c04ab12e0c8772bc0 6a45e5536d96a2f3a656e390a96bc2e4
sdg-34-1,,sdg,34,jinu,jinu,j i n u,,hindukush,,,^ j i n u $,default,38fb603ad4ff9e49d5e35c363007cccb e296415c43a422c9491c74213865f22b
sdg-38-1,,sdg,38,dʑũj,dʑũj,dʑ ũ j,,hindukush,,,^ dʑ ũ j $,default,8f2049033edc8d55461b556ed26d3f78 9f4b8203ddbc21ae5964fb51e8259a55
sdg-3-1,,sdg,3,ɖaɖu,ɖaɖu,ɖ a ɖ u,,hindukush,,,^ ɖ a ɖ u $,default,330db0b932cae90efb932200a13bab4e 3d42144d705e2d4f99973f785251c254
sdg-7-1,,sdg,7,naːm,naːm,n aː m,,hindukush,,,^ n aː m $,default,bd56d31839d5b76c922b61aae31b276c 82d2c5af234add3b806fc5c1ec0a8f7c
sdg-11-1,,sdg,11,naːwu,naːwu,n aː w u,,hindukush,,,^ n aː w u $,default,c26d5281780601148b63a56728e8357f 6131103891cf483a2708674cc7e284ab
sdg-15-1,,sdg,15,raːti,raːti,r aː t i,,hindukush,,,^ r aː t i $,default,be810f2a26589f87be11798a7f4e6af6 6a536705c597d450f067b41bacc7a413
sdg-19-1,,sdg,19,naːs,naːs,n aː s,,hindukush,,,^ n aː s $,default,817eec6972b2a3a6058708c0ed5a4828 df244cefd6bb87ec96af78d1a5ca950e
sdg-23-1,,sdg,23,jak,jak,j a k,,hindukush,,,^ j a k $,default,7217a4209ff15b3cf139a0d15e54f15d 4d10fda24f29af2edc6e5bdc1cdaedf9
sdg-27-1,,sdg,27,pijaːdoː pʰant,pijaːdoː_pʰant,p i j aː d oː + pʰ a n t,,hindukush,,,^ p i j aː d oː _ pʰ a n t $,default,f7b9520668e23c45fccdbd3e82990a39 e850f0a1be4df80d7591967cdf692e1e
sdg-31-1,,sdg,31,maːnuʂ,maːnuʂ,m aː n u ʂ,,hindukush,,,^ m aː n u ʂ $,default,64a5f03a4591097bde7738c1eb222f57 3cf531270435eff83e22b5b57c0acd7a
sdg-35-1,,sdg,35,paɕiloː,paɕiloː,p a ɕ i l oː,,hindukush,,,^ p a ɕ i l oː $,default,38879cf58c7bde1e0e31452a66cb5a50 ca8e757d8ee2161a8ed57aa5adfbef6f
sdg-39-1,,sdg,39,gaːɬ,gaːɬ,g aː ɬ,,hindukush,,,^ g aː ɬ $,default,6d202c571793783b1c1d2c48d89b15d3 dff1200c2e51bd3c2b79b4b158b5e3e1
sdg-4-1,,sdg,4,tɑːri,tɑːri,t ɑː r i,,hindukush,,,^ t ɑː r i $,default,6c605af1530a67ef1a933da93ffb4dec 9daae394d37c4538f8d21e7e909ccb2f
sdg-8-1,,sdg,8,baːʈ,baːʈ,b aː ʈ,,hindukush,,,^ b aː ʈ $,default,1f523543209b5e5ea9d27f3fe8f0cc0b 68c1c7ecb8882aa0f8b876e75140ca8d
sdg-12-1,,sdg,12,suri,suri,s u r i,,hindukush,,,^ s u r i $,default,87e0b8782c062fd7222e921eddca62be e99b214dc736485237bf5c4f6e200404
sdg-16-1,,sdg,16,dʑibə,dʑibə,dʑ i b ə,,hindukush,,,^ dʑ i b ə $,default,e81896af95afa59247d98ba73757a265 e60539f712d6bd1a2d9c9c42e27e449e
sdg-20-1,,sdg,20,daːndə,daːndə,d aː n d ə,,hindukush,,,^ d aː n d ə $,default,bbf3bac42e08248c562ba0e7b168168d d38147f981f4aefe82fd4158c8bfd2b5
sdg-24-1,,sdg,24,ʑul,ʑul,ʑ u l,,hindukush,,,^ ʑ u l $,default,5c8e182b5e7b46c7c10a2e29c5dc015c 6aa6e3b8fbf25a62e4caa21590089e69
sdg-28-1,,sdg,28,duː,duː,d uː,,hindukush,,,^ d uː $,default,982683051f3eb24aee2a4a99717e5c2e 4d87652cdcf907f5feeff40b74a34677
sdg-32-1,,sdg,32,iː,iː,iː,,hindukush,,,^ iː $,default,181c838445b66f6ffc0fb672c7131634 1e7fd844f72c8382e14a71af5a3439c2
sdg-36-1,,sdg,36,be,be,b e,,hindukush,,,^ b e $,default,23ba8868ba9d8f9fc2391e2928685f02 411110f4ed96908f85a585ea780e4301
sdg-40-1,,sdg,40,tuː,tuː,t uː,,hindukush,,,^ t uː $,default,130ba201f0c81df90c3de07ad031fe3d 93b9b100a52a5de677942cf80b8379be
scl_p-1-1,,scl_p,1,le:l,le:l,l eː l,,hindukush,,,^ l e: l $,default,8134454557976e4d64e1d928c8fc8479 473b18567e50afb76b0b14ab05406f53
scl_p-5-1,,scl_p,5,ãʈi,ãʈi,ã ʈ i,,hindukush,,,^ ã ʈ i $,default,1aa095db332f2888320023c4528d9632 624037df9d5f564cf6bb9860b82de2e5
scl_p-9-1,,scl_p,9,titiːru,titiːru,t i t iː r u,,hindukush,,,^ t i t iː r u $,default,b7d8f4a9b4521b1c7bba9e633aeeb82b ea22afe747fb68271386f4c9d2c265bc
scl_p-13-1,,scl_p,13,wajoːk,wajoːk,w a j oː k,,hindukush,,,^ w a j oː k $,default,3b2568f957f84d8274889a1b44248ba9 32269170dce30e17744104df907f0bb6
scl_p-17-1,,scl_p,17,miroːk,miroːk,m i r oː k,,hindukush,,,^ m i r oː k $,default,e658e2320d522756fac7d30d640ea99b 646269b8f00ea163b63798b01bf82b63
scl_p-21-1,,scl_p,21,ɕũ,ɕũ,ɕ ũ,,hindukush,,,^ ɕ ũ $,default,7444a8a586814e6f9cb73dbdaaf8bdb6 4e195d1c4a195e9627c32af3020ad7cf
scl_p-25-1,,scl_p,25,pijoːk,pijoːk,p i j oː k,,hindukush,,,^ p i j oː k $,default,3969858d2b8e90536b57976cd5904886 386d0c42eb376e11dc4dd6a9e0c23511
scl_p-29-1,,scl_p,29,koɳ,koɳ,k o ɳ,,hindukush,,,^ k o ɳ $,default,9dda047f185b4a64284538452186aea3 f6f0993a2db1151b5b6a3c9076088e42
scl_p-33-1,,scl_p,33,aʈʂʰiː,aʈʂʰiː,a ʈʂʰ iː,,hindukush,,,^ a ʈʂʰ iː $,default,f48b65ee42ad7ccefc9be8b14e90b336 d891f1b759c4ba54c9d5256e12505e6a
scl_p-37-1,,scl_p,37,hagaːr,hagaːr,h a g aː r,,hindukush,,,^ h a g aː r $,default,bdda297e9bab54b5f1ebe44a623b7be8 23586b934b94ecb1a148bc9d5796e274
scl_p-2-1,,scl_p,2,tɕʰumu,tɕʰumu,tɕʰ u m u,,hindukush,,,^ tɕʰ u m u $,default,b6a105f0c8d4158e6646e98c563228bf 8b3c3e11126f90217587764d7a46dc1d
scl_p-6-1,,scl_p,6,ʂak,ʂak,ʂ a k,,hindukush,,,^ ʂ a k $,default,1ae0ba9865ef5638b12089007193567a 1638fb41343879dcacb94bd314098900
scl_p-10-1,,scl_p,10,hat,hat,h a t,,hindukush,,,^ h a t $,default,4b330238f35664d4e1650f37b99e1d4c b0a6b08ca2cf1940e4d8e124422f9748
scl_p-14-1,,scl_p,14,parudʑoːk,parudʑoːk,p a r u dʑ oː k,,hindukush,,,^ p a r u dʑ oː k $,default,43e763f285eccc55c4796a2ec8d3b542 bfe63302f6974181a70e921011bf9868
scl_p-18-1,,scl_p,18,ʂiŋ,ʂiŋ,ʂ i ŋ,,hindukush,,,^ ʂ i ŋ $,default,90c9188da8db9492b3ba797e76f303f3 972d2fc65a30ecf1d83f060f33742754
scl_p-22-1,,scl_p,22,ma,ma,m a,,hindukush,,,^ m a $,default,5f70456b503aec8c39e514575c0bb0f3 00012b14c00302c0a27a6b6ec6b92cba
scl_p-26-1,,scl_p,26,kuʈu,kuʈu,k u ʈ u,,hindukush,,,^ k u ʈ u $,default,c97630c74f2fd26551854f6042246137 c154f7baeceb225c9f01a2c370d803ad
scl_p-30-1,,scl_p,30,paʈu,paʈu,p a ʈ u,,hindukush,,,^ p a ʈ u $,default,9fc1e74516fb606b266fddf82eb3cdb5 8b21fa378841e23620f1cfe52cedea4f
scl_p-34-1,,scl_p,34,juːm,juːm,j uː m,,hindukush,,,^ j uː m $,default,f32525356fe734fb887b605b4b30e598 4d01cae8bfcb16d4fd8d20bec3e9f1c6
scl_p-38-1,,scl_p,38,dʑũwe,dʑũwe,dʑ ũ w e,,hindukush,,,^ dʑ ũ w e $,default,48fa8a5e05b03c18bc0dc38f362b36e5 7029b4b53be55eb6311a76ce431c6e86
scl_p-3-1,,scl_p,3,koːr,koːr,k oː r,,hindukush,,,^ k oː r $,default,2353945b32052f5dd3169ab0df427964 71832bd106140e6f51384d0ced307c4c
scl_p-7-1,,scl_p,7,noːm,noːm,n oː m,,hindukush,,,^ n oː m $,default,989329d94fdbe638d14b3313ebfc75fc d2b5afa530932df1cc21d6b25285a2eb
scl_p-11-1,,scl_p,11,naːwo,naːwo,n aː w o,,hindukush,,,^ n aː w o $,default,30a82a722456c318e400c8c20303db96 160896213bc15b8662814f7afedc3259
scl_p-15-1,,scl_p,15,raːti,raːti,r aː t i,,hindukush,,,^ r aː t i $,default,2c1a27dc558fde53123f747b0b175820 bad9737b0f639a3078fbeba8fe7e5d0a
scl_p-19-1,,scl_p,19,natu,natu,n a t u,,hindukush,,,^ n a t u $,default,9e9d307e5ba1f411fedbf38006dbb9aa dec5d3a96773f7a34403dd72aeea9e0d
scl_p-23-1,,scl_p,23,ek,ek,e k,,hindukush,,,^ e k $,default,e9c61a681044668bcf28fc7a7ce9bc52 3ab0dfad51b34c9119b3613d1ddcfccd
scl_p-27-1,,scl_p,27,pon,pon,p o n,,hindukush,,,^ p o n $,default,90a5f21fa7b5030d503e27f4c67b7bde 12afb63e01c913bd9a70f7b93fbe058f
scl_p-31-1,,scl_p,31,manuʐu,manuʐu,m a n u ʐ u,,hindukush,,,^ m a n u ʐ u $,default,07eea2a9578e0c1c83c2dd8a48c91f8c 6446324d44d2e26060885760c8218c72
scl_p-35-1,,scl_p,35,paɕoːk,paɕoːk,p a ɕ oː k,,hindukush,,,^ p a ɕ oː k $,default,026723dc100259bb6a1269924b7fe012 e09bc37fed7275f6eb94c09e867f945e
scl_p-39-1,,scl_p,39,tɕom,tɕom,tɕ o m,,hindukush,,,^ tɕ o m $,default,868c21f74e3cae7b546203999a82525b 4375ac81c210c88ca05b03d32f6b6959
scl_p-4-1,,scl_p,4,taːru,taːru,t aː r u,,hindukush,,,^ t aː r u $,default,ae00deddc759ec03f622b58cb8c4494e c3f1733e16fc89b1d9d923d59d540439
scl_p-8-1,,scl_p,8,baʈ,baʈ,b a ʈ,,hindukush,,,^ b a ʈ $,default,07016d9c9f15caa6e10f1206e36531ce 787086a73c23b4a6141762aae7e37817
scl_p-12-1,,scl_p,12,suːri,suːri,s uː r i,,hindukush,,,^ s uː r i $,default,111eb1544bccb816e6698b3fb5e4fcb7 90729bdefd04176d2db2371f2da67b7a
scl_p-16-1,,scl_p,16,dʑip,dʑip,dʑ i p,,hindukush,,,^ dʑ i p $,default,1e79a16e7a2de667418071296f1d3bfb 1491e9760b9dbfcc0c9805144f0ae6ef
scl_p-20-1,,scl_p,20,don,don,d o n,,hindukush,,,^ d o n $,default,531e8cfbe1f4bf9389d7e0d366c00839 47ff733e90477a4685bf5af7eb13a695
scl_p-24-1,,scl_p,24,tom,tom,t o m,,hindukush,,,^ t o m $,default,1fa1c7256cfd92a34b9bd348df1555b0 a707d868cae8aff4e4f9a6dbdc24b848
scl_p-28-1,,scl_p,28,duː,duː,d uː,,hindukush,,,^ d uː $,default,ab02cd96dfa0badbb44b8a037715a97f 4aac43f6c35233d416d7c66eaccc0860
scl_p-32-1,,scl_p,32,waj,waj,w a j,,hindukush,,,^ w a j $,default,a58950096c5d992d15be213bbd5fd19f 61c65b5877b93d929ea2bfe597f7519e
scl_p-36-1,,scl_p,36,be,be,b e,,hindukush,,,^ b e $,default,334e2e4c50afd40753ce8a6b481d73ac 0f55eb997b3371d89f838297dc66deae
scl_p-40-1,,scl_p,40,tu,tu,t u,,hindukush,,,^ t u $,default,f70cab83d7a2ee1b731ad5faf4668dc2 549d7b57c7cf2eccdbd8c26519a58f18
scl_i-1-1,,scl_i,1,leːl,leːl,l eː l,,hindukush,,,^ l eː l $,default,facd2d84f5cd2efda162b4293bc4dc67 411f6c33dea12be5cb8317a12584d047
scl_i-5-1,,scl_i,5,aʈu̥,aʈu̥,a ʈ u̥,,hindukush,,,^ a ʈ u̥ $,default,1c664b561ea371a50a5c8eee20aec04d 8bffb8ee875e855f83bb61499e9f6079
scl_i-9-1,,scl_i,9,sina,sina,s i n a,,hindukush,,,^ s i n a $,default,11f0d0dfa845c61cd74c737efc62c783 6fe785cede95de24be697b15021ca93d
scl_i-13-1,,scl_i,13,eː,eː,eː,,hindukush,,,^ eː $,default,a88f606bd6dc9d2a633b66326fe43b0c 7294ff6ddbb21120eb284b4285757ffd
scl_i-17-1,,scl_i,17,miroːn,miroːn,m i r oː n,,hindukush,,,^ m i r oː n $,default,a6260089f7d090cdce51607eb2649620 330f3d7c97580aeacbf1ae8884b975ff
scl_i-21-1,,scl_i,21,ɕũː,ɕũː,ɕ ũː,,hindukush,,,^ ɕ ũː $,default,1ae1c64e4ef9288fad12a536206bec95 3c02d478db9396772a431abd390b4d03
scl_i-25-1,,scl_i,25,pijoːn,pijoːn,p i j oː n,,hindukush,,,^ p i j oː n $,default,721163265c0037f43a338a25e33408c5 bb2ea438c36be4849a7d057850a2f38b
scl_i-29-1,,scl_i,29,kuʈu,kuʈu,k u ʈ u,,hindukush,,,^ k u ʈ u $,default,5fa5b5ef5a47dc71247cecb0fba32baf aa8284ebf95c4c5410d903f602b7a5ed
scl_i-33-1,,scl_i,33,aʈʂʰiː,aʈʂʰiː,a ʈʂʰ iː,,hindukush,,,^ a ʈʂʰ iː $,default,d9a3fa21ce0238fd4337a0d4f27c3a8b 987ac6b4c56f049fa60474759f2f3761
scl_i-37-1,,scl_i,37,pʰuː,pʰuː,pʰ uː,,hindukush,,,^ pʰ uː $,default,e41a8614369c8b5dbd2cc673c0cd1292 031ef0d7b9c771b1fac470300a47d27b
scl_i-2-1,,scl_i,2,tɕʰimu,tɕʰimu,tɕʰ i m u,,hindukush,,,^ tɕʰ i m u $,default,30d358951c79279c17b87d4ec2e93d42 b6a019e504e3051c6ad1434eb1604789
scl_i-6-1,,scl_i,6,ʂəkboj,ʂəkboj,ʂ ə k b o j,,hindukush,,,^ ʂ ə k b o j $,default,7efbe1d9a5e96617b1c291266dad2a7d b9c3aaa82a4b104db0b9f9565efdc0b5
scl_i-10-1,,scl_i,10,hat,hat,h a t,,hindukush,,,^ h a t $,default,61b97a8a67f3117211699ea9ea7463bd ffdbfa45587e823d75e4983bb5d9fa6e
scl_i-14-1,,scl_i,14,koɳ dun,koɳ_dun,k o ɳ + d u n,,hindukush,,,^ k o ɳ _ d u n $,default,1a5aa706cf2989425d4e4b9ab9b9811a 50ec0c662be6191ff38ada9b6f4f254f
scl_i-18-1,,scl_i,18,ʂĩŋu̥,ʂĩŋu̥,ʂ ĩ ŋ u̥,,hindukush,,,^ ʂ ĩ ŋ u̥ $,default,217bc846323abc6e46288a541b1e5715 5432f8dfb50a3160139b5f6bd03a387a
scl_i-22-1,,scl_i,22,mo,mo,m o,,hindukush,,,^ m o $,default,bf0176751f78525a1dc915a316d19b41 bb470d196e555c6d35c173daf8fe2d68
scl_i-26-1,,scl_i,26,kuʈu̥,kuʈu̥,k u ʈ u̥,,hindukush,,,^ k u ʈ u̥ $,default,707febf18613625c81b0891ae4106ecb ca3d74ee14861ff37b1d3306729a6831
scl_i-30-1,,scl_i,30,paʈu̥,paʈu̥,p a ʈ u̥,,hindukush,,,^ p a ʈ u̥ $,default,51493294c25cf5dfc22bb6eea6a9e9e6 16de938c5f910595227d57137cc3d6b8
scl_i-34-1,,scl_i,34,sina,sina,s i n a,,hindukush,,,^ s i n a $,default,4277f73421b9a4da079355b9114da3bb f14dbea43ff3b80493a1448389d55a58
scl_i-38-1,,scl_i,38,ʑuwe,ʑuwe,ʑ u w e,,hindukush,,,^ ʑ u w e $,default,470a376bc1f5c5410b4828088fae6870 5f68a6ec61143078599c67f1311b4f49
scl_i-3-1,,scl_i,3,pahaːɽ,pahaːɽ,p a h aː ɽ,,hindukush,,,^ p a h aː ɽ $,default,d2be0f8e9da399bedada3e1d89093b84 130e61f589454bf0def50d38c148f047
scl_i-7-1,,scl_i,7,noːm,noːm,n oː m,,hindukush,,,^ n oː m $,default,34d2b3e7a3b109a13feac67aa135f792 f237ab8b8aff1eedb1b8298a0d4bd806
scl_i-11-1,,scl_i,11,naː,naː,n aː,,hindukush,,,^ n aː $,default,5a9ab230ba9660d5601a2caa0d4662a0 3e9cf0c7c310178ced6f4c3f6980e92c
scl_i-15-1,,scl_i,15,raːti̥,raːti̥,r aː t i̥,,hindukush,,,^ r aː t i̥ $,default,0023c46fca71f268dc0cbc1307bd8c0b d926df3c95cca6ccebef918a27c01400
scl_i-19-1,,scl_i,19,noti̥,noti̥,n o t i̥,,hindukush,,,^ n o t i̥ $,default,1bcf7c365e4c2924ccf984e70c137dc2 629e713d3b8abd285cb440d8f086fafa
scl_i-23-1,,scl_i,23,ek,ek,e k,,hindukush,,,^ e k $,default,497ce950012dcb5eec2fea2260b191e7 8aab24f33ed90bfffee591224bdb09f2
scl_i-27-1,,scl_i,27,pon,pon,p o n,,hindukush,,,^ p o n $,default,ee52c84db8afa9d0cf6cb53bdeb286ce 7476181fed90560b0ce1b54d4231a388
scl_i-31-1,,scl_i,31,nafar,nafar,n a f a r,,hindukush,,,^ n a f a r $,default,bac5b19c10b84da3d9d01d47c83ea709 0f0163b65c9e7076c7c783d0dd795d47
scl_i-35-1,,scl_i,35,ʈʂakjoːnə,ʈʂakjoːnə,ʈʂ a k j oː n ə,,hindukush,,,^ ʈʂ a k j oː n ə $,default,d27fab28f3ce521161960ea0551eae60 9e8e94db05d70551607f6a594b0cb49b
scl_i-39-1,,scl_i,39,tɕʰeːmu,tɕʰeːmu,tɕʰ eː m u,,hindukush,,,^ tɕʰ eː m u $,default,3b358302c1fa729e1a9074430755a186 5a36addea4a03520726e2b1f585ab8a7
scl_i-4-1,,scl_i,4,taːru̥,taːru̥,t aː r u̥,,hindukush,,,^ t aː r u̥ $,default,4b61eb8a289b3fae55a4f63361a94cee e0f3ff2e734f681b51e7e3bd148bb86f
scl_i-8-1,,scl_i,8,baʈ,baʈ,b a ʈ,,hindukush,,,^ b a ʈ $,default,83a63bae1fb2f86c47ee0cb31f2aaba0 2a24a1487e07a4cc868661f5d990d96e
scl_i-12-1,,scl_i,12,suːri̥,suːri̥,s uː r i̥,,hindukush,,,^ s uː r i̥ $,default,d324c36fd6f2ddb450a4e87e69361a15 8275ed66a83d58e0b67a1a4badec997d
scl_i-16-1,,scl_i,16,ʑib,ʑib,ʑ i b,,hindukush,,,^ ʑ i b $,default,996d157bf7aaf08c6858784e1d821633 342ca84d1e59bfb4f29dd846024642b8
scl_i-20-1,,scl_i,20,doni,doni,d o n i,,hindukush,,,^ d o n i $,default,1f7f1f40a7823e76a63a7d8851ff24d0 25502577463732b000d526a2d7d157af
scl_i-24-1,,scl_i,24,tom,tom,t o m,,hindukush,,,^ t o m $,default,c106169daec31b5dec6e2798cca7f9cf 21b29a759bbc0e5958c8b27f5697918c
scl_i-28-1,,scl_i,28,duː,duː,d uː,,hindukush,,,^ d uː $,default,d27db2f5a0a3fa88bc71a0989e91c20b 0a618224a62f38fadaa1303d2d8dbeea
scl_i-32-1,,scl_i,32,woj,woj,w o j,,hindukush,,,^ w o j $,default,1d12aab57f1b1f9119da85c3723bfcc4 21bdeec478c9b64d42cea93ccda5a361
scl_i-36-1,,scl_i,36,be,be,b e,,hindukush,,,^ b e $,default,ff3448d63af46601e74d62969f3859f2 0ce4151415dc7c09d647ef08678535bb
scl_i-40-1,,scl_i,40,tu,tu,t u,,hindukush,,,^ t u $,default,55583a5bb28f4427f39831889864882e d25968ea3b7190be72a289ebbdac285b
sgh_a-1-1,,sgh_a,1,wəχen,wəχen,w ə χ e n,,hindukush,,,^ w ə χ e n $,default,c72aa87fb1c31df56706a14e2dafdff5 3ac65972ad36a225b1cdf8a1c1968620
sgh_a-5-1,,sgh_a,5,setχøːn,setχøːn,s e t χ øː n,,hindukush,,,^ s e t χ øː n $,default,714236c52b2843e0693c8866ed9c67a3 d596150f99e5cced4486945224f01eb6
sgh_a-9-1,,sgh_a,9,bestyːn,bestyːn,b e s t yː n,,hindukush,,,^ b e s t yː n $,default,f3e9e09454f745d39a1d1f250dc3b2b9 9fe4fb3cd31bffc681b558ea96bea8f2
sgh_a-13-1,,sgh_a,13,jatow,jatow,j a t o w,,hindukush,,,^ j a t o w $,default,d6e62e54d1039c3f909735e758a61536 1eac4c9d957bab52888275de0d73fd6f
sgh_a-17-1,,sgh_a,17,miːdow,miːdow,m iː d o w,,hindukush,,,^ m iː d o w $,default,74bbf9500072d17f5040fc856c9179aa 55a028afd93bfb37ad71585771fed9d6
sgh_a-21-1,,sgh_a,21,kəd,kəd,k ə d,,hindukush,,,^ k ə d $,default,5315cfc6416e076bf9c85678a12bdb85 d4fdb034c3bd49f5271d219da14c1087
sgh_a-25-1,,sgh_a,25,brextow,brextow,b r e x t o w,,hindukush,,,^ b r e x t o w $,default,57d00ef1f075a909da5f927842d637ee 49289620b13c691060ed6782bb58d1f3
sgh_a-29-1,,sgh_a,29,ʁyːɣ,ʁyːɣ,ʁ yː ɣ,,hindukush,,,^ ʁ yː ɣ $,default,5622d2ff72f3a21d6e6c37ab79a0097f c3f44f2ebd74cfa76d7ac6017dc665e2
sgh_a-33-1,,sgh_a,33,tseːm,tseːm,ts eː m,,hindukush,,,^ ts eː m $,default,e2aaae908df9e85811564947940ed6e3 a352739a4fc072e07d5cf8c8c6ca4919
sgh_a-37-1,,sgh_a,37,jɔːts,jɔːts,j ɔː ts,,hindukush,,,^ j ɔː ts $,default,cde9f547eb390261460c75ab83b26177 83e7638b1f35103feabcfce677aef4b0
sgh_a-2-1,,sgh_a,2,moːje,moːje,m oː j e,,hindukush,,,^ m oː j e $,default,6702cff07407658ae057c2722c1f0449 a412ec79198c35f2b73d9719ef2bc216
sgh_a-6-1,,sgh_a,6,siːr,siːr,s iː r,,hindukush,,,^ s iː r $,default,d9bea7939c722a828a288f5727d79337 98965df8238c55cce6251760c0ac9603
sgh_a-10-1,,sgh_a,10,ðəst,ðəst,ð ə s t,,hindukush,,,^ ð ə s t $,default,0a0f980f4449d19eb2b85823dc6de9d0 37414095426893f4a4933feb1facbfb6
sgh_a-14-1,,sgh_a,14,ʃedow,ʃedow,ʃ e d o w,,hindukush,,,^ ʃ e d o w $,default,adc3a01df31da1df64edb929ed910e96 9d791e52a3a328e92951d5195dc85b18
sgh_a-18-1,,sgh_a,18,χoːx,χoːx,χ oː x,,hindukush,,,^ χ oː x $,default,a72b1e0b67acbb236c405fcd856664d6 0bcf57a19bdeff461299a6443f547bad
sgh_a-22-1,,sgh_a,22,wəz,wəz,w ə z,,hindukush,,,^ w ə z $,default,f5743a47857a29effa6102536bb51233 59ee733d3c6ffe01644ea6fdfbc26965
sgh_a-26-1,,sgh_a,26,zyːn,zyːn,z yː n,,hindukush,,,^ z yː n $,default,dc8143f7640411bcb1eb22128b9c8f4d b4852ba23754d117253ad57c1b7f5112
sgh_a-30-1,,sgh_a,30,paːrk,paːrk,p aː r k,,hindukush,,,^ p aː r k $,default,912e65567a4f9181fb14c25526024307 351f50dadb5de530b0e577ef47be330a
sgh_a-34-1,,sgh_a,34,dʒigaːr,dʒigaːr,dʒ i g aː r,,hindukush,,,^ dʒ i g aː r $,default,84daefa1bfadecf74aa07e1ac6b8aba0 6b1b97c175f17c212dbfdab525e83421
sgh_a-38-1,,sgh_a,38,səpəɣ,səpəɣ,s ə p ə ɣ,,hindukush,,,^ s ə p ə ɣ $,default,66a0e6ded56a699dce4edc90dd89e674 318aa16f4455edd93f82697e131dba6e
sgh_a-3-1,,sgh_a,3,kuː,kuː,k uː,,hindukush,,,^ k uː $,default,334e5c614d7a3232789309c0ee2c94c3 e042e1b4d69857fc706817b998521441
sgh_a-7-1,,sgh_a,7,nyːm,nyːm,n yː m,,hindukush,,,^ n yː m $,default,c707ca4f54b307fa60397ab05e895481 45b62aa1af6f9b9293eea88f962d81d8
sgh_a-11-1,,sgh_a,11,naːw,naːw,n aː w,,hindukush,,,^ n aː w $,default,c62233bce96e3d0e14b6c9a6bcdedca1 24f473b75ccd57e15553c4bb80f727d0
sgh_a-15-1,,sgh_a,15,xaːb,xaːb,x aː b,,hindukush,,,^ x aː b $,default,e11bb57d75ecc8699c783988cb74fc6a 034a45d6e55015afed23af50504907e9
sgh_a-19-1,,sgh_a,19,neːts,neːts,n eː ts,,hindukush,,,^ n eː ts $,default,816dad3ba4c03e045af7d001459e85a6 f88473927b683309db087115be9b1204
sgh_a-23-1,,sgh_a,23,jiːw,jiːw,j iː w,,hindukush,,,^ j iː w $,default,2f13bd09018f3ae2391a4df69fc1dd8e 7fd342e8d95afb0fbf549f2bc6ff60e7
sgh_a-27-1,,sgh_a,27,pyːnd,pyːnd,p yː n d,,hindukush,,,^ p yː n d $,default,949679fea00cd83032598d29a892ce4a 14cae28bb4c66f3b5dc44555122cd194
sgh_a-31-1,,sgh_a,31,nafar,nafar,n a f a r,,hindukush,,,^ n a f a r $,default,818cc991cad2f172e6c6edb91a999966 e64b8cc1d6c99849b6b19d9597f531fb
sgh_a-35-1,,sgh_a,35,tʃiːxtow,tʃiːxtow,tʃ iː x t o w,,hindukush,,,^ tʃ iː x t o w $,default,aff54b6920457fbceb579a8621ae6efd beaa23418f94cbc75449fba0098712c0
sgh_a-39-1,,sgh_a,39,pøːst,pøːst,p øː s t,,hindukush,,,^ p øː s t $,default,71e74e54df4e522f23da92f797474fca 324c786c834400c70ef09a88da25471a
sgh_a-4-1,,sgh_a,4,xəteːrts,xəteːrts,x ə t eː r ts,,hindukush,,,^ x ə t eː r ts $,default,3ec157b0db589d88ee70ba66d3ee64a0 22b4308e8b575b59f71d3436b72cf0f9
sgh_a-8-1,,sgh_a,8,ʒiːr,ʒiːr,ʒ iː r,,hindukush,,,^ ʒ iː r $,default,11a4271e4c61e609f2b9ed1d46037a98 d60a5ff28c5e429fd2204477b72db0eb
sgh_a-12-1,,sgh_a,12,χiːr,χiːr,χ iː r,,hindukush,,,^ χ iː r $,default,e1c8f69fdf53de2688f52bdf4b054251 3cf3483fe8122c8e2c2e43e599a07e2e
sgh_a-16-1,,sgh_a,16,zev,zev,z e v,,hindukush,,,^ z e v $,default,1e8be54e7aeaec5970c9053262175288 b582f549a5d4a5758c88c408bce84df8
sgh_a-20-1,,sgh_a,20,ðendyːn,ðendyːn,ð e n d yː n,,hindukush,,,^ ð e n d yː n $,default,60f72efc2607b0767bae5c2adee0ddc7 28a4aa4f1565296110fd1c3c73d55f8f
sgh_a-24-1,,sgh_a,24,daraχt,daraχt,d a r a χ t,,hindukush,,,^ d a r a χ t $,default,adc8b27dbf6bd0687298942297eb659b 1b6e81fa5de4cc5d3d538c1a0f8b2223
sgh_a-28-1,,sgh_a,28,ðyjyn,ðyjyn,ð y j y n,,hindukush,,,^ ð y j y n $,default,e94e618e193b2508500321c9268ebd91 1554131b7ea6e8277db25cfb47c02751
sgh_a-32-1,,sgh_a,32,xats,xats,x a ts,,hindukush,,,^ x a ts $,default,54d228cf93511b695551a41c942982b2 a824f7457e8f01378be79756ea0f5e1f
sgh_a-36-1,,sgh_a,36,maːʃ,maːʃ,m aː ʃ,,hindukush,,,^ m aː ʃ $,default,58220a731ab661e8a18433de6d555c1f f6f3b5b091a15a15c1122acaa92c9d17
sgh_a-40-1,,sgh_a,40,to,to,t o,,hindukush,,,^ t o $,default,7b9ca34b5bf86a717afa655859bfc032 a54b0e338ff31d2bbe7eba8f451623b4
trw-1-1,,trw,1,ʐaːt,ʐaːt,ʐ aː t,,hindukush,,,^ ʐ aː t $,default,496e02c906e1a8d56f9254886b06c46f 387bf8e7f10c18962212b154783ed63e
trw-5-1,,trw,5,harejk,harejk,h a r e j k,,hindukush,,,^ h a r e j k $,default,0a3c1c1218c0b647213db78bef71e165 08b26f6a3f59802ddbf0bfd150a60f59
trw-9-1,,trw,9,tɕiɕ,tɕiɕ,tɕ i ɕ,,hindukush,,,^ tɕ i ɕ $,default,244946372620e10d3a1fca586d821fbc c3231323844a225ad8e7d251bd4f124c
trw-13-1,,trw,13,jau,jau,j au,,hindukush,,,^ j au $,default,14559298b600dfa3624b8e2597a7b36e 1e1308c745d7db9acb424a68be889888
trw-17-1,,trw,17,mu,mu,m u,,hindukush,,,^ m u $,default,97ba0256e8f5b20de2d18063304117ba 1785d8eaa0419ec61eb8a3eaf3d9a354
trw-21-1,,trw,21,kuju,kuju,k u j u,,hindukush,,,^ k u j u $,default,57cce4036b08ee23ae3653ccd730af9e 97043c4d5c491c753f61c7f60c9eb9ef
trw-25-1,,trw,25,puː,puː,p uː,,hindukush,,,^ p uː $,default,6d11a981528afe6914d619dabb4cc7e9 b5474775354c25ec9b309fcbfacaa937
trw-29-1,,trw,29,kaːn,kaːn,k aː n,,hindukush,,,^ k aː n $,default,99ff4ceb58e1face9f0fc512b65d7fa3 0a59eba11dce9db1dfe2cb283c3cb20e
trw-33-1,,trw,33,aʂiː,aʂiː,a ʂ iː,,hindukush,,,^ a ʂ iː $,default,4fa66a14f8775d3a865f273fe4c7fb3d 7826cb08533069b0bad6dd13fb67a34c
trw-37-1,,trw,37,aŋgaː,aŋgaː,a ŋ g aː,,hindukush,,,^ a ŋ g aː $,default,546813f4142ba1dcf69d6d0abe1081a4 916ea1bf07d638f398efe45ac1a3b64f
trw-2-1,,trw,2,maːɕ,maːɕ,m aː ɕ,,hindukush,,,^ m aː ɕ $,default,f3c4eb9024af3dbf55503621966db856 91dcdd4515a83b8b72df56404c65c05a
trw-6-1,,trw,6,ɖak,ɖak,ɖ a k,,hindukush,,,^ ɖ a k $,default,8d4db9eb1711ebd9032b589886b8f5f2 fbaef3bb52aebecc79eccada9eef3141
trw-10-1,,trw,10,haːt,haːt,h aː t,,hindukush,,,^ h aː t $,default,70eb6c8150edfe22366dd80c245fbff6 5a68d17bb6c42f2185e041b2893d7b4a
trw-14-1,,trw,14,bʰajuː,bʰajuː,bʰ a j uː,,hindukush,,,^ bʰ a j uː $,default,d9f6f8c0cc6164e91013788ddde9ba60 b02dd0539659aa2fa9a2c4a9e9033a56
trw-18-1,,trw,18,ʂiŋ,ʂiŋ,ʂ i ŋ,,hindukush,,,^ ʂ i ŋ $,default,baddb57daa6980eacacbc1388dd6e7d1 018bb5b9a46e528a2ef2f1d7c8b4b1a3
trw-22-1,,trw,22,aː,aː,aː,,hindukush,,,^ aː $,default,df66e3c489f9f379783e232f6cc6e9a0 a64c600b1ffe6d2dc618769cd40af33d
trw-26-1,,trw,26,kuɽ,kuɽ,k u ɽ,,hindukush,,,^ k u ɽ $,default,ef3bad48298fb2cac7d9c0089f7dea5d 1d5f9416f33ed848814ae1c9d7ee6dd4
trw-30-1,,trw,30,paːʂ,paːʂ,p aː ʂ,,hindukush,,,^ p aː ʂ $,default,13dcb784df1978126a5078372850f933 dc22721587de6323defcbdec9a8b91fa
trw-34-1,,trw,34,dʑogoː,dʑogoː,dʑ o g oː,,hindukush,,,^ dʑ o g oː $,default,506644e11af5f2dee2adac96e451c762 d824f21d7ee0fe4494798ab59e9db298
trw-38-1,,trw,38,dʑĩː,dʑĩː,dʑ ĩː,,hindukush,,,^ dʑ ĩː $,default,db0089aba8a110e83e68ed28ebdf8ddd 333946a2bb6024d8ab0771b4aa7cb0ad
trw-3-1,,trw,3,kʰaːn,kʰaːn,kʰ aː n,,hindukush,,,^ kʰ aː n $,default,e9e6c84419260376d2322b8231121b89 a42937b30afecc4551b2cbc91d4e02ce
trw-7-1,,trw,7,naːm,naːm,n aː m,,hindukush,,,^ n aː m $,default,b43aa422d18c7c227d600d2eacda3e53 77fd7ab84973775ecc3367222abbdff4
trw-11-1,,trw,11,nəm,nəm,n ə m,,hindukush,,,^ n ə m $,default,e9a7cafc1fe7cc33f045d544663cdd32 7a101c9ee9932c46c56c5ecaa8266c16
trw-15-1,,trw,15,ʐaːt,ʐaːt,ʐ aː t,,hindukush,,,^ ʐ aː t $,default,92dbe443acfd07141e5f73a2ae6504db a7236f6bb2e91679b98d6fc4d7b1bc94
trw-19-1,,trw,19,natkoːl,natkoːl,n a t k oː l,,hindukush,,,^ n a t k oː l $,default,c348c6c3cb23e9bda1b7e686f4df3255 6fb30b1dada6c98d57f0b9523a26ec1a
trw-23-1,,trw,23,eːk,eːk,eː k,,hindukush,,,^ eː k $,default,9d09af8779e55f57381774dc6066c0d7 3554fbd1d6bc54970145793d692f7e34
trw-27-1,,trw,27,paːnʲ,paːnʲ,p aː nʲ,,hindukush,,,^ p aː nʲ $,default,4c3a0d91876f146185b912b96945a5c3 4c5348686593acb32221d3243532f40e
trw-31-1,,trw,31,maːʂ,maːʂ,m aː ʂ,,hindukush,,,^ m aː ʂ $,default,be0da71257b85c1c92a76968631d5eb3 572b103c036770923d9569c0cfff3d65
trw-35-1,,trw,35,paɕuː,paɕuː,p a ɕ uː,,hindukush,,,^ p a ɕ uː $,default,75f7459c75077169833c8d9e0f6d7ddc d229701bce914933c4c57d70aebbf714
trw-4-1,,trw,4,taː,taː,t aː,,hindukush,,,^ t aː $,default,fbb65f774b8a80c9b3e463f14138673e e4f029b636b31759a098548d7f5d110d
trw-8-1,,trw,8,baːr,baːr,b aː r,,hindukush,,,^ b aː r $,default,222c10ad609a2b06535d4bb21414b06c d80690cef1320b497effa37c40a40a7f
trw-12-1,,trw,12,siː,siː,s iː,,hindukush,,,^ s iː $,default,9a2c056fdf0f17dba2bb6f4298786db6 99a33d2932e0946d68c29f8d81e2c58e
trw-16-1,,trw,16,dʑib,dʑib,dʑ i b,,hindukush,,,^ dʑ i b $,default,596d301431184c3b54e3893183c7aa68 2c14e63469f7a68b5be15d10bf710bba
trw-20-1,,trw,20,dən,dən,d ə n,,hindukush,,,^ d ə n $,default,68e5a6884a8d38acc4bc9aacd79121dc 442ac840c5f9556c56113c3692ec8656
trw-24-1,,trw,24,tʰaːm,tʰaːm,tʰ aː m,,hindukush,,,^ tʰ aː m $,default,87f5148349bc1db855d9a5da6c80ab9c 73bb909ed2fd49e4534ef39bb258c290
trw-28-1,,trw,28,duː,duː,d uː,,hindukush,,,^ d uː $,default,ec99847eab23c8d3a8dee6e9c9cd9f61 d128455f0f1d7676c9b5b6beb0f121d8
trw-32-1,,trw,32,uː,uː,uː,,hindukush,,,^ uː $,default,cf74d12ef14061850bdce709473fa601 67ef660cd317a95b3c75c18225afd9d1
trw-36-1,,trw,36,mʰoː,mʰoː,mʰ oː,,hindukush,,,^ mʰ oː $,default,6dd8bd28d4b0644132734e0d581e2266 5586e809f1620ddc2b8bca9ef12aa76b
trw-40-1,,trw,40,tu,tu,t u,,hindukush,,,^ t u $,default,da5bce9b3c5fdd46c59ce87f39b13b6d bcf83cf177fe17fbc59be02345751618
ush-1-1,,ush,1,lul,lul,l u l,,hindukush,,,^ l u l $,default,6e8d8fbae1fd79e343b0c049914ad7fe a015ed193e9a60145f50819a861e8d8b
ush-5-1,,ush,5,aɳʈi,aɳʈi,a ɳ ʈ i,,hindukush,,,^ a ɳ ʈ i $,default,a153ea1a586077908c5343e30101db7b 2bd8cbb1a92cf832f69baf71e218aa96
ush-9-1,,ush,9,tɕitɕi,tɕitɕi,tɕ i tɕ i,,hindukush,,,^ tɕ i tɕ i $,default,25dd5108f8965c34f4d0a270c4444363 e30f3474c5255cfbcd30e88d29928bb5
ush-13-1,,ush,13,oːn,oːn,oː n,,hindukush,,,^ oː n $,default,e59a0c1c694730240ba4ddf6ec4f104e 22419fd2e108ab58032b47d6198001fa
ush-17-1,,ush,17,muːru,muːru,m uː r u,,hindukush,,,^ m uː r u $,default,5445510fefdd62d6e5edfd3ef0d1dfb0 c8c9af33fbd2a42a46c588e7a24429b5
ush-21-1,,ush,21,ɕũ,ɕũ,ɕ ũ,,hindukush,,,^ ɕ ũ $,default,44b205b3e1accbacacabfa1f14fa9ab8 977d86d377e1b4753ee8ef43a604185e
ush-25-1,,ush,25,pioːn,pioːn,p i oː n,,hindukush,,,^ p ioː n $,default,ef5bc91583857a5c479975a761f62772 6cdb3f736ccd905680dca3fd9c879ec1
ush-29-1,,ush,29,koːn,koːn,k oː n,,hindukush,,,^ k oː n $,default,c0120778d22430dedeb7a6e3e3380681 b2bc5b150ca7a69dc49d9625d438d212
ush-33-1,,ush,33,eʂiː,eʂiː,e ʂ iː,,hindukush,,,^ e ʂ iː $,default,7d681b1407f521b988f1ca1c03eb377c 4027639d8c274e58feb70457d2e3bbe5
ush-37-1,,ush,37,aŋgaːr,aŋgaːr,a ŋ g aː r,,hindukush,,,^ a ŋ g aː r $,default,f32ecf8274b14d35e28f4abc4c21639f 3e880d73faad821ee9a44f0b301f3ccb
ush-2-1,,ush,2,matɕo,matɕo,m a tɕ o,,hindukush,,,^ m a tɕ o $,default,8317b8043da49998512b039abf225c89 610d046f9fcee623943b29976feec233
ush-6-1,,ush,6,"purhaːlu, χulbul",purhaːlu,p u r h aː l u,,hindukush,,,^ p u rh aː l u $,default,fc93067329d44d5f30504d154e97dfa1 2a0ddfe68e1fc2ded1c4c4a9f2cefe9a 66f19b5e1a51149f4c7c626fa337e528 c8fabff873d52f921ac6b0d14e0c2279
ush-6-2,,ush,6,"purhaːlu, χulbul",χulbul,χ u l b u l,,hindukush,,,^ χ u l b u l $,default,fc93067329d44d5f30504d154e97dfa1 2a0ddfe68e1fc2ded1c4c4a9f2cefe9a 66f19b5e1a51149f4c7c626fa337e528 c8fabff873d52f921ac6b0d14e0c2279
ush-10-1,,ush,10,haːtʰ,haːtʰ,h aː tʰ,,hindukush,,,^ h aː tʰ $,default,cf8ac720ab16f9d0de0cc3a5b0fe9672 e07052fa5c0562506edb3dc08545fce6
ush-14-1,,ush,14,ʂunoːn,ʂunoːn,ʂ u n oː n,,hindukush,,,^ ʂ u n oː n $,default,2e02341c156f4d449c7003349918144c 36dde75101a9df2012fc85dc7af9f7c5
ush-18-1,,ush,18,ʂiŋgu,ʂiŋgu,ʂ i ŋ g u,,hindukush,,,^ ʂ i ŋ g u $,default,b36b53005ca840c4a51ef5e73b1a6b15 2501619a043dd149012bbb4e1c9bc1f9
ush-22-1,,ush,22,ma,ma,m a,,hindukush,,,^ m a $,default,157bd5ad1aa9a0919f6ce9c387bd8fca 6ccf7bf11aeb5d48168c3e620b6b43b2
ush-26-1,,ush,26,kuʈu,kuʈu,k u ʈ u,,hindukush,,,^ k u ʈ u $,default,bad27f7bf93cbb531bc4bd5ae4ebbc60 fe4fba4fc1fed1ef996cbdfd101d3ba0
ush-30-1,,ush,30,paʈʂu,paʈʂu,p a ʈʂ u,,hindukush,,,^ p a ʈʂ u $,default,8990f1f600c628d0d01ecf6ca30c78e0 938e8ab6b9f5e18164faaea55ed0c713
ush-34-1,,ush,34,dʑagar,dʑagar,dʑ a g a r,,hindukush,,,^ dʑ a g a r $,default,235d331debc2c322a93ec2202ed98118 8cdc78ff2d78457eaed60a34e1d3d4d6
ush-38-1,,ush,38,dʑʰũː,dʑʰũː,dʑʰ ũː,,hindukush,,,^ dʑʰ ũː $,default,9b595958212e1404b9afa66cb07a8b7b 1ee7495f47e3bea7f4214d3a57ac2b53
ush-3-1,,ush,3,kʰoːn,kʰoːn,kʰ oː n,,hindukush,,,^ kʰ oː n $,default,0dc5c307b9dc0a7fd420b0c7dd1c4813 494a62c1bee0c426feed789fd86ab689
ush-7-1,,ush,7,nuːm,nuːm,n uː m,,hindukush,,,^ n uː m $,default,ec7baf1f269454a33f905053c2f2acf6 0baca5021a2118874330563b87e09efa
ush-11-1,,ush,11,naw,naw,n a w,,hindukush,,,^ n a w $,default,0e1430c138713d1bffc83c64de030446 382ec60ce92c0064f631d3b1a636fff3
ush-15-1,,ush,15,raːti,raːti,r aː t i,,hindukush,,,^ r aː t i $,default,d709b216080f261115e300e55f1cf978 b9b6e0f2fef12dfb311ea2be08b27e47
ush-19-1,,ush,19,noːti,noːti,n oː t i,,hindukush,,,^ n oː t i $,default,4120c434c6e0e499a6beaa925ed4dc73 58385c66872b3c5f29088f6e51f8d030
ush-23-1,,ush,23,ek,ek,e k,,hindukush,,,^ e k $,default,98d5f483fb61bdbb6f64d979db739549 3d8719d66e9b4d0f4db100becc38b52f
ush-27-1,,ush,27,poːn,poːn,p oː n,,hindukush,,,^ p oː n $,default,50ca9d1bab9800f35da092db5945271b b86bda7f614f31aa0d7a047a7639a611
ush-31-1,,ush,31,"manuʐu, muʂaː",manuʐu,m a n u ʐ u,,hindukush,,,^ m a n u ʐ u $,default,b63f2626514fc4164e44ec7936e2f579 3b1d9163e058f8d04486e626b01d5ba3 f842445c5f42a11cf7d03926c1ca62f1 bc721a080787c170cd858dc7c0b35a28
ush-31-2,,ush,31,"manuʐu, muʂaː",muʂaː,m u ʂ aː,,hindukush,,,^ m u ʂ aː $,default,b63f2626514fc4164e44ec7936e2f579 3b1d9163e058f8d04486e626b01d5ba3 f842445c5f42a11cf7d03926c1ca62f1 bc721a080787c170cd858dc7c0b35a28
ush-35-1,,ush,35,paɕoːn,paɕoːn,p a ɕ oː n,,hindukush,,,^ p a ɕ oː n $,default,5f1c50d1920999efdbb19d35f07d1a81 0aa762af39e9d633442ba01c54a30109
ush-39-1,,ush,39,tɕoːm,tɕoːm,tɕ oː m,,hindukush,,,^ tɕ oː m $,default,1c0695fbbb9ab544a42bdcde549c8067 0351d984ca9e2a84cf9a22717fbbb64f
ush-4-1,,ush,4,taːru,taːru,t aː r u,,hindukush,,,^ t aː r u $,default,188465938a8a43ab9cc6f3988e301070 154733faf3ba427a6731f57b4c3fba52
ush-8-1,,ush,8,giri,giri,g i r i,,hindukush,,,^ g i r i $,default,b04133293318646305ea0f3c32c3249d 2afae6db2ce3da3afc8e3402f4b2b771
ush-12-1,,ush,12,suːri,suːri,s uː r i,,hindukush,,,^ s uː r i $,default,b2374c4f3905b19189122a75c795a895 54be4855b907ac1070afe1185c4afd34
ush-16-1,,ush,16,dʑib,dʑib,dʑ i b,,hindukush,,,^ dʑ i b $,default,e1765a6483497697e1cee8c26ab0be6a 721da40f9c2c8947a08da9ab13e5c6d4
ush-20-1,,ush,20,doːnd,doːnd,d oː n d,,hindukush,,,^ d oː n d $,default,5f7b2382387d438ba4331c2fb64d4b58 343209f5bd1fd096d3c7dee8fddce292
ush-24-1,,ush,24,tʰoːm,tʰoːm,tʰ oː m,,hindukush,,,^ tʰ oː m $,default,a7fc33616a4ab27ae66895ee9d082065 274b293afffa587c3f07276cf4dfa9fb
ush-28-1,,ush,28,duː,duː,d uː,,hindukush,,,^ d uː $,default,34f4dc8024cef1d8fa81061b93d9baf9 1512f6d89f9c96ed2a17614beaca48c9
ush-32-1,,ush,32,wi,wi,w i,,hindukush,,,^ w i $,default,5a2614e3b689b0a320b75af67ee24d78 497c588dc14f7d482bb57f61d7aeed88
ush-36-1,,ush,36,asoː,asoː,a s oː,,hindukush,,,^ a s oː $,default,aa830d114f1a315e9a53077b91ea656f 6778c22643a00bfc71d964b55dc5ab65
ush-40-1,,ush,40,"tu, soː",tu,t u,,hindukush,,,^ t u $,default,96075c3a6c864275d4dbd82b598b4817 c7450dfedd32fd719eecb26d92bb3ae4 4b6ab11921d0d532657a5ec169b5d7ea 963fbe2c9f93ee8a32d13248daca3348
ush-40-2,,ush,40,"tu, soː",soː,s oː,,hindukush,,,^ s oː $,default,96075c3a6c864275d4dbd82b598b4817 c7450dfedd32fd719eecb26d92bb3ae4 4b6ab11921d0d532657a5ec169b5d7ea 963fbe2c9f93ee8a32d13248daca3348
uzs-1-1,,uzs,1,qɑn,qɑn,q ɑ n,,hindukush,,,^ q ɑ n $,default,8ec82665e179b414d021c378770c1c18 e62e99d0c0ceeb2777d4ed4a53b3036b
uzs-5-1,,uzs,5,ustuχɑn,ustuχɑn,u s t u χ ɑ n,,hindukush,,,^ u s t u χ ɑ n $,default,9aa67c88b7da774906cf9136790e485c 3017678fdfdc2fc9b54159f4640faef8
uzs-9-1,,uzs,9,ɛːmtɕak,ɛːmtɕak,ɛː m tɕ a k,,hindukush,,,^ ɛː m tɕ a k $,default,e6790f8856be2acb780249392f4fd327 8bc2adf75de3bc156b276abb60674d1c
uzs-13-1,,uzs,13,kilmɑːʁ,kilmɑːʁ,k i l m ɑː ʁ,,hindukush,,,^ k i l m ɑː ʁ $,default,6b0b1cdd9d2299b01f263d2dca5d0e73 b0a1b2a0fc648f13511a406be804a851
uzs-17-1,,uzs,17,wilmɑːʁ,wilmɑːʁ,w i l m ɑː ʁ,,hindukush,,,^ w i l m ɑː ʁ $,default,08d9b4b672178f770ae5f173b0c023d4 af1984e7f2405cd1f1af9bf6491ea7c4
uzs-21-1,,uzs,21,kʉtɕʉg,kʉtɕʉg,k ʉ tɕ ʉ g,,hindukush,,,^ k ʉ tɕ ʉ g $,default,c7900010d50403b23a9257c32726a040 633d75743148b78848df68419334f330
uzs-25-1,,uzs,25,itɕmɑːʁ,itɕmɑːʁ,i tɕ m ɑː ʁ,,hindukush,,,^ i tɕ m ɑː ʁ $,default,37b82019785b3b6a788aab4320ee0cda 7f4c699e210fe8af0242b998ddae6acb
uzs-29-1,,uzs,29,qulɑːʁ,qulɑːʁ,q u l ɑː ʁ,,hindukush,,,^ q u l ɑː ʁ $,default,50fb6e5dd4022a1bd8057cea07d6508b b93add77d25d2e89306e8eaf40a70075
uzs-33-1,,uzs,33,kʉz,kʉz,k ʉ z,,hindukush,,,^ k ʉ z $,default,c211a92db32536cf868725a1a35ca79d 7fbfb36e55c453ba65ee6dc3185bdaa4
uzs-37-1,,uzs,37,ʉːt,ʉːt,ʉː t,,hindukush,,,^ ʉː t $,default,9b556e45a19ccec2f1e5d74d05ffb01d 623ccf035e2843a5aab02b6dc071a095
uzs-2-1,,uzs,2,baleχ,baleχ,b a l e χ,,hindukush,,,^ b a l e χ $,default,942a96a77029cc2932ff3d1b55014682 0fbf4217a5e793eb16d0be1c3e254e5f
uzs-6-1,,uzs,6,tula,tula,t u l a,,hindukush,,,^ t u l a $,default,a187feb878f8ad2c52b7ae29d053f449 1a9444c6bb3298ceff10031d4372e4c6
uzs-10-1,,uzs,10,qoːl,qoːl,q oː l,,hindukush,,,^ q oː l $,default,41bd1bb9fa02b8b3a71ce047adb76cc2 3c17ffd63b3fa18c1242dd5759d223cb
uzs-14-1,,uzs,14,iɕetmɑːʁ,iɕetmɑːʁ,i ɕ e t m ɑː ʁ,,hindukush,,,^ i ɕ e t m ɑː ʁ $,default,9301dbdfc63cd914417d771302eb36bc 1c07fd933db3cd5ea2c9acc0114dab29
uzs-18-1,,uzs,18,ɕɑːχ,ɕɑːχ,ɕ ɑː χ,,hindukush,,,^ ɕ ɑː χ $,default,586973a1c8edc83a12372a6f7e10139a 8f2863ce5b9f0cdcbf0b69e107d20548
uzs-22-1,,uzs,22,meːn,meːn,m eː n,,hindukush,,,^ m eː n $,default,e8fa67029af2d2203c9707b46c21bfa6 fa9179737381c841cecd57552c6c0e78
uzs-26-1,,uzs,26,tiːz,tiːz,t iː z,,hindukush,,,^ t iː z $,default,255e6a2b853cce514920d3092328ae26 ff77ca848e96cb2e6c235a61b8da3a50
uzs-30-1,,uzs,30,baːrg,baːrg,b aː r g,,hindukush,,,^ b aː r g $,default,f3ddf51e637fcb30e7c325e0570c4223 ce22c18446d68b751b205d068904286c
uzs-34-1,,uzs,34,baːʁɪr,baːʁɪr,b aː ʁ ɪ r,,hindukush,,,^ b aː ʁ ɪ r $,default,faa1c03db1598f3881b0d403017348a8 c98f26d036d007ab86f0120a28cecb0f
uzs-38-1,,uzs,38,bit,bit,b i t,,hindukush,,,^ b i t $,default,89213f40eb18435a0e3d3c606a4fc357 344c35f219f7680e58134df23e85dcd5
uzs-3-1,,uzs,3,"qɪra, gaza",qɪra,q ɪ r a,,hindukush,,,^ q ɪ r a $,default,b5fe556669cf57ad0f641f2cea49be82 52ec892e42364a57cf13e3b0aa57c8e1 3d57626ba7043f2c581a31e4e6b5dc82 855d703eefd070395a0c3a0c8594eafb
uzs-3-2,,uzs,3,"qɪra, gaza",gaza,g a z a,,hindukush,,,^ g a z a $,default,b5fe556669cf57ad0f641f2cea49be82 52ec892e42364a57cf13e3b0aa57c8e1 3d57626ba7043f2c581a31e4e6b5dc82 855d703eefd070395a0c3a0c8594eafb
uzs-7-1,,uzs,7,ɑːt,ɑːt,ɑː t,,hindukush,,,^ ɑː t $,default,7cb925e7e2255afe7c6d3a0d5c826f62 58f80aa83591b4c939cdca31e879b8e1
uzs-11-1,,uzs,11,jangi,jangi,j a n g i,,hindukush,,,^ j a n g i $,default,51bb3bed0ec64d3de55ff19f33f60c65 2a7aa2d1597e87480c1f16e8a3bebc71
uzs-15-1,,uzs,15,kɪtɕa,kɪtɕa,k ɪ tɕ a,,hindukush,,,^ k ɪ tɕ a $,default,67cbcb5434365142e2b62caf6e280316 05d0d19b6a3c74256714b1dcb24965ec
uzs-19-1,,uzs,19,burun,burun,b u r u n,,hindukush,,,^ b u r u n $,default,9ff0402fb17aca00477c153daa790d24 2a3e7ee3e7717864b112fd4320ea3aff
uzs-23-1,,uzs,23,bɪr,bɪr,b ɪ r,,hindukush,,,^ b ɪ r $,default,7cd2116f5251b5fcd5c81a76eebc24d7 f168dc3de05680278a1b308f72e4f780
uzs-27-1,,uzs,27,jəːl,jəːl,j əː l,,hindukush,,,^ j əː l $,default,c6117305594fa8045e29ab80b3654f74 a13ce72c41c5ce9febde476c35a5f8d2
uzs-31-1,,uzs,31,nafar,nafar,n a f a r,,hindukush,,,^ n a f a r $,default,e41a3424545e89b63c0b1463c311cf95 7c1082e7c9717a461535a13981cd96e7
uzs-35-1,,uzs,35,kʉrmɑːʁ,kʉrmɑːʁ,k ʉ r m ɑː ʁ,,hindukush,,,^ k ʉ r m ɑː ʁ $,default,d0f3e3e68f6be240c8ad73c77b2c10a6 dbaa0ce3d60f00ff3655f2082edf2404
uzs-39-1,,uzs,39,teːri,teːri,t eː r i,,hindukush,,,^ t eː r i $,default,a5b62ecb9e0f8d94a07fca2b0fcea962 f1bfb740ce5cfa6e2283efeadb5c04f8
uzs-4-1,,uzs,4,jʉldəz̥,jʉldəz̥,j ʉ l d ə z̥,,hindukush,,,^ j ʉ l d ə z̥ $,default,168f0a524acb69fe37deb9df00df016c 8011fefdcaf01ed5880f708c45cc61e3
uzs-8-1,,uzs,8,tɑːɕ,tɑːɕ,t ɑː ɕ,,hindukush,,,^ t ɑː ɕ $,default,61562ac3c1d009d6da5027db1d6c7f1c 7b0ee30cfd23c997121fc87e87568b72
uzs-12-1,,uzs,12,"ɑftɑːb, kunda kuzi",ɑftɑːb,ɑ f t ɑː b,,hindukush,,,^ ɑ f t ɑː b $,default,16bc653bb580941b21a2c2344846058f 2944cdc7b2d2a8454a34ca228282eb75 a3b121fed1f5ee58073230f8f560f86f 23d95eb47fc5c7a991e5c828bf0c009d
uzs-12-2,,uzs,12,"ɑftɑːb, kunda kuzi",kunda_kuzi,k u n d a + k u z i,,hindukush,,,^ k u n d a _ k u z i $,default,16bc653bb580941b21a2c2344846058f 2944cdc7b2d2a8454a34ca228282eb75 a3b121fed1f5ee58073230f8f560f86f 23d95eb47fc5c7a991e5c828bf0c009d
uzs-16-1,,uzs,16,til,til,t i l,,hindukush,,,^ t i l $,default,07aa3255402adac3a360c9212c3efe40 7da55dd0486a48eae45967f5a8408486
uzs-20-1,,uzs,20,tiːɕ,tiːɕ,t iː ɕ,,hindukush,,,^ t iː ɕ $,default,efb491e186fdb59f31bef72c48d64392 a915c537d8206e37777a2db0ca231346
uzs-24-1,,uzs,24,dəraχt,dəraχt,d ə r a χ t,,hindukush,,,^ d ə r a χ t $,default,2480ce1966f0f185a47e6426fc22885f 2b0e43b8dc42f0e67bfeeb9b07b2092f
uzs-28-1,,uzs,28,jikɪ,jikɪ,j i k ɪ,,hindukush,,,^ j i k ɪ $,default,a9382548e2398cfc9e7d4b055196f4d8 d02d2ed4f3ac2763861c3cf43f12f79a
uzs-32-1,,uzs,32,su,su,s u,,hindukush,,,^ s u $,default,6545d2b27a3a1240ffad26366bb9827b 6811440d0de32b2da2876936c270b3c4
uzs-36-1,,uzs,36,biz̥,biz̥,b i z̥,,hindukush,,,^ b i z̥ $,default,7f2c86ce99f22ea1a5705e6422552e8e f630bfa52409e0310a25961f2b990d29
uzs-40-1,,uzs,40,sen,sen,s e n,,hindukush,,,^ s e n $,default,e3dcc5ed4611c2b2e8043330c1d55151 d2053fbc6ac92941ec7bb666a5c87d93
wbk-1-1,,wbk,1,lɛ̤j,lɛ̤j,l ɛ̤ j,,hindukush,,,^ l ɛ̤ j $,default,86590d63be6ddd6b8717cad69c166e31 3b85675dc49184de41ba76935b764f5a
wbk-5-1,,wbk,5,əʈiː,əʈiː,ə ʈ iː,,hindukush,,,^ ə ʈ iː $,default,73dcabf581a60a4802ad8c84819ec4dc 0df61e79b1205c5799fb11e0be379ecc
wbk-9-1,,wbk,9,tɕytɕy,tɕytɕy,tɕ y tɕ y,,hindukush,,,^ tɕ y tɕ y $,default,2a37d7549ee2e13adaff52e494d1ceea bd591b716acd1639a1c0eaad6a04f46d
wbk-13-1,,wbk,13,eõ,eõ,e õ,,hindukush,,,^ eõ $,default,6361cfeb15c839d7c72f227927ccdef4 b750bd24684c0cb45ca18ccfd550bf64
wbk-17-1,,wbk,17,muɳuː,muɳuː,m u ɳ uː,,hindukush,,,^ m u ɳ uː $,default,88d72baaf9ecf1d8862632e60cd4d235 5d4d1108541a6ba5767c820220fbec4e
wbk-21-1,,wbk,21,tsũː,tsũː,ts ũː,,hindukush,,,^ ts ũː $,default,a11c19da553a99b18e1f97b8608435b6 ab638a79e580489c152fe777f775d6ff
wbk-25-1,,wbk,25,pijũː,pijũː,p i j ũː,,hindukush,,,^ p i j ũː $,default,bd2afe957b984f13835df18b40748d61 8aee851546a43001a578f36f5cfdd56d
wbk-29-1,,wbk,29,kar,kar,k a r,,hindukush,,,^ k a r $,default,15f8ffe4f22661c7077fa6dfb599e7cf 326eae3eed59044377605652f642a862
wbk-33-1,,wbk,33,atɕẽː,atɕẽː,a tɕ ẽː,,hindukush,,,^ a tɕ ẽː $,default,82c9123a49bc60ef1ca7f172618919a9 206df628755c95f31af1fd5952df314f
wbk-37-1,,wbk,37,aj,aj,a j,,hindukush,,,^ a j $,default,3e506d2821f24b5116077f926152d1b0 118669f10f302390036b76f87059407e
wbk-2-1,,wbk,2,mats,mats,m a ts,,hindukush,,,^ m a ts $,default,cda9ab7b8748f1beb1101aff19ef7c8b 549cab6f1d8372e14221e4bf978c1aba
wbk-6-1,,wbk,6,par,par,p a r,,hindukush,,,^ p a r $,default,c172fe2451fba4818b9c8323ab08a543 50409375e448d83b8e8ee47909beeff6
wbk-10-1,,wbk,10,doːɕ,doːɕ,d oː ɕ,,hindukush,,,^ d oː ɕ $,default,38f4d03e17a91ae39982b9d74c912bf5 dbae869b2b795256f5fdb0fff481ca44
wbk-14-1,,wbk,14,akardatũ,akardatũ,a k a r d a t ũ,,hindukush,,,^ a k a r d a t ũ $,default,6d1478108a0871957060f69bf3dd8013 cf3ba628f2366b6fd810dda2c8db274f
wbk-18-1,,wbk,18,ʂiŋ,ʂiŋ,ʂ i ŋ,,hindukush,,,^ ʂ i ŋ $,default,6b53da7710802d71c56b1f043f258628 63af60d282e27435dc0f5c1fd6c0733e
wbk-22-1,,wbk,22,aŋa,aŋa,a ŋ a,,hindukush,,,^ a ŋ a $,default,f8db474e6ca17fc06582615c95a58d75 3c8b533ae06b8ca1fe08a1b00741db7c
wbk-26-1,,wbk,26,aʂŋa,aʂŋa,a ʂ ŋ a,,hindukush,,,^ a ʂ ŋ a $,default,539f18597b73c03b2c46c6ba3f89e33b 7528d0d1828dfee3c92eec420a025926
wbk-30-1,,wbk,30,poʈ,poʈ,p o ʈ,,hindukush,,,^ p o ʈ $,default,ce0fb02ce93d59d90844ffa807f148ba d3a4ad1ab2f9f7fa118d08fa8a8c69bd
wbk-34-1,,wbk,34,jɔk,jɔk,j ɔ k,,hindukush,,,^ j ɔ k $,default,b02d20a1a1b1c104b99fe5cce52ba91c 3ea19e9649e9a520ef2614e082a3f0cf
wbk-38-1,,wbk,38,wyː,wyː,w yː,,hindukush,,,^ w yː $,default,7b664fc277ef0c83b1b9b9f83b07ef07 c3cefbccba836a3b42150df16cab43ae
wbk-3-1,,wbk,3,daː,daː,d aː,,hindukush,,,^ d aː $,default,091e4f74dfe4414e19344cb7ef7d0fb3 014180dfa1228ec2fda80589a413c448
wbk-7-1,,wbk,7,naːm,naːm,n aː m,,hindukush,,,^ n aː m $,default,93e81468e9095288bc7f34e8c0192b55 0f58b7812ca0df383bc2b1dd55a7f97e
wbk-11-1,,wbk,11,nuŋə,nuŋə,n u ŋ ə,,hindukush,,,^ n u ŋ ə $,default,9ea46b1225ec5d99cb664117b0080023 b40433e8d85e5e6ef19277745b03f112
wbk-15-1,,wbk,15,wot,wot,w o t,,hindukush,,,^ w o t $,default,e49ed847b7832b3fab6e41a7511d67b3 d1837ad62a796f931743c100ccf2f36d
wbk-19-1,,wbk,19,nas,nas,n a s,,hindukush,,,^ n a s $,default,411b22b38ce8e7597388b68007be60eb b584c0e62af860bb402c51e7292e8570
wbk-23-1,,wbk,23,ev,ev,e v,,hindukush,,,^ e v $,default,0262d4e10629c301a51298e2d8ea6cad 6920e52ad7018acd49002ad70855ab3c
wbk-27-1,,wbk,27,punt,punt,p u n t,,hindukush,,,^ p u n t $,default,41eec068c618e71fca22b0151a83ad19 7afd496444b917763e0f0a440b72250e
wbk-31-1,,wbk,31,manaʂ,manaʂ,m a n a ʂ,,hindukush,,,^ m a n a ʂ $,default,637ef0a8f761ac09732371474d3726e0 ac596f4b16a0e4d305b52c2111c1b2bc
wbk-35-1,,wbk,35,wẽːɻu,wẽːɻu,w ẽː ɻ u,,hindukush,,,^ w ẽː ɻ u $,default,13d1ea5b7d43745fbe98502a5aafb632 0f926c1fc85f4a98a7f803d22a9aa9d5
wbk-39-1,,wbk,39,t͡ʃam,t͡ʃam,tʃ a m,,hindukush,,,^ t͡ʃ a m $,default,c52cf831aa97bf1f9a63baebc7739363 46c709fb5ecbcf5fcfc0444e9ef06e49
wbk-4-1,,wbk,4,tara,tara,t a r a,,hindukush,,,^ t a r a $,default,75d194f9fd07adec10f5440e6dd76a73 aeb72a41bb2344d0974cae07346c4006
wbk-8-1,,wbk,8,waːʈ,waːʈ,w aː ʈ,,hindukush,,,^ w aː ʈ $,default,f16f102620a74ff575fcb765a3248da9 252224157fb3c77c7b3134bcd313afa9
wbk-12-1,,wbk,12,sø,sø,s ø,,hindukush,,,^ s ø $,default,11826cbe43cede49f4d69b25e7383ae7 535301b44b7febcb550ad03a95da5e1d
wbk-16-1,,wbk,16,dʑib,dʑib,dʑ i b,,hindukush,,,^ dʑ i b $,default,db7c2f7fb224ddcb7b036a503cfc973f 1fd6976752e049dfa956346bbe8a3e5f
wbk-20-1,,wbk,20,dunt,dunt,d u n t,,hindukush,,,^ d u n t $,default,9797ee8a11143b3a5b24c3ef03d55597 c6140bfef257fa616f78da4285e3cec8
wbk-24-1,,wbk,24,dʑala,dʑala,dʑ a l a,,hindukush,,,^ dʑ a l a $,default,cc5a0959f041b9b3e31658a5f5348cee dac8e841ba747a420868f5d68e923d9e
wbk-28-1,,wbk,28,dyː,dyː,d yː,,hindukush,,,^ d yː $,default,f938798b11f0f0d5d23ffc7227d5abae 1f9cf8e612712bb2c6dd09461cc6b613
wbk-32-1,,wbk,32,aːv,aːv,aː v,,hindukush,,,^ aː v $,default,186bbed9f7acd44b5a31db9fd9ca2af5 81615e05a8dac16d9b9facc25a7835b1
wbk-36-1,,wbk,36,æmi,æmi,æ m i,,hindukush,,,^ æ m i $,default,d41f5ec6b9388f7bda7c00ddf24760aa b1e7178174e77ebfb9dc81cfd66a5917
wbk-40-1,,wbk,40,tyː,tyː,t yː,,hindukush,,,^ t yː $,default,a8dc8a1e1f6b54b0f05872aad00e2754 1ab1ebdc65b81278f8a880bb6da253ab
wbl_a-1-1,,wbl_a,1,χɨːn,χɨːn,χ ɨː n,,hindukush,,,^ χ ɨː n $,default,f1018aea75beeeb2976c1ec0f382a6b4 6c2fe9d19b735a51eea870b42fad3465
wbl_a-5-1,,wbl_a,5,jaːɕtɕ,jaːɕtɕ,j aː ɕ tɕ,,hindukush,,,^ j aː ɕ tɕ $,default,6707c9afa39b5abe52c880de73b75c63 028bec6e21d7ca81bcd6e0cbeb5574d7
wbl_a-9-1,,wbl_a,9,baːp,baːp,b aː p,,hindukush,,,^ b aː p $,default,5d084e021268000fcceb833656087745 1640476cc35f92459e11f2492a16e456
wbl_a-13-1,,wbl_a,13,wɨzjaːk,wɨzjaːk,w ɨ z j aː k,,hindukush,,,^ w ɨ z j aː k $,default,89a45168e9a553844b911ccdbcd3bb5a 2428fa1f324bbe8572af382187445194
wbl_a-17-1,,wbl_a,17,mɨrt,mɨrt,m ɨ r t,,hindukush,,,^ m ɨ r t $,default,f6efd549e0107275491ce8aa6887101e f5dfe71ab15bd49d88c8c87de446ef72
wbl_a-21-1,,wbl_a,21,ɕaːtɕ,ɕaːtɕ,ɕ aː tɕ,,hindukush,,,^ ɕ aː tɕ $,default,503750386ba4146efda383d98b9e2a1f a28ad50667fa3439fa2ac34714a97a3a
wbl_a-25-1,,wbl_a,25,piːtaːk,piːtaːk,p iː t aː k,,hindukush,,,^ p iː t aː k $,default,ed63f405160d4eaca6c54af1cf472d8e 4ea47dc37f472cf52a87f70301915f53
wbl_a-29-1,,wbl_a,29,ɣiːɕ,ɣiːɕ,ɣ iː ɕ,,hindukush,,,^ ɣ iː ɕ $,default,f8a854f39e20ffdfa9745aa01ce4ff3f cb1d49905ba5be63df2c370aac3f5fd1
wbl_a-33-1,,wbl_a,33,ʈʂəːʐəm,ʈʂəːʐəm,ʈʂ əː ʐ ə m,,hindukush,,,^ ʈʂ əː ʐ ə m $,default,40a67268c63d8ace83cf2a399cc7b972 e760f285290128a0b5dc00d06a14a51c
wbl_a-37-1,,wbl_a,37,raχniːg,raχniːg,r a χ n iː g,,hindukush,,,^ r a χ n iː g $,default,5d19da82f12562f9c60f00fc63511180 dd7c1cb3900aa73e8ed87115d5e7e2a8
wbl_a-2-1,,wbl_a,2,kuːp,kuːp,k uː p,,hindukush,,,^ k uː p $,default,7e2d00eb49032eaf040808356f4b3ee9 90b2b11200dbf0feafbb514aea063105
wbl_a-6-1,,wbl_a,6,tqiː,tqiː,t q iː,,hindukush,,,^ t q iː $,default,1ab361d10a919b1c30b311ef03db8206 57447855a7d132596a5f6e34bdcf7469
wbl_a-10-1,,wbl_a,10,dast,dast,d a s t,,hindukush,,,^ d a s t $,default,738f4db01795f754af8012ab661b2aeb d13cef82d6974b875043a053ce7e8dc2
wbl_a-14-1,,wbl_a,14,kʂəjɨːk,kʂəjɨːk,k ʂ ə j ɨː k,,hindukush,,,^ kʂ ə j ɨː k $,default,6b204a36ccf923aea95091224ab6986d 0d25d18db09ea995254b4fa0723d58a6
wbl_a-18-1,,wbl_a,18,ʂəːw,ʂəːw,ʂ əː w,,hindukush,,,^ ʂ əː w $,default,119c10cc099b5493b8ad871a088ce6b4 332f3f8f4e2ba247a930bbb1c7bdac96
wbl_a-22-1,,wbl_a,22,uːz,uːz,uː z,,hindukush,,,^ uː z $,default,83360a7300ab44678d7b2ceaa724b2f5 1942f9e0c83a88d8c668d336cca572f3
wbl_a-26-1,,wbl_a,26,bəriːn,bəriːn,b ə r iː n,,hindukush,,,^ b ə r iː n $,default,318af9d34f24538a36c751d9c5cb6c2f 2e75ae84e38da78b96b9e60bd45f3ab1
wbl_a-30-1,,wbl_a,30,paːɬtɕ,paːɬtɕ,p aː ɬ tɕ,,hindukush,,,^ p aː ɬ tɕ $,default,69a69c79a61d57fede6cf5db2cf624fa 281651fdc662ae940b18ef1d9db3cd64
wbl_a-34-1,,wbl_a,34,dʑigaːr,dʑigaːr,dʑ i g aː r,,hindukush,,,^ dʑ i g aː r $,default,a3e11cd408d56f531df4af11ff759fd8 acabaa8d77832f6edb504f5a1a25fff9
wbl_a-38-1,,wbl_a,38,ɕiːɕ,ɕiːɕ,ɕ iː ɕ,,hindukush,,,^ ɕ iː ɕ $,default,cc1d8688afcc59c2fba8f4834b38cd5c b6765ac96e4b799b21fb7ae859bc7a64
wbl_a-3-1,,wbl_a,3,kuː,kuː,k uː,,hindukush,,,^ k uː $,default,45860b9e182966f99431cefb1093143c 5efbfde729dcd17b836a2ce94065b6b6
wbl_a-7-1,,wbl_a,7,nuŋg,nuŋg,n u ŋ g,,hindukush,,,^ n u ŋ g $,default,3f77191ff6fb79fab15b46def8f3b3f4 6ba4740932f3d5fbbb873cdf8536e4ae
wbl_a-11-1,,wbl_a,11,ʂəːɣd,ʂəːɣd,ʂ əː ɣ d,,hindukush,,,^ ʂ əː ɣ d $,default,61b3c61b704a1b0dc2281d72adea869b 961078af62e33dda5a6fb3204d825f6a
wbl_a-15-1,,wbl_a,15,naːɣd,naːɣd,n aː ɣ d,,hindukush,,,^ n aː ɣ d $,default,55366aa1e1e22a46c3ed7d06831d19fb b70a21094ccff8f5f9a99384251ff8c4
wbl_a-19-1,,wbl_a,19,miːs,miːs,m iː s,,hindukush,,,^ m iː s $,default,8cb7b0fdd27103e412df03cbbca7a909 38f61ee67f64d434e901489a938c1474
wbl_a-23-1,,wbl_a,23,iːju,iːju,iː j u,,hindukush,,,^ iː j u $,default,1632623e766e0337d694960e652b84c4 793915d335b06118dfd62dfee7172ba3
wbl_a-27-1,,wbl_a,27,vədəːk,vədəːk,v ə d əː k,,hindukush,,,^ v ə d əː k $,default,dfc91d82b65fdbf5a6a41692883fb3a9 725e825d16a41319794cf1cde5f0461a
wbl_a-31-1,,wbl_a,31,χaːlk,χaːlk,χ aː l k,,hindukush,,,^ χ aː l k $,default,a3796d27340d479e695bea6fa7582db0 855cacb1cd240f96659ec067c72d2aa3
wbl_a-35-1,,wbl_a,35,wiːnak,wiːnak,w iː n a k,,hindukush,,,^ w iː n a k $,default,7d93b53780d21d1438b3de47fd2f371d b922d8b5de93ae1a48d14a4dac95708a
wbl_a-39-1,,wbl_a,39,piːst,piːst,p iː s t,,hindukush,,,^ p iː s t $,default,5f9600469698b280b9c5e8617cc37b9c 18e30d9662fd05dd67c966b111239a36
wbl_a-4-1,,wbl_a,4,sɨtaːr,sɨtaːr,s ɨ t aː r,,hindukush,,,^ s ɨ t aː r $,default,c356ac0939a6c5bfb2a8cfba82e0e3d0 1482fa0cdee68d1954beac477cf9c290
wbl_a-8-1,,wbl_a,8,ɣaːr,ɣaːr,ɣ aː r,,hindukush,,,^ ɣ aː r $,default,d80b29220fce1ce5699a2763d5192c54 9540008fed840bbacdcaed4efbea10b5
wbl_a-12-1,,wbl_a,12,iːr,iːr,iː r,,hindukush,,,^ iː r $,default,30b493ae9767a384205b91dd059e65e3 2fe45f61d0ca0bd8e17834c2ad448c97
wbl_a-16-1,,wbl_a,16,ziːk,ziːk,z iː k,,hindukush,,,^ z iː k $,default,af6a14b9cfe19c51d5210ca807a78f73 b1372f498a8f0a8ed521052ad8b0b3ea
wbl_a-20-1,,wbl_a,20,dəndɨːk,dəndɨːk,d ə n d ɨː k,,hindukush,,,^ d ə n d ɨː k $,default,1c5a6492aef7231855183826c68285a4 6a61a77010591bd4187d76ddbaaf2c96
wbl_a-24-1,,wbl_a,24,draːχt,draːχt,d r aː χ t,,hindukush,,,^ d r aː χ t $,default,b5d4164c6da892927848a73e8954bdeb cbee0e0373cb2361dd568af3362bc993
wbl_a-28-1,,wbl_a,28,buːj,buːj,b uː j,,hindukush,,,^ b uː j $,default,ba0e5140fe937de1824fc1b1cd48a566 d7026e2a32bc5878615b07a21823342b
wbl_a-32-1,,wbl_a,32,juːpk,juːpk,j uː p k,,hindukush,,,^ j uː p k $,default,d2bee6a4677d945383e52c8043d1b5c5 9b75fd5c18e1e573a66c87fef5934292
wbl_a-36-1,,wbl_a,36,saːk,saːk,s aː k,,hindukush,,,^ s aː k $,default,71541239da59f55849108409639a6a7a 45f3e1f846ac6839a90ac694b5122ff3
wbl_a-40-1,,wbl_a,40,tuː,tuː,t uː,,hindukush,,,^ t uː $,default,e7c488d90143f57b1e622afed73e0dbb a784ded675db45f5a3308f6102eb9c47
wbl_p-1-1,,wbl_p,1,wuxen,wuxen,w u x e n,,hindukush,,,^ w u x e n $,default,407a31b23acc48f96b8b997978e301d6 d66cff946a20bc9c0eb5ca3fb2f0367b
wbl_p-5-1,,wbl_p,5,jaɕtɕ,jaɕtɕ,j a ɕ tɕ,,hindukush,,,^ j a ɕ tɕ $,default,c2b230490cb6c705b3a274dd64eeaf36 f29196a43e5260ea8cfc4b15978fbd57
wbl_p-9-1,,wbl_p,9,pɨːz,pɨːz,p ɨː z,,hindukush,,,^ p ɨː z $,default,4ed01829b52cdad136de75cc412f0533 6feaf1d3e612236d2ead089d071d8a02
wbl_p-13-1,,wbl_p,13,wez,wez,w e z,,hindukush,,,^ w e z $,default,e17f3123617e6ef6030d8a434da5a94e b8fe99679b3d4570cc4ab5f8872cf326
wbl_p-17-1,,wbl_p,17,marg,marg,m a r g,,hindukush,,,^ m a r g $,default,5a73add461ad0e2bffceabd0200ec022 d65be5b4fa54be498b6798772a312f41
wbl_p-21-1,,wbl_p,21,ɕatɕ,ɕatɕ,ɕ a tɕ,,hindukush,,,^ ɕ a tɕ $,default,20e2ad076543b344be402191d22f9435 7cea70b95f163615506690228b4cfd5a
wbl_p-25-1,,wbl_p,25,pitən,pitən,p i t ə n,,hindukush,,,^ p i t ə n $,default,3b91ef6c4a59d1463a097f8d4e46e167 37c3c6d84c978afbb2102eb9c88e8406
wbl_p-29-1,,wbl_p,29,ɣiʂ,ɣiʂ,ɣ i ʂ,,hindukush,,,^ ɣ i ʂ $,default,e15dc35e614a37bb43ff80364ec65840 3f865815822eba1339d8ea603241210d
wbl_p-33-1,,wbl_p,33,ʈʂeʐəm,ʈʂeʐəm,ʈʂ e ʐ ə m,,hindukush,,,^ ʈʂ e ʐ ə m $,default,b7d3fd6a6855cc555383d956d53328ae 49d4d09aafa87af022519093deb52019
wbl_p-37-1,,wbl_p,37,raχniːʁ,raχniːʁ,r a χ n iː ʁ,,hindukush,,,^ r a χ n iː ʁ $,default,6378a0ac184e5ab9433634e253c28295 45306c79116d3966ccc3d43ff2531bf3
wbl_p-2-1,,wbl_p,2,kup,kup,k u p,,hindukush,,,^ k u p $,default,e0531cc582b64124235b66d8630aeff5 7d56f0550f214c34ef66fbd20dc82645
wbl_p-6-1,,wbl_p,6,tiɖeːq,tiɖeːq,t i ɖ eː q,,hindukush,,,^ t i ɖ eː q $,default,6482faba61e40f0e402282d268f95e40 6a69974667d655505aab992b519a1b6e
wbl_p-10-1,,wbl_p,10,ðast,ðast,ð a s t,,hindukush,,,^ ð a s t $,default,d0418358b46bbd1feec148f3e483c31c 7e7fd306f66c6ce8495f031fd5906162
wbl_p-14-1,,wbl_p,14,kʂɨjn,kʂɨjn,k ʂ ɨ j n,,hindukush,,,^ kʂ ɨ j n $,default,185505af3878bbccf8460cc7994063be 16c2080855d8382e0fd8a6d0bac700dc
wbl_p-18-1,,wbl_p,18,ʂew,ʂew,ʂ e w,,hindukush,,,^ ʂ e w $,default,8a22e7aecf950c1a444d98ebb02def22 97c39eb5f7bd71a3db33420bcb265078
wbl_p-22-1,,wbl_p,22,wuz,wuz,w u z,,hindukush,,,^ w u z $,default,dbed41e24a0dec9b5d3cc5e596fe9bf9 5a0c2a72a353f0361f2c64264aea31e1
wbl_p-26-1,,wbl_p,26,berin,berin,b e r i n,,hindukush,,,^ b e r i n $,default,b845c671f1e86cb2a585f483bcbcf9e6 6ce8ca3c7345c1d6ea7f6223f1e87dc8
wbl_p-30-1,,wbl_p,30,paɬtɕ,paɬtɕ,p a ɬ tɕ,,hindukush,,,^ p a ɬ tɕ $,default,fecae36ef14a5936f370148480c5af83 0f94f7d89e09ffc7f7f6935ae6b46089
wbl_p-34-1,,wbl_p,34,dʑigar,dʑigar,dʑ i g a r,,hindukush,,,^ dʑ i g a r $,default,0aef9d8bb68e5dd541ad98ddbe6dda1e 0ba034eba5680b80f7cf05559f61f22e
wbl_p-38-1,,wbl_p,38,ɕiɕ,ɕiɕ,ɕ i ɕ,,hindukush,,,^ ɕ i ɕ $,default,10adfe9eb1ba18507a34e172bea0ba06 6cca267d2080bb0e3300184b6ccdbb07
wbl_p-3-1,,wbl_p,3,kuh,kuh,k u h,,hindukush,,,^ k u h $,default,c3b95b5fcf968be9e9dea0feaee7641c 305a0e3856f209fbf837ab3e1f2986b4
wbl_p-7-1,,wbl_p,7,nuŋg,nuŋg,n u ŋ g,,hindukush,,,^ n u ŋ g $,default,dd05d711f890473f7dd4ec5304eea2b0 7ae480dffa034b4cec5b8fc36b42d05d
wbl_p-11-1,,wbl_p,11,ʂeɣd,ʂeɣd,ʂ e ɣ d,,hindukush,,,^ ʂ e ɣ d $,default,e521e0f23280a89fb1ad6deb86dd8406 472aa812f93c5fb2b7a2f771cd7c2c0d
wbl_p-15-1,,wbl_p,15,naʁd,naʁd,n a ʁ d,,hindukush,,,^ n a ʁ d $,default,529a1aa7086de2e9bcb72680a16fd73d 00185943963a15edc79edfb80860fe39
wbl_p-19-1,,wbl_p,19,mis,mis,m i s,,hindukush,,,^ m i s $,default,8a20a8a5f5d89dfa64ab031bfedad8d9 3fb9499efb9e0fd8a996f9128b91638a
wbl_p-23-1,,wbl_p,23,jiw,jiw,j i w,,hindukush,,,^ j i w $,default,4373b00ef4583e570e8304cf8bf8b794 0d3e17a87f4c1072605f4b2183b4f4de
wbl_p-27-1,,wbl_p,27,fədek,fədek,f ə d e k,,hindukush,,,^ f ə d e k $,default,f37be909554a28782d1ac633184d79c7 131b52e2d3a309e619622fabcd4b598a
wbl_p-31-1,,wbl_p,31,xalg,xalg,x a l g,,hindukush,,,^ x a l g $,default,5d9e8202300f6cc92a7612b4fa2c856a 031be437c18a1a57fcdd50508087645b
wbl_p-35-1,,wbl_p,35,wiŋg,wiŋg,w i ŋ g,,hindukush,,,^ w i ŋ g $,default,b1a6275cfe6cc567736a79637711e67b 9d94a1509d28653f0ada853c24e4018e
wbl_p-39-1,,wbl_p,39,pist,pist,p i s t,,hindukush,,,^ p i s t $,default,461fb138f5d816083ac8a639f1006428 8429e57987e16b13eed5df16a3474f80
wbl_p-4-1,,wbl_p,4,stɔːr,stɔːr,s t ɔː r,,hindukush,,,^ s t ɔː r $,default,3d2a9e726a23cac389b45098fab8faa4 bfe1b7135a5976e731c032cdbc2e83c4
wbl_p-8-1,,wbl_p,8,ɣaːr,ɣaːr,ɣ aː r,,hindukush,,,^ ɣ aː r $,default,f4e4b46bb6ba6191126e1e8d0bbd9744 aec3d6357273bd4fb0467095cd9fa95a
wbl_p-12-1,,wbl_p,12,jiːr,jiːr,j iː r,,hindukush,,,^ j iː r $,default,d6d0eb0663a1de7c92bb58d284d727a8 bdfde350ec6cfe0a22916b0b54f9f6e9
wbl_p-16-1,,wbl_p,16,zik,zik,z i k,,hindukush,,,^ z i k $,default,9530e29a24024843256ab0924684a02f 40a75993a7b4e5aa9014d6cf62a1ca71
wbl_p-20-1,,wbl_p,20,dɨndɨk,dɨndɨk,d ɨ n d ɨ k,,hindukush,,,^ d ɨ n d ɨ k $,default,9acd2f6f21d10e77a02f62fdab3a6acc 0a171c9f522d590f02f44134ba760342
wbl_p-24-1,,wbl_p,24,draxt,draxt,d r a x t,,hindukush,,,^ d r a x t $,default,7670310fbff7a9c3e6faf8854123a0a2 c4464b1e161e2ea05d07128c0914fa4f
wbl_p-28-1,,wbl_p,28,buːj,buːj,b uː j,,hindukush,,,^ b uː j $,default,ec6f2712d0635bd91d4d93e55bbaad97 a98e227f789961d9817fd7aef164473d
wbl_p-32-1,,wbl_p,32,jupk,jupk,j u p k,,hindukush,,,^ j u p k $,default,64401bde44be7c4259a9cb49076a1842 68aa8366ce181b8c8a6444106e4ed673
wbl_p-36-1,,wbl_p,36,sak,sak,s a k,,hindukush,,,^ s a k $,default,0ba426c0d0051e03ad533b9aa43933c4 dd4f6a0698964385bfdc1ab862b8e3d3
wbl_p-40-1,,wbl_p,40,tu,tu,t u,,hindukush,,,^ t u $,default,c3c7a051a2d9e6061fd0d21a6e9a8aa9 8fc90e762bba539af69015f1292fb64e
ydg-1-1,,ydg,1,iːno,iːno,iː n o,,hindukush,,,^ iː n o $,default,248807eb98349e1d3f9df80b0b278f84 80ba29e80d2235e855b4b05e5e1a01d6
ydg-5-1,,ydg,5,jastə,jastə,j a s t ə,,hindukush,,,^ j a s t ə $,default,f807541f57fd95e963fd594e84cea633 a1bf6c051ca376f4ae51e917b87ae605
ydg-9-1,,ydg,9,ihtɕiːn,ihtɕiːn,i h tɕ iː n,,hindukush,,,^ i h tɕ iː n $,default,92dc2b91a12ec1f318e496f767e09917 e44d66c51fed54dcf17949f39516bc58
ydg-13-1,,ydg,13,aʁoja,aʁoja,a ʁ o j a,,hindukush,,,^ a ʁ o j a $,default,78abf7acf5a096015981b45df57ee2ea c66fbc0035ed615f6f358337daade5d4
ydg-17-1,,ydg,17,muɽo,muɽo,m u ɽ o,,hindukush,,,^ m u ɽ o $,default,2b27b675f271ee405acd81914f9b47d7 fdd249864ddc8d457253a48f48ec7974
ydg-21-1,,ydg,21,ʁalv,ʁalv,ʁ a l v,,hindukush,,,^ ʁ a l v $,default,a84d9cf4715eb3f32ef129d5284a6c1c d09bfc058391306f6620f1feac586dfd
ydg-25-1,,ydg,25,ɕemda,ɕemda,ɕ e m d a,,hindukush,,,^ ɕ e m d a $,default,3f2027475182f079982f55da18aaab2a 019ce677f3c4b6044496f377c48e17cb
ydg-29-1,,ydg,29,ʁuː,ʁuː,ʁ uː,,hindukush,,,^ ʁ uː $,default,c38927c5f79c84e9da4ff8c951c5b6bd 0f74dc1872f3843b61cf3fc73115053a
ydg-33-1,,ydg,33,tɕaːm,tɕaːm,tɕ aː m,,hindukush,,,^ tɕ aː m $,default,02081f6eea04fd7fe45cf1b99f020121 7767d754071a70f4b59033fa8c16a485
ydg-37-1,,ydg,37,juːɽa,juːɽa,j uː ɽ a,,hindukush,,,^ j uː ɽ a $,default,5327bdc7bd66f2ce0841a0bc183e6060 9668f4716d7d0be011ff2fc001299da9
ydg-2-1,,ydg,2,kab,kab,k a b,,hindukush,,,^ k a b $,default,cd22e4cf66300c4716eb24233447c9f1 e38ff3dcc4c9f230e491fa2df9774293
ydg-6-1,,ydg,6,pʰər,pʰər,pʰ ə r,,hindukush,,,^ pʰ ə r $,default,31469f7f7b12b03b19243df7bd78ac24 826140b9692dee164935ca1333a3cb29
ydg-10-1,,ydg,10,last,last,l a s t,,hindukush,,,^ l a s t $,default,3deced0d4e5d5f6c7eef642a701a5e9a e69b6de8ff28c33e6e75046664b8ceb0
ydg-14-1,,ydg,14,ʁuleta,ʁuleta,ʁ u l e t a,,hindukush,,,^ ʁ u l e t a $,default,67faeebc3480ed72e21de82a248666bc d5bff12cc6aa5b804d58678f8b3a540e
ydg-18-1,,ydg,18,ʂu,ʂu,ʂ u,,hindukush,,,^ ʂ u $,default,3e8f19c4a1f2859c57cbae31b75665ef aee3d01d1a0cac155ef640d3d7c775fb
ydg-22-1,,ydg,22,zoː,zoː,z oː,,hindukush,,,^ z oː $,default,61d9202996b4dbc3382deda2375f97b8 1a4cd85e79a63144e5793867f8aa637c
ydg-26-1,,ydg,26,zig,zig,z i g,,hindukush,,,^ z i g $,default,09d5b6f7c946b693b1064f617e174006 eab783ec26a0a0adad163a8d2caff3db
ydg-30-1,,ydg,30,pənak,pənak,p ə n a k,,hindukush,,,^ p ə n a k $,default,6924162c14b0b612cb0a52d963f1ba95 2e043de1ad67bce09e99c360e17acb40
ydg-34-1,,ydg,34,dʑigar,dʑigar,dʑ i g a r,,hindukush,,,^ dʑ i g a r $,default,42ef8eb60a83acea42f48b6ebc328494 cdda4495fa3b117e4cc73c59264e79d3
ydg-38-1,,ydg,38,ʂupwoː,ʂupwoː,ʂ u p w oː,,hindukush,,,^ ʂ u pw oː $,default,12800b1ba58f0b1476252a4d1c730f31 3e9d02c195f351daf06e87d7ada7eb5d
ydg-3-1,,ydg,3,vənəʁaroː,vənəʁaroː,v ə n ə ʁ a r oː,,hindukush,,,^ v ə n ə ʁ a r oː $,default,45803bad6afa6cc3b5607bc8d29ecb1d 8b048c160fb26d482658db2d42b98a99
ydg-7-1,,ydg,7,naːm,naːm,n aː m,,hindukush,,,^ n aː m $,default,8f1ffd79a630974f5c5ae9e1af029ce9 194fd7ab8096f071dd09dbf5590441e2
ydg-11-1,,ydg,11,nuː,nuː,n uː,,hindukush,,,^ n uː $,default,9ea85c1e0e78feec81813d050e65d955 3e1aea98574c04c0c7503e4a5f5822fa
ydg-15-1,,ydg,15,χʂawoː,χʂawoː,χ ʂ a w oː,,hindukush,,,^ χʂ a w oː $,default,718731b1881de90e04cfa2ee01a2ff90 6a85c5898efbd8e1cbbc5f5700911d53
ydg-19-1,,ydg,19,fɪskoː,fɪskoː,f ɪ s k oː,,hindukush,,,^ f ɪ s k oː $,default,8ec9b4cbc8484ef6d80deda6b7d4fbb1 16330d31ddae64be5c31162f5ef46a2e
ydg-23-1,,ydg,23,juː,juː,j uː,,hindukush,,,^ j uː $,default,20119fa6fa78d5d7d1db56a9d28c4017 89f150f04a33b5471ce30ebcf52119f4
ydg-27-1,,ydg,27,paːdu,paːdu,p aː d u,,hindukush,,,^ p aː d u $,default,5eee4f6b324f4d6878eae6a12ae73283 03af67fe9003cfdb38015e377e27e438
ydg-31-1,,ydg,31,maɽa,maɽa,m a ɽ a,,hindukush,,,^ m a ɽ a $,default,14e20d0a8ac53335ee03fa5cc29aa2b7 9f8ae1844070139d15f98cd60e324516
ydg-35-1,,ydg,35,uʐɽa,uʐɽa,u ʐ ɽ a,,hindukush,,,^ u ʐ ɽ a $,default,c899fc38116a314ff9becce0fdc0c22d 4960f376099e8793cdd7ecbeb57a238a
ydg-39-1,,ydg,39,tiːz,tiːz,t iː z,,hindukush,,,^ t iː z $,default,9a9890d4d014cdd55c1a32ddf3d33831 b660fa8f5af358d0c3ae502613ca041e
ydg-4-1,,ydg,4,sətaːrə,sətaːrə,s ə t aː r ə,,hindukush,,,^ s ə t aː r ə $,default,3390d64017ae1bfe1de52aec733cab85 c64cc890da92b3bf4bee93e401a35aa0
ydg-8-1,,ydg,8,ʁar,ʁar,ʁ a r,,hindukush,,,^ ʁ a r $,default,7826c0ae875a9ccb2c91a10a074a2c9b 40981b18073d0294ff88a2f38c9e9f4d
ydg-12-1,,ydg,12,miːra,miːra,m iː r a,,hindukush,,,^ m iː r a $,default,f76285c758e9c192bf69b85e8ec673df de5c84722148c37233be95bcd0623f40
ydg-16-1,,ydg,16,zəbiːʁ,zəbiːʁ,z ə b iː ʁ,,hindukush,,,^ z ə b iː ʁ $,default,0ad8ff0fb2b5af21b5a2ec5b94d6890c f22f10c61b0158fe413af05867d60542
ydg-20-1,,ydg,20,laːd,laːd,l aː d,,hindukush,,,^ l aː d $,default,a4e044c808a305f5774c00fa761a4d94 1211e818372a0825ba9e11d0baa69bc6
ydg-24-1,,ydg,24,draχt,draχt,d r a χ t,,hindukush,,,^ d r a χ t $,default,abe63a7fe48d0fe05031a29ace908f45 fd47fd582b79cb994f3829c0cce31aa9
ydg-28-1,,ydg,28,loh,loh,l o h,,hindukush,,,^ l o h $,default,3a7683959f91d7f24a82d605a6be58e4 244a996ca2041cd1a9593ecf9d912919
ydg-32-1,,ydg,32,jaʁo,jaʁo,j a ʁ o,,hindukush,,,^ j a ʁ o $,default,9c6be47efcb7114e00c908f9dd5bf59a f07f0deac57b86ac9f61f65495df569e
ydg-36-1,,ydg,36,maχ,maχ,m a χ,,hindukush,,,^ m a χ $,default,1bd8aecea15cb3f4617d3459e4493f4a 35c269106f71c7f89e10909f625b0ffe
ydg-40-1,,ydg,40,tu,tu,t u,,hindukush,,,^ t u $,default,b8bbccdf76e0e38fe99feb6cc29ca222 5821d2d81641bef0fe10191c27641d99
ask-Kinship-father-1,,ask,Kinship-father,daj,daj,d a j,,hindukush,,,^ d a j $,default,
ask-Kinship-mother-1,,ask,Kinship-mother,aɽaj,aɽaj,a ɽ a j,,hindukush,,,^ a ɽ a j $,default,
ask-Kinship-parent-1,,ask,Kinship-parent,aɽaw daj,aɽaw_daj,a ɽ a w + d a j,,hindukush,,,^ a ɽ a w _ d a j $,default,
ask-Kinship-son-1,,ask,Kinship-son,zagə,zagə,z a g ə,,hindukush,,,^ z a g ə $,default,
ask-Kinship-daughter-1,,ask,Kinship-daughter,zu,zu,z u,,hindukush,,,^ z u $,default,
ask-Kinship-ownchild-1,,ask,Kinship-ownchild,pɽa,pɽa,p ɽ a,,hindukush,,,^ p ɽ a $,default,
ask-Kinship-brother-1,,ask,Kinship-brother,bɽə,bɽə,b ɽ ə,,hindukush,,,^ b ɽ ə $,default,
ask-Kinship-sister-1,,ask,Kinship-sister,sus,sus,s u s,,hindukush,,,^ s u s $,default,
ask-Kinship-olderbrother-1,,ask,Kinship-olderbrother,awlaːk bɽə,awlaːk_bɽə,a w l aː k + b ɽ ə,,hindukush,,,^ a w l aː k _ b ɽ ə $,default,
ask-Kinship-youngerbrother-1,,ask,Kinship-youngerbrother,laguraːk bɽə,laguraːk_bɽə,l a g u r aː k + b ɽ ə,,hindukush,,,^ l a g u r aː k _ b ɽ ə $,default,
ask-Kinship-oldersister-1,,ask,Kinship-oldersister,awli sus,awli_sus,a w l i + s u s,,hindukush,,,^ a w l i _ s u s $,default,
ask-Kinship-youngersister-1,,ask,Kinship-youngersister,laguri sus,laguri_sus,l a g u r i + s u s,,hindukush,,,^ l a g u r i _ s u s $,default,
ask-Kinship-fathersfather-1,,ask,Kinship-fathersfather,awndaj,awndaj,a w n d a j,,hindukush,,,^ a w n d a j $,default,
ask-Kinship-fathersmother-1,,ask,Kinship-fathersmother,mit͡ʃaɽaj,mit͡ʃaɽaj,m i tʃ a ɽ a j,,hindukush,,,^ m i t͡ʃ a ɽ a j $,default,
ask-Kinship-mothersfather-1,,ask,Kinship-mothersfather,awndaj,awndaj,a w n d a j,,hindukush,,,^ a w n d a j $,default,
ask-Kinship-mothersmother-1,,ask,Kinship-mothersmother,mit͡ʃaɽaj,mit͡ʃaɽaj,m i tʃ a ɽ a j,,hindukush,,,^ m i t͡ʃ a ɽ a j $,default,
ask-Kinship-sonsson-1,,ask,Kinship-sonsson,nuə,nuə,n u ə,,hindukush,,,^ n uə $,default,
ask-Kinship-sonsdaughter-1,,ask,Kinship-sonsdaughter,nut,nut,n u t,,hindukush,,,^ n u t $,default,
ask-Kinship-daughtersson-1,,ask,Kinship-daughtersson,nuə,nuə,n u ə,,hindukush,,,^ n uə $,default,
ask-Kinship-daughtersdaughter-1,,ask,Kinship-daughtersdaughter,nut,nut,n u t,,hindukush,,,^ n u t $,default,
ask-Kinship-fathersbrother-1,,ask,Kinship-fathersbrother,paːj daj,paːj_daj,p aː j + d a j,,hindukush,,,^ p aː j _ d a j $,default,
ask-Kinship-fathersolderbrother-1,,ask,Kinship-fathersolderbrother,awlu daj,awlu_daj,a w l u + d a j,,hindukush,,,^ a w l u _ d a j $,default,
ask-Kinship-fathersyoungerbrother-1,,ask,Kinship-fathersyoungerbrother,laguru daj,laguru_daj,l a g u r u + d a j,,hindukush,,,^ l a g u r u _ d a j $,default,
ask-Kinship-fatherssister-1,,ask,Kinship-fatherssister,nani,nani,n a n i,,hindukush,,,^ n a n i $,default,
ask-Kinship-fathersoldersister-1,,ask,Kinship-fathersoldersister,awlu nani,awlu_nani,a w l u + n a n i,,hindukush,,,^ a w l u _ n a n i $,default,
ask-Kinship-fathersyoungersister-1,,ask,Kinship-fathersyoungersister,laguri nani,laguri_nani,l a g u r i + n a n i,,hindukush,,,^ l a g u r i _ n a n i $,default,
ask-Kinship-mothersbrother-1,,ask,Kinship-mothersbrother,maw,maw,m a w,,hindukush,,,^ m a w $,default,
ask-Kinship-mothersolderbrother-1,,ask,Kinship-mothersolderbrother,awlu maw,awlu_maw,a w l u + m a w,,hindukush,,,^ a w l u _ m a w $,default,
ask-Kinship-mothersyoungerbrother-1,,ask,Kinship-mothersyoungerbrother,laguru maw,laguru_maw,l a g u r u + m a w,,hindukush,,,^ l a g u r u _ m a w $,default,
ask-Kinship-motherssister-1,,ask,Kinship-motherssister,paːj aɽaj,paːj_aɽaj,p aː j + a ɽ a j,,hindukush,,,^ p aː j _ a ɽ a j $,default,
ask-Kinship-mothersoldersister-1,,ask,Kinship-mothersoldersister,awli aɽaj,awli_aɽaj,a w l i + a ɽ a j,,hindukush,,,^ a w l i _ a ɽ a j $,default,
ask-Kinship-mothersyoungersister-1,,ask,Kinship-mothersyoungersister,laguri aɽaj,laguri_aɽaj,l a g u r i + a ɽ a j,,hindukush,,,^ l a g u r i _ a ɽ a j $,default,
ask-Kinship-brothersson-1,,ask,Kinship-brothersson,daj brə,daj_brə,d a j + b r ə,,hindukush,,,^ d a j _ b r ə $,default,
ask-Kinship-brothersdaughter-1,,ask,Kinship-brothersdaughter,daj zu,daj_zu,d a j + z u,,hindukush,,,^ d a j _ z u $,default,
ask-Kinship-sistersson-1,,ask,Kinship-sistersson,piʃi,piʃi,p i ʃ i,,hindukush,,,^ p i ʃ i $,default,
ask-Kinship-sistersdaughter-1,,ask,Kinship-sistersdaughter,piʃi,piʃi,p i ʃ i,,hindukush,,,^ p i ʃ i $,default,
ask-Kinship-husband-1,,ask,Kinship-husband,mat͡s,mat͡s,m a ts,,hindukush,,,^ m a t͡s $,default,
ask-Kinship-wife-1,,ask,Kinship-wife,istrimili,istrimili,i s t r i m i l i,,hindukush,,,^ i s t r i m i l i $,default,
ask-Kinship-fathersolderbrotherswife-1,,ask,Kinship-fathersolderbrotherswife,paːj dijaː istri,paːj_dijaː_istri,p aː j + d i j aː + i s t r i,,hindukush,,,^ p aː j _ d i j aː _ i s t r i $,default,
ask-Kinship-fathersyoungerbrotherswife-1,,ask,Kinship-fathersyoungerbrotherswife,lagur djaː istri,lagur_djaː_istri,l a g u r + d j aː + i s t r i,,hindukush,,,^ l a g u r _ d j aː _ i s t r i $,default,
ask-Kinship-fatherssistershusband-1,,ask,Kinship-fatherssistershusband,nani maːt͡s,nani_maːt͡s,n a n i + m aː ts,,hindukush,,,^ n a n i _ m aː t͡s $,default,
ask-Kinship-mothersbrotherswife-1,,ask,Kinship-mothersbrotherswife,mawa istri,mawa_istri,m a w a + i s t r i,,hindukush,,,^ m a w a _ i s t r i $,default,
ask-Kinship-motherssistershusband-1,,ask,Kinship-motherssistershusband,paːj aɽaː mat͡səs,paːj_aɽaː_mat͡səs,p aː j + a ɽ aː + m a ts ə s,,hindukush,,,^ p aː j _ a ɽ aː _ m a t͡s ə s $,default,
ask-Kinship-sonswife-1,,ask,Kinship-sonswife,wu,wu,w u,,hindukush,,,^ w u $,default,
ask-Kinship-daughtershusband-1,,ask,Kinship-daughtershusband,zəmaː,zəmaː,z ə m aː,,hindukush,,,^ z ə m aː $,default,
ask-Kinship-brotherswifemaleego-1,,ask,Kinship-brotherswifemaleego,bɽaː istri,bɽaː_istri,b ɽ aː + i s t r i,,hindukush,,,^ b ɽ aː _ i s t r i $,default,
ask-Kinship-brotherswifefemaleego-1,,ask,Kinship-brotherswifefemaleego,bɽaː istri,bɽaː_istri,b ɽ aː + i s t r i,,hindukush,,,^ b ɽ aː _ i s t r i $,default,
ask-Kinship-sistershusbandmaleego-1,,ask,Kinship-sistershusbandmaleego,aːj mi,aːj_mi,aː j + m i,,hindukush,,,^ aː j _ m i $,default,
ask-Kinship-sistershusbandfemaleego-1,,ask,Kinship-sistershusbandfemaleego,aːj mi,aːj_mi,aː j + m i,,hindukush,,,^ aː j _ m i $,default,
ask-Kinship-wifesfather-1,,ask,Kinship-wifesfather,ʃibusu,ʃibusu,ʃ i b u s u,,hindukush,,,^ ʃ i b u s u $,default,
ask-Kinship-wifesmother-1,,ask,Kinship-wifesmother,ʃiboːs,ʃiboːs,ʃ i b oː s,,hindukush,,,^ ʃ i b oː s $,default,
ask-Kinship-husbandsfather-1,,ask,Kinship-husbandsfather,ʃibusu,ʃibusu,ʃ i b u s u,,hindukush,,,^ ʃ i b u s u $,default,
ask-Kinship-husbandsmother-1,,ask,Kinship-husbandsmother,ʃiboːs,ʃiboːs,ʃ i b oː s,,hindukush,,,^ ʃ i b oː s $,default,
ask-Kinship-husbandsbrother-1,,ask,Kinship-husbandsbrother,kəɽis,kəɽis,k ə ɽ i s,,hindukush,,,^ k ə ɽ i s $,default,
ask-Kinship-husbandssister-1,,ask,Kinship-husbandssister,kəɽis,kəɽis,k ə ɽ i s,,hindukush,,,^ k ə ɽ i s $,default,
ask-Kinship-wifesbrother-1,,ask,Kinship-wifesbrother,aːj mi,aːj_mi,aː j + m i,,hindukush,,,^ aː j _ m i $,default,
ask-Kinship-wifessister-1,,ask,Kinship-wifessister,ʃiːja,ʃiːja,ʃ iː j a,,hindukush,,,^ ʃ iː j a $,default,
ask-Kinship-husbandsbrotherswife-1,,ask,Kinship-husbandsbrotherswife,munɖuɽaː istri,munɖuɽaː_istri,m u n ɖ u ɽ aː + i s t r i,,hindukush,,,^ m u n ɖ u ɽ aː _ i s t r i $,default,
ask-Kinship-husbandssistershusband-1,,ask,Kinship-husbandssistershusband,kəɽis wu mat͡s,kəɽis_wu_mat͡s,k ə ɽ i s + w u + m a ts,,hindukush,,,^ k ə ɽ i s _ w u _ m a t͡s $,default,
ask-Kinship-wifesbrotherswife-1,,ask,Kinship-wifesbrotherswife,aːj mi istris,aːj_mi_istris,aː j + m i + i s t r i s,,hindukush,,,^ aː j _ m i _ i s t r i s $,default,
ask-Kinship-wifessistershusband-1,,ask,Kinship-wifessistershusband,saːnɖu,saːnɖu,s aː n ɖ u,,hindukush,,,^ s aː n ɖ u $,default,
ask-Kinship-cowife-1,,ask,Kinship-cowife,paʃaj istri,paʃaj_istri,p a ʃ a j + i s t r i,,hindukush,,,^ p a ʃ a j _ i s t r i $,default,
ask-Kinship-sonswifesfather-1,,ask,Kinship-sonswifesfather,ʃibusu,ʃibusu,ʃ i b u s u,,hindukush,,,^ ʃ i b u s u $,default,
ask-Kinship-sonswifesmother-1,,ask,Kinship-sonswifesmother,ʃiboːs,ʃiboːs,ʃ i b oː s,,hindukush,,,^ ʃ i b oː s $,default,
ask-Kinship-daughtershusbandsfather-1,,ask,Kinship-daughtershusbandsfather,ʃibusu,ʃibusu,ʃ i b u s u,,hindukush,,,^ ʃ i b u s u $,default,
ask-Kinship-daughtershusbandsmother-1,,ask,Kinship-daughtershusbandsmother,ʃiboːs,ʃiboːs,ʃ i b oː s,,hindukush,,,^ ʃ i b oː s $,default,
ask-Kinship-stepsisternosharedparent-1,,ask,Kinship-stepsisternosharedparent,aːwar sus,aːwar_sus,aː w a r + s u s,,hindukush,,,^ aː w a r _ s u s $,default,
ask-Kinship-stepbrothernosharedparent-1,,ask,Kinship-stepbrothernosharedparent,aːwar bɽə,aːwar_bɽə,aː w a r + b ɽ ə,,hindukush,,,^ aː w a r _ b ɽ ə $,default,
ask-Kinship-stepmother-1,,ask,Kinship-stepmother,mat͡s,mat͡s,m a ts,,hindukush,,,^ m a t͡s $,default,
ask-Kinship-stepfather-1,,ask,Kinship-stepfather,aːwar daj,aːwar_daj,aː w a r + d a j,,hindukush,,,^ aː w a r _ d a j $,default,
ask-Kinship-stepson-1,,ask,Kinship-stepson,aːwar aɽaj,aːwar_aɽaj,aː w a r + a ɽ a j,,hindukush,,,^ aː w a r _ a ɽ a j $,default,
ask-Kinship-stepdaughter-1,,ask,Kinship-stepdaughter,aːwar zu,aːwar_zu,aː w a r + z u,,hindukush,,,^ aː w a r _ z u $,default,
ask-Kinship-fathersfathersfather-1,,ask,Kinship-fathersfathersfather,awndaj,awndaj,a w n d a j,,hindukush,,,^ a w n d a j $,default,
ask-Kinship-mothersmothersmother-1,,ask,Kinship-mothersmothersmother,mit͡ʃaɽaj,mit͡ʃaɽaj,m i tʃ a ɽ a j,,hindukush,,,^ m i t͡ʃ a ɽ a j $,default,
ask-Kinship-fathersbrothersson-1,,ask,Kinship-fathersbrothersson,daj pɽa,daj_pɽa,d a j + p ɽ a,,hindukush,,,^ d a j _ p ɽ a $,default,
ask-Kinship-fathersbrothersdaughter-1,,ask,Kinship-fathersbrothersdaughter,daj zu,daj_zu,d a j + z u,,hindukush,,,^ d a j _ z u $,default,
ask-Kinship-fatherssistersson-1,,ask,Kinship-fatherssistersson,nani pɽa,nani_pɽa,n a n i + p ɽ a,,hindukush,,,^ n a n i _ p ɽ a $,default,
ask-Kinship-fatherssistersdaughter-1,,ask,Kinship-fatherssistersdaughter,nani zu,nani_zu,n a n i + z u,,hindukush,,,^ n a n i _ z u $,default,
ask-Kinship-mothersbrothersson-1,,ask,Kinship-mothersbrothersson,maw pɽa,maw_pɽa,m a w + p ɽ a,,hindukush,,,^ m a w _ p ɽ a $,default,
ask-Kinship-mothersbrothersdaughter-1,,ask,Kinship-mothersbrothersdaughter,maw zu,maw_zu,m a w + z u,,hindukush,,,^ m a w _ z u $,default,
ask-Kinship-motherssistersson-1,,ask,Kinship-motherssistersson,aɽaw pɽa,aɽaw_pɽa,a ɽ a w + p ɽ a,,hindukush,,,^ a ɽ a w _ p ɽ a $,default,
ask-Kinship-motherssistersdaughter-1,,ask,Kinship-motherssistersdaughter,aɽaw zu,aɽaw_zu,a ɽ a w + z u,,hindukush,,,^ a ɽ a w _ z u $,default,
ask-Kinship-relative-1,,ask,Kinship-relative,təɽusθə,təɽusθə,t ə ɽ u s θ ə,,hindukush,,,^ t ə ɽ u s θ ə $,default,
ask-Kinship-affinalrelative-1,,ask,Kinship-affinalrelative,ʃibusudar,ʃibusudar,ʃ i b u s u d a r,,hindukush,,,^ ʃ i b u s u d a r $,default,
ask-Kinship-bloodrelative-1,,ask,Kinship-bloodrelative,mələpəteːri,mələpəteːri,m ə l ə p ə t eː r i,,hindukush,,,^ m ə l ə p ə t eː r i $,default,
ask-Kinship-wifesrelatives-1,,ask,Kinship-wifesrelatives,ʃibusudar,ʃibusudar,ʃ i b u s u d a r,,hindukush,,,^ ʃ i b u s u d a r $,default,
ask-Kinship-headofhousehold-1,,ask,Kinship-headofhousehold,diʃtu,diʃtu,d i ʃ t u,,hindukush,,,^ d i ʃ t u $,default,
ask-Kinship-headofclan-1,,ask,Kinship-headofclan,diʃtu,diʃtu,d i ʃ t u,,hindukush,,,^ d i ʃ t u $,default,
ask-Kinship-headoftribe-1,,ask,Kinship-headoftribe,diʃtu,diʃtu,d i ʃ t u,,hindukush,,,^ d i ʃ t u $,default,
ask-Kinship-halfsistersamefatherdifferentmother-1,,ask,Kinship-halfsistersamefatherdifferentmother,aːwar sus,aːwar_sus,aː w a r + s u s,,hindukush,,,^ aː w a r _ s u s $,default,
ask-Kinship-halfbrothersamefatherdifferentmother-1,,ask,Kinship-halfbrothersamefatherdifferentmother,aːwar bɽə,aːwar_bɽə,aː w a r + b ɽ ə,,hindukush,,,^ aː w a r _ b ɽ ə $,default,
ask-Kinship-halfsistersamemotherdifferentfather-1,,ask,Kinship-halfsistersamemotherdifferentfather,naːsaka sus,naːsaka_sus,n aː s a k a + s u s,,hindukush,,,^ n aː s a k a _ s u s $,default,
ask-Kinship-halfbrothersamemotherdifferentfather-1,,ask,Kinship-halfbrothersamemotherdifferentfather,naːsaka bɽə,naːsaka_bɽə,n aː s a k a + b ɽ ə,,hindukush,,,^ n aː s a k a _ b ɽ ə $,default,
bft-Kinship-father-1,,bft,Kinship-father,áta,áta,á/a t a,,hindukush,,,^ á t a $,default,
bft-Kinship-mother-1,,bft,Kinship-mother,áŋo,áŋo,á/a ŋ o,,hindukush,,,^ á ŋ o $,default,
bft-Kinship-parent-1,,bft,Kinship-parent,áta áŋo,áta_áŋo,á/a t a + á/a ŋ o,,hindukush,,,^ á t a _ á ŋ o $,default,
bft-Kinship-son-1,,bft,Kinship-son,bûː,bûː,b ûː/uː,,hindukush,,,^ b ûː $,default,
bft-Kinship-daughter-1,,bft,Kinship-daughter,boŋó,boŋó,b o ŋ ó/o,,hindukush,,,^ b o ŋ ó $,default,
bft-Kinship-ownchild-1,,bft,Kinship-ownchild,"bûː boŋó, pʰruːpʰrâː",bûː_boŋó,b ûː/uː + b o ŋ ó/o,,hindukush,,,^ b ûː _ b o ŋ ó $,default,
bft-Kinship-ownchild-2,,bft,Kinship-ownchild,"bûː boŋó, pʰruːpʰrâː",pʰruːpʰrâː,pʰ r uː pʰ r âː/aː,,hindukush,,,^ pʰ r uː pʰ r âː $,default,
bft-Kinship-brother-1,,bft,Kinship-brother,"kakâː, pʰǒːno, mĩːmó",kakâː,k a k âː/aː,,hindukush,,,^ k a k âː $,default,
bft-Kinship-brother-2,,bft,Kinship-brother,"kakâː, pʰǒːno, mĩːmó",pʰǒːno,pʰ ǒː/oː n o,,hindukush,,,^ pʰ ǒː n o $,default,
bft-Kinship-brother-3,,bft,Kinship-brother,"kakâː, pʰǒːno, mĩːmó",mĩːmó,m ĩː m ó/o,,hindukush,,,^ m ĩː m ó $,default,
bft-Kinship-sister-1,,bft,Kinship-sister,"strĩːmó, núŋo",strĩːmó,s t r ĩː m ó/o,,hindukush,,,^ s t r ĩː m ó $,default,
bft-Kinship-sister-2,,bft,Kinship-sister,"strĩːmó, núŋo",núŋo,n ú/u ŋ o,,hindukush,,,^ n ú ŋ o $,default,
bft-Kinship-olderbrother-1,,bft,Kinship-olderbrother,kakâː,kakâː,k a k âː/aː,,hindukush,,,^ k a k âː $,default,
bft-Kinship-youngerbrother-1,,bft,Kinship-youngerbrother,"pʰǒːno, mĩːmó",pʰǒːno,pʰ ǒː/oː n o,,hindukush,,,^ pʰ ǒː n o $,default,
bft-Kinship-youngerbrother-2,,bft,Kinship-youngerbrother,"pʰǒːno, mĩːmó",mĩːmó,m ĩː m ó/o,,hindukush,,,^ m ĩː m ó $,default,
bft-Kinship-oldersister-1,,bft,Kinship-oldersister,áɕeː,áɕeː,á/a ɕ eː,,hindukush,,,^ á ɕ eː $,default,
bft-Kinship-youngersister-1,,bft,Kinship-youngersister,"núŋo, strĩːmó",núŋo,n ú/u ŋ o,,hindukush,,,^ n ú ŋ o $,default,
bft-Kinship-youngersister-2,,bft,Kinship-youngersister,"núŋo, strĩːmó",strĩːmó,s t r ĩː m ó/o,,hindukush,,,^ s t r ĩː m ó $,default,
bft-Kinship-fathersfather-1,,bft,Kinship-fathersfather,apôː,apôː,a p ôː/oː,,hindukush,,,^ a p ôː $,default,
bft-Kinship-fathersmother-1,,bft,Kinship-fathersmother,apîː,apîː,a p îː/iː,,hindukush,,,^ a p îː $,default,
bft-Kinship-mothersfather-1,,bft,Kinship-mothersfather,apôː,apôː,a p ôː/oː,,hindukush,,,^ a p ôː $,default,
bft-Kinship-mothersmother-1,,bft,Kinship-mothersmother,apîː,apîː,a p îː/iː,,hindukush,,,^ a p îː $,default,
bft-Kinship-sonsson-1,,bft,Kinship-sonsson,t͡sʰôː,t͡sʰôː,tsʰ ôː/oː,,hindukush,,,^ t͡sʰ ôː $,default,
bft-Kinship-sonsdaughter-1,,bft,Kinship-sonsdaughter,t͡sʰáŋo,t͡sʰáŋo,tsʰ á/a ŋ o,,hindukush,,,^ t͡sʰ á ŋ o $,default,
bft-Kinship-daughtersson-1,,bft,Kinship-daughtersson,t͡sʰôː,t͡sʰôː,tsʰ ôː/oː,,hindukush,,,^ t͡sʰ ôː $,default,
bft-Kinship-daughtersdaughter-1,,bft,Kinship-daughtersdaughter,t͡sʰáŋo,t͡sʰáŋo,tsʰ á/a ŋ o,,hindukush,,,^ t͡sʰ á ŋ o $,default,
bft-Kinship-fathersolderbrother-1,,bft,Kinship-fathersolderbrother,áta t͡ɕʰoʁó,áta_t͡ɕʰoʁó,á/a t a + tɕʰ o ʁ ó/o,,hindukush,,,^ á t a _ t͡ɕʰ o ʁ ó $,default,
bft-Kinship-fathersyoungerbrother-1,,bft,Kinship-fathersyoungerbrother,áta t͡sʰunt͡sêː,áta_t͡sʰunt͡sêː,á/a t a + tsʰ u n ts êː/eː,,hindukush,,,^ á t a _ t͡sʰ u n t͡s êː $,default,
bft-Kinship-fatherssister-1,,bft,Kinship-fatherssister,nêːneː,nêːneː,n êː/eː n eː,,hindukush,,,^ n êː n eː $,default,
bft-Kinship-fathersoldersister-1,,bft,Kinship-fathersoldersister,nêːneː t͡ɕʰoʁó,nêːneː_t͡ɕʰoʁó,n êː/eː n eː + tɕʰ o ʁ ó/o,,hindukush,,,^ n êː n eː _ t͡ɕʰ o ʁ ó $,default,
bft-Kinship-fathersyoungersister-1,,bft,Kinship-fathersyoungersister,nêːneː t͡sʰunt͡sêː,nêːneː_t͡sʰunt͡sêː,n êː/eː n eː + tsʰ u n ts êː/eː,,hindukush,,,^ n êː n eː _ t͡sʰ u n t͡s êː $,default,
bft-Kinship-mothersbrother-1,,bft,Kinship-mothersbrother,"môːmo, d͡ʑã́mo",môːmo,m ôː/oː m o,,hindukush,,,^ m ôː m o $,default,
bft-Kinship-mothersbrother-2,,bft,Kinship-mothersbrother,"môːmo, d͡ʑã́mo",d͡ʑã́mo,dʑ ãː m o,,hindukush,,,^ d͡ʑ ã́ m o $,default,
bft-Kinship-mothersolderbrother-1,,bft,Kinship-mothersolderbrother,môːmo t͡ɕʰoʁó,môːmo_t͡ɕʰoʁó,m ôː/oː m o + tɕʰ o ʁ ó/o,,hindukush,,,^ m ôː m o _ t͡ɕʰ o ʁ ó $,default,
bft-Kinship-mothersyoungerbrother-1,,bft,Kinship-mothersyoungerbrother,môːmo t͡sʰunt͡sêː,môːmo_t͡sʰunt͡sêː,m ôː/oː m o + tsʰ u n ts êː/eː,,hindukush,,,^ m ôː m o _ t͡sʰ u n t͡s êː $,default,
bft-Kinship-motherssister-1,,bft,Kinship-motherssister,mat͡ɕúŋ,mat͡ɕúŋ,m a tɕ ú/u ŋ,,hindukush,,,^ m a t͡ɕ ú ŋ $,default,
bft-Kinship-mothersoldersister-1,,bft,Kinship-mothersoldersister,"mat͡ɕúŋ, áŋo t͡ɕʰoʁó",mat͡ɕúŋ,m a tɕ ú/u ŋ,,hindukush,,,^ m a t͡ɕ ú ŋ $,default,
bft-Kinship-mothersoldersister-2,,bft,Kinship-mothersoldersister,"mat͡ɕúŋ, áŋo t͡ɕʰoʁó",áŋo_t͡ɕʰoʁó,á/a ŋ o + tɕʰ o ʁ ó/o,,hindukush,,,^ á ŋ o _ t͡ɕʰ o ʁ ó $,default,
bft-Kinship-mothersyoungersister-1,,bft,Kinship-mothersyoungersister,"mat͡ɕúŋ, áŋo t͡sʰunt͡sêː, t͡seːt͡sêː",mat͡ɕúŋ,m a tɕ ú/u ŋ,,hindukush,,,^ m a t͡ɕ ú ŋ $,default,
bft-Kinship-mothersyoungersister-2,,bft,Kinship-mothersyoungersister,"mat͡ɕúŋ, áŋo t͡sʰunt͡sêː, t͡seːt͡sêː",áŋo_t͡sʰunt͡sêː,á/a ŋ o + tsʰ u n ts êː/eː,,hindukush,,,^ á ŋ o _ t͡sʰ u n t͡s êː $,default,
bft-Kinship-mothersyoungersister-3,,bft,Kinship-mothersyoungersister,"mat͡ɕúŋ, áŋo t͡sʰunt͡sêː, t͡seːt͡sêː",t͡seːt͡sêː,ts eː ts êː/eː,,hindukush,,,^ t͡s eː t͡s êː $,default,
bft-Kinship-brothersson-1,,bft,Kinship-brothersson,"pʰǒːneː buː, kakîː buː, t͡sʰôː",pʰǒːneː_buː,pʰ ǒː/oː n eː + b uː,,hindukush,,,^ pʰ ǒː n eː _ b uː $,default,
bft-Kinship-brothersson-2,,bft,Kinship-brothersson,"pʰǒːneː buː, kakîː buː, t͡sʰôː",kakîː_buː,k a k îː/iː + b uː,,hindukush,,,^ k a k îː _ b uː $,default,
bft-Kinship-brothersson-3,,bft,Kinship-brothersson,"pʰǒːneː buː, kakîː buː, t͡sʰôː",t͡sʰôː,tsʰ ôː/oː,,hindukush,,,^ t͡sʰ ôː $,default,
bft-Kinship-brothersdaughter-1,,bft,Kinship-brothersdaughter,"pʰǒːneː boŋó, kakîː boŋó, t͡sʰáŋo",pʰǒːneː_boŋó,pʰ ǒː/oː n eː + b o ŋ ó/o,,hindukush,,,^ pʰ ǒː n eː _ b o ŋ ó $,default,
bft-Kinship-brothersdaughter-2,,bft,Kinship-brothersdaughter,"pʰǒːneː boŋó, kakîː boŋó, t͡sʰáŋo",kakîː_boŋó,k a k îː/iː + b o ŋ ó/o,,hindukush,,,^ k a k îː _ b o ŋ ó $,default,
bft-Kinship-brothersdaughter-3,,bft,Kinship-brothersdaughter,"pʰǒːneː boŋó, kakîː boŋó, t͡sʰáŋo",t͡sʰáŋo,tsʰ á/a ŋ o,,hindukush,,,^ t͡sʰ á ŋ o $,default,
bft-Kinship-sistersson-1,,bft,Kinship-sistersson,t͡sʰôː,t͡sʰôː,tsʰ ôː/oː,,hindukush,,,^ t͡sʰ ôː $,default,
bft-Kinship-sistersdaughter-1,,bft,Kinship-sistersdaughter,t͡sʰáŋo,t͡sʰáŋo,tsʰ á/a ŋ o,,hindukush,,,^ t͡sʰ á ŋ o $,default,
bft-Kinship-husband-1,,bft,Kinship-husband,"aɕí paː, daχpʰôː",aɕí_paː,a ɕ í/i + p aː,,hindukush,,,^ a ɕ í _ p aː $,default,
bft-Kinship-husband-2,,bft,Kinship-husband,"aɕí paː, daχpʰôː",daχpʰôː,d a χ pʰ ôː/oː,,hindukush,,,^ d a χ pʰ ôː $,default,
bft-Kinship-wife-1,,bft,Kinship-wife,"zanzós, ʁzuŋ, namâː, t͡ɕʰũːmâːh",zanzós,z a n z ó/o s,,hindukush,,,^ z a n z ó s $,default,
bft-Kinship-wife-2,,bft,Kinship-wife,"zanzós, ʁzuŋ, namâː, t͡ɕʰũːmâːh",ʁzuŋ,ʁ z u ŋ,,hindukush,,,^ ʁ z u ŋ $,default,
bft-Kinship-wife-3,,bft,Kinship-wife,"zanzós, ʁzuŋ, namâː, t͡ɕʰũːmâːh",namâː,n a m âː/aː,,hindukush,,,^ n a m âː $,default,
bft-Kinship-wife-4,,bft,Kinship-wife,"zanzós, ʁzuŋ, namâː, t͡ɕʰũːmâːh",t͡ɕʰũːmâːh,tɕʰ ũː m âː/aː h,,hindukush,,,^ t͡ɕʰ ũː m âː h $,default,
bft-Kinship-fathersolderbrotherswife-1,,bft,Kinship-fathersolderbrotherswife,áŋo t͡ɕʰoʁó,áŋo_t͡ɕʰoʁó,á/a ŋ o + tɕʰ o ʁ ó/o,,hindukush,,,^ á ŋ o _ t͡ɕʰ o ʁ ó $,default,
bft-Kinship-fathersyoungerbrotherswife-1,,bft,Kinship-fathersyoungerbrotherswife,áŋo t͡sʰunt͡sêː,áŋo_t͡sʰunt͡sêː,á/a ŋ o + tsʰ u n ts êː/eː,,hindukush,,,^ á ŋ o _ t͡sʰ u n t͡s êː $,default,
bft-Kinship-fatherssistershusband-1,,bft,Kinship-fatherssistershusband,môːmo,môːmo,m ôː/oː m o,,hindukush,,,^ m ôː m o $,default,
bft-Kinship-mothersbrotherswife-1,,bft,Kinship-mothersbrotherswife,nêːne,nêːne,n êː/eː n e,,hindukush,,,^ n êː n e $,default,
bft-Kinship-motherssistershusband-1,,bft,Kinship-motherssistershusband,môːmo,môːmo,m ôː/oː m o,,hindukush,,,^ m ôː m o $,default,
bft-Kinship-sonswife-1,,bft,Kinship-sonswife,"buîː namâː, namâː",buîː_namâː,b u îː/iː + n a m âː/aː,,hindukush,,,^ b uîː _ n a m âː $,default,
bft-Kinship-sonswife-2,,bft,Kinship-sonswife,"buîː namâː, namâː",namâː,n a m âː/aː,,hindukush,,,^ n a m âː $,default,
bft-Kinship-daughtershusband-1,,bft,Kinship-daughtershusband,maqpá,maqpá,m a q p á/a,,hindukush,,,^ m a q p á $,default,
bft-Kinship-brotherswifemaleego-1,,bft,Kinship-brotherswifemaleego,"kakîː namâː, pʰǒːneː namâː, kakâː lah jodpí áɕeː",kakîː_namâː,k a k îː/iː + n a m âː/aː,,hindukush,,,^ k a k îː _ n a m âː $,default,
bft-Kinship-brotherswifemaleego-2,,bft,Kinship-brotherswifemaleego,"kakîː namâː, pʰǒːneː namâː, kakâː lah jodpí áɕeː",pʰǒːneː_namâː,pʰ ǒː/oː n eː + n a m âː/aː,,hindukush,,,^ pʰ ǒː n eː _ n a m âː $,default,
bft-Kinship-brotherswifemaleego-3,,bft,Kinship-brotherswifemaleego,"kakîː namâː, pʰǒːneː namâː, kakâː lah jodpí áɕeː",kakâː_lah_jodpí_áɕeː,k a k âː/aː + l a h + j o d p í/i + á/a ɕ eː,,hindukush,,,^ k a k âː _ l a h _ j o d p í _ á ɕ eː $,default,
bft-Kinship-brotherswifefemaleego-1,,bft,Kinship-brotherswifefemaleego,"mĩːmwêː namâː, kakîː namâː, kakâː lah jodpí áɕeː",mĩːmwêː_namâː,m ĩː mʷ êː/eː + n a m âː/aː,,hindukush,,,^ m ĩː mw êː _ n a m âː $,default,
bft-Kinship-brotherswifefemaleego-2,,bft,Kinship-brotherswifefemaleego,"mĩːmwêː namâː, kakîː namâː, kakâː lah jodpí áɕeː",kakîː_namâː,k a k îː/iː + n a m âː/aː,,hindukush,,,^ k a k îː _ n a m âː $,default,
bft-Kinship-brotherswifefemaleego-3,,bft,Kinship-brotherswifefemaleego,"mĩːmwêː namâː, kakîː namâː, kakâː lah jodpí áɕeː",kakâː_lah_jodpí_áɕeː,k a k âː/aː + l a h + j o d p í/i + á/a ɕ eː,,hindukush,,,^ k a k âː _ l a h _ j o d p í _ á ɕ eː $,default,
bft-Kinship-sistershusbandmaleego-1,,bft,Kinship-sistershusbandmaleego,"áɕeː jodpí kakâː, strĩːmó jodpí maqpá",áɕeː_jodpí_kakâː,á/a ɕ eː + j o d p í/i + k a k âː/aː,,hindukush,,,^ á ɕ eː _ j o d p í _ k a k âː $,default,
bft-Kinship-sistershusbandmaleego-2,,bft,Kinship-sistershusbandmaleego,"áɕeː jodpí kakâː, strĩːmó jodpí maqpá",strĩːmó_jodpí_maqpá,s t r ĩː m ó/o + j o d p í/i + m a q p á/a,,hindukush,,,^ s t r ĩː m ó _ j o d p í _ m a q p á $,default,
bft-Kinship-sistershusbandfemaleego-1,,bft,Kinship-sistershusbandfemaleego,"áɕeː jodpí kakâː, núŋo jodpí mĩːmó",áɕeː_jodpí_kakâː,á/a ɕ eː + j o d p í/i + k a k âː/aː,,hindukush,,,^ á ɕ eː _ j o d p í _ k a k âː $,default,
bft-Kinship-sistershusbandfemaleego-2,,bft,Kinship-sistershusbandfemaleego,"áɕeː jodpí kakâː, núŋo jodpí mĩːmó",núŋo_jodpí_mĩːmó,n ú/u ŋ o + j o d p í/i + m ĩː m ó/o,,hindukush,,,^ n ú ŋ o _ j o d p í _ m ĩː m ó $,default,
bft-Kinship-wifesfather-1,,bft,Kinship-wifesfather,zgijukpʰôː,zgijukpʰôː,z g i j u k pʰ ôː/oː,,hindukush,,,^ z g i j u k pʰ ôː $,default,
bft-Kinship-wifesmother-1,,bft,Kinship-wifesmother,zgijukmôː,zgijukmôː,z g i j u k m ôː/oː,,hindukush,,,^ z g i j u k m ôː $,default,
bft-Kinship-husbandsfather-1,,bft,Kinship-husbandsfather,zgijukpʰôː,zgijukpʰôː,z g i j u k pʰ ôː/oː,,hindukush,,,^ z g i j u k pʰ ôː $,default,
bft-Kinship-husbandsmother-1,,bft,Kinship-husbandsmother,zgijukmôː,zgijukmôː,z g i j u k m ôː/oː,,hindukush,,,^ z g i j u k m ôː $,default,
bft-Kinship-husbandsbrother-1,,bft,Kinship-husbandsbrother,"aɕí pubí kakâː, aɕí pubí pʰǒːno",aɕí_pubí_kakâː,a ɕ í/i + p u b í/i + k a k âː/aː,,hindukush,,,^ a ɕ í _ p u b í _ k a k âː $,default,
bft-Kinship-husbandsbrother-2,,bft,Kinship-husbandsbrother,"aɕí pubí kakâː, aɕí pubí pʰǒːno",aɕí_pubí_pʰǒːno,a ɕ í/i + p u b í/i + pʰ ǒː/oː n o,,hindukush,,,^ a ɕ í _ p u b í _ pʰ ǒː n o $,default,
bft-Kinship-husbandssister-1,,bft,Kinship-husbandssister,"aɕí pubí áɕeː, aɕí pubí strĩːmó",aɕí_pubí_áɕeː,a ɕ í/i + p u b í/i + á/a ɕ eː,,hindukush,,,^ a ɕ í _ p u b í _ á ɕ eː $,default,
bft-Kinship-husbandssister-2,,bft,Kinship-husbandssister,"aɕí pubí áɕeː, aɕí pubí strĩːmó",aɕí_pubí_strĩːmó,a ɕ í/i + p u b í/i + s t r ĩː m ó/o,,hindukush,,,^ a ɕ í _ p u b í _ s t r ĩː m ó $,default,
bft-Kinship-wifesbrother-1,,bft,Kinship-wifesbrother,skutpáh,skutpáh,s k u t p á/a h,,hindukush,,,^ s k u t p á h $,default,
bft-Kinship-wifessister-1,,bft,Kinship-wifessister,"namôːbi áɕeː, namôːbi núŋo",namôːbi_áɕeː,n a m ôː/oː b i + á/a ɕ eː,,hindukush,,,^ n a m ôː b i _ á ɕ eː $,default,
bft-Kinship-wifessister-2,,bft,Kinship-wifessister,"namôːbi áɕeː, namôːbi núŋo",namôːbi_núŋo,n a m ôː/oː b i + n ú/u ŋ o,,hindukush,,,^ n a m ôː b i _ n ú ŋ o $,default,
bft-Kinship-husbandsbrotherswife-1,,bft,Kinship-husbandsbrotherswife,"aɕí pubí pʰǒːneː namâː, kakîː namâː, namâː reːrêː",aɕí_pubí_pʰǒːneː_namâː,a ɕ í/i + p u b í/i + pʰ ǒː/oː n eː + n a m âː/aː,,hindukush,,,^ a ɕ í _ p u b í _ pʰ ǒː n eː _ n a m âː $,default,
bft-Kinship-husbandsbrotherswife-2,,bft,Kinship-husbandsbrotherswife,"aɕí pubí pʰǒːneː namâː, kakîː namâː, namâː reːrêː",kakîː_namâː,k a k îː/iː + n a m âː/aː,,hindukush,,,^ k a k îː _ n a m âː $,default,
bft-Kinship-husbandsbrotherswife-3,,bft,Kinship-husbandsbrotherswife,"aɕí pubí pʰǒːneː namâː, kakîː namâː, namâː reːrêː",namâː_reːrêː,n a m âː/aː + r eː r êː/eː,,hindukush,,,^ n a m âː _ r eː r êː $,default,
bft-Kinship-husbandssistershusband-1,,bft,Kinship-husbandssistershusband,aɕí pubí strĩːmó jodpó,aɕí_pubí_strĩːmó_jodpó,a ɕ í/i + p u b í/i + s t r ĩː m ó/o + j o d p ó/o,,hindukush,,,^ a ɕ í _ p u b í _ s t r ĩː m ó _ j o d p ó $,default,
bft-Kinship-wifesbrotherswife-1,,bft,Kinship-wifesbrotherswife,skutpôːbi namó,skutpôːbi_namó,s k u t p ôː/oː b i + n a m ó/o,,hindukush,,,^ s k u t p ôː b i _ n a m ó $,default,
bft-Kinship-wifessistershusband-1,,bft,Kinship-wifessistershusband,t͡ɕʰũːmáh pʰǒːno,t͡ɕʰũːmáh_pʰǒːno,tɕʰ ũː m á/a h + pʰ ǒː/oː n o,,hindukush,,,^ t͡ɕʰ ũː m á h _ pʰ ǒː n o $,default,
bft-Kinship-cowife-1,,bft,Kinship-cowife,t͡sʰaq stral,t͡sʰaq_stral,tsʰ a q + s t r a l,,hindukush,,,^ t͡sʰ a q _ s t r a l $,default,
bft-Kinship-sonswifesfather-1,,bft,Kinship-sonswifesfather,buîː zgijukpʰôː,buîː_zgijukpʰôː,b u îː/iː + z g i j u k pʰ ôː/oː,,hindukush,,,^ b uîː _ z g i j u k pʰ ôː $,default,
bft-Kinship-sonswifesmother-1,,bft,Kinship-sonswifesmother,buîː zgijukmôː,buîː_zgijukmôː,b u îː/iː + z g i j u k m ôː/oː,,hindukush,,,^ b uîː _ z g i j u k m ôː $,default,
bft-Kinship-daughtershusbandsfather-1,,bft,Kinship-daughtershusbandsfather,boŋwêː zgijukpʰôː,boŋwêː_zgijukpʰôː,b o ŋ w êː/eː + z g i j u k pʰ ôː/oː,,hindukush,,,^ b o ŋw êː _ z g i j u k pʰ ôː $,default,
bft-Kinship-daughtershusbandsmother-1,,bft,Kinship-daughtershusbandsmother,boŋwêː zgijukmôː,boŋwêː_zgijukmôː,b o ŋ w êː/eː + z g i j u k m ôː/oː,,hindukush,,,^ b o ŋw êː _ z g i j u k m ôː $,default,
bft-Kinship-stepmother-1,,bft,Kinship-stepmother,mát͡ɕo áŋo,mát͡ɕo_áŋo,m á/a tɕ o + á/a ŋ o,,hindukush,,,^ m á t͡ɕ o _ á ŋ o $,default,
bft-Kinship-stepfather-1,,bft,Kinship-stepfather,mát͡ɕo áta,mát͡ɕo_áta,m á/a tɕ o + á/a t a,,hindukush,,,^ m á t͡ɕ o _ á t a $,default,
bft-Kinship-stepson-1,,bft,Kinship-stepson,mah skéspʰibu,mah_skéspʰibu,m a h + s k é/e s pʰ i b u,,hindukush,,,^ m a h _ s k é s pʰ i b u $,default,
bft-Kinship-stepdaughter-1,,bft,Kinship-stepdaughter,mah skéspʰiboŋo,mah_skéspʰiboŋo,m a h + s k é/e s pʰ i b o ŋ o,,hindukush,,,^ m a h _ s k é s pʰ i b o ŋ o $,default,
bft-Kinship-fathersfathersfather-1,,bft,Kinship-fathersfathersfather,"apwêː áta, átiː apôː",apwêː_áta,a p w êː/eː + á/a t a,,hindukush,,,^ a pw êː _ á t a $,default,
bft-Kinship-fathersfathersfather-2,,bft,Kinship-fathersfathersfather,"apwêː áta, átiː apôː",átiː_apôː,á/a t iː + a p ôː/oː,,hindukush,,,^ á t iː _ a p ôː $,default,
bft-Kinship-mothersmothersmother-1,,bft,Kinship-mothersmothersmother,"apí áŋo, áŋweː apí",apí_áŋo,a p í/i + á/a ŋ o,,hindukush,,,^ a p í _ á ŋ o $,default,
bft-Kinship-mothersmothersmother-2,,bft,Kinship-mothersmothersmother,"apí áŋo, áŋweː apí",áŋweː_apí,á/a ŋ w eː + a p í/i,,hindukush,,,^ á ŋw eː _ a p í $,default,
bft-Kinship-forefather-1,,bft,Kinship-forefather,áta apôː,áta_apôː,á/a t a + a p ôː/oː,,hindukush,,,^ á t a _ a p ôː $,default,
bft-Kinship-fathersbrothersson-1,,bft,Kinship-fathersbrothersson,áta reːrêː pʰǒːno,áta_reːrêː_pʰǒːno,á/a t a + r eː r êː/eː + pʰ ǒː/oː n o,,hindukush,,,^ á t a _ r eː r êː _ pʰ ǒː n o $,default,
bft-Kinship-fathersbrothersdaughter-1,,bft,Kinship-fathersbrothersdaughter,áta reːrêː strĩːmó,áta_reːrêː_strĩːmó,á/a t a + r eː r êː/eː + s t r ĩː m ó/o,,hindukush,,,^ á t a _ r eː r êː _ s t r ĩː m ó $,default,
bft-Kinship-fatherssistersson-1,,bft,Kinship-fatherssistersson,"nêːne buː, môːmo nêːne reːrêː pʰǒːno, d͡ʑã́mo nêːne reːrêː pʰǒːno, d͡ʑã́mo nêːne reːrêː mĩːmó",nêːne_buː,n êː/eː n e + b uː,,hindukush,,,^ n êː n e _ b uː $,default,
bft-Kinship-fatherssistersson-2,,bft,Kinship-fatherssistersson,"nêːne buː, môːmo nêːne reːrêː pʰǒːno, d͡ʑã́mo nêːne reːrêː pʰǒːno, d͡ʑã́mo nêːne reːrêː mĩːmó",môːmo_nêːne_reːrêː_pʰǒːno,m ôː/oː m o + n êː/eː n e + r eː r êː/eː + pʰ ǒː/oː n o,,hindukush,,,^ m ôː m o _ n êː n e _ r eː r êː _ pʰ ǒː n o $,default,
bft-Kinship-fatherssistersson-3,,bft,Kinship-fatherssistersson,"nêːne buː, môːmo nêːne reːrêː pʰǒːno, d͡ʑã́mo nêːne reːrêː pʰǒːno, d͡ʑã́mo nêːne reːrêː mĩːmó",d͡ʑã́mo_nêːne_reːrêː_pʰǒːno,dʑ ãː m o + n êː/eː n e + r eː r êː/eː + pʰ ǒː/oː n o,,hindukush,,,^ d͡ʑ ã́ m o _ n êː n e _ r eː r êː _ pʰ ǒː n o $,default,
bft-Kinship-fatherssistersson-4,,bft,Kinship-fatherssistersson,"nêːne buː, môːmo nêːne reːrêː pʰǒːno, d͡ʑã́mo nêːne reːrêː pʰǒːno, d͡ʑã́mo nêːne reːrêː mĩːmó",d͡ʑã́mo_nêːne_reːrêː_mĩːmó,dʑ ãː m o + n êː/eː n e + r eː r êː/eː + m ĩː m ó/o,,hindukush,,,^ d͡ʑ ã́ m o _ n êː n e _ r eː r êː _ m ĩː m ó $,default,
bft-Kinship-fatherssistersdaughter-1,,bft,Kinship-fatherssistersdaughter,"nêːne boŋó, môːmo nêːne reːrêː strĩːmó, môːmo nêːne reːrêː áɕeː, môːmo nêːne reːrêː núŋo",nêːne_boŋó,n êː/eː n e + b o ŋ ó/o,,hindukush,,,^ n êː n e _ b o ŋ ó $,default,
bft-Kinship-fatherssistersdaughter-2,,bft,Kinship-fatherssistersdaughter,"nêːne boŋó, môːmo nêːne reːrêː strĩːmó, môːmo nêːne reːrêː áɕeː, môːmo nêːne reːrêː núŋo",môːmo_nêːne_reːrêː_strĩːmó,m ôː/oː m o + n êː/eː n e + r eː r êː/eː + s t r ĩː m ó/o,,hindukush,,,^ m ôː m o _ n êː n e _ r eː r êː _ s t r ĩː m ó $,default,
bft-Kinship-fatherssistersdaughter-3,,bft,Kinship-fatherssistersdaughter,"nêːne boŋó, môːmo nêːne reːrêː strĩːmó, môːmo nêːne reːrêː áɕeː, môːmo nêːne reːrêː núŋo",môːmo_nêːne_reːrêː_áɕeː,m ôː/oː m o + n êː/eː n e + r eː r êː/eː + á/a ɕ eː,,hindukush,,,^ m ôː m o _ n êː n e _ r eː r êː _ á ɕ eː $,default,
bft-Kinship-fatherssistersdaughter-4,,bft,Kinship-fatherssistersdaughter,"nêːne boŋó, môːmo nêːne reːrêː strĩːmó, môːmo nêːne reːrêː áɕeː, môːmo nêːne reːrêː núŋo",môːmo_nêːne_reːrêː_núŋo,m ôː/oː m o + n êː/eː n e + r eː r êː/eː + n ú/u ŋ o,,hindukush,,,^ m ôː m o _ n êː n e _ r eː r êː _ n ú ŋ o $,default,
bft-Kinship-mothersbrothersson-1,,bft,Kinship-mothersbrothersson,"môːmweː bûː, môːmo nêːne reːrêː pʰǒːno, d͡ʑã́mo nêːne reːrêː pʰǒːno, d͡ʑã́mo nêːne reːrêː mĩːmó",môːmweː_bûː,m ôː/oː mʷ eː + b ûː/uː,,hindukush,,,^ m ôː mw eː _ b ûː $,default,
bft-Kinship-mothersbrothersson-2,,bft,Kinship-mothersbrothersson,"môːmweː bûː, môːmo nêːne reːrêː pʰǒːno, d͡ʑã́mo nêːne reːrêː pʰǒːno, d͡ʑã́mo nêːne reːrêː mĩːmó",môːmo_nêːne_reːrêː_pʰǒːno,m ôː/oː m o + n êː/eː n e + r eː r êː/eː + pʰ ǒː/oː n o,,hindukush,,,^ m ôː m o _ n êː n e _ r eː r êː _ pʰ ǒː n o $,default,
bft-Kinship-mothersbrothersson-3,,bft,Kinship-mothersbrothersson,"môːmweː bûː, môːmo nêːne reːrêː pʰǒːno, d͡ʑã́mo nêːne reːrêː pʰǒːno, d͡ʑã́mo nêːne reːrêː mĩːmó",d͡ʑã́mo_nêːne_reːrêː_pʰǒːno,dʑ ãː m o + n êː/eː n e + r eː r êː/eː + pʰ ǒː/oː n o,,hindukush,,,^ d͡ʑ ã́ m o _ n êː n e _ r eː r êː _ pʰ ǒː n o $,default,
bft-Kinship-mothersbrothersson-4,,bft,Kinship-mothersbrothersson,"môːmweː bûː, môːmo nêːne reːrêː pʰǒːno, d͡ʑã́mo nêːne reːrêː pʰǒːno, d͡ʑã́mo nêːne reːrêː mĩːmó",d͡ʑã́mo_nêːne_reːrêː_mĩːmó,dʑ ãː m o + n êː/eː n e + r eː r êː/eː + m ĩː m ó/o,,hindukush,,,^ d͡ʑ ã́ m o _ n êː n e _ r eː r êː _ m ĩː m ó $,default,
bft-Kinship-mothersbrothersdaughter-1,,bft,Kinship-mothersbrothersdaughter,"môːmweː boŋó, môːmo nêːne reːrêː strĩːmó, môːmo nêːne reːrêː áɕeː núŋo",môːmweː_boŋó,m ôː/oː mʷ eː + b o ŋ ó/o,,hindukush,,,^ m ôː mw eː _ b o ŋ ó $,default,
bft-Kinship-mothersbrothersdaughter-2,,bft,Kinship-mothersbrothersdaughter,"môːmweː boŋó, môːmo nêːne reːrêː strĩːmó, môːmo nêːne reːrêː áɕeː núŋo",môːmo_nêːne_reːrêː_strĩːmó,m ôː/oː m o + n êː/eː n e + r eː r êː/eː + s t r ĩː m ó/o,,hindukush,,,^ m ôː m o _ n êː n e _ r eː r êː _ s t r ĩː m ó $,default,
bft-Kinship-mothersbrothersdaughter-3,,bft,Kinship-mothersbrothersdaughter,"môːmweː boŋó, môːmo nêːne reːrêː strĩːmó, môːmo nêːne reːrêː áɕeː núŋo",môːmo_nêːne_reːrêː_áɕeː_núŋo,m ôː/oː m o + n êː/eː n e + r eː r êː/eː + á/a ɕ eː + n ú/u ŋ o,,hindukush,,,^ m ôː m o _ n êː n e _ r eː r êː _ á ɕ eː _ n ú ŋ o $,default,
bft-Kinship-motherssistersson-1,,bft,Kinship-motherssistersson,"mat͡ɕúŋiː bûː, mat͡ɕúŋ reːrêː pʰǒːno, mat͡ɕúŋ reːrêː mĩːmó",mat͡ɕúŋiː_bûː,m a tɕ ú/u ŋ iː + b ûː/uː,,hindukush,,,^ m a t͡ɕ ú ŋ iː _ b ûː $,default,
bft-Kinship-motherssistersson-2,,bft,Kinship-motherssistersson,"mat͡ɕúŋiː bûː, mat͡ɕúŋ reːrêː pʰǒːno, mat͡ɕúŋ reːrêː mĩːmó",mat͡ɕúŋ_reːrêː_pʰǒːno,m a tɕ ú/u ŋ + r eː r êː/eː + pʰ ǒː/oː n o,,hindukush,,,^ m a t͡ɕ ú ŋ _ r eː r êː _ pʰ ǒː n o $,default,
bft-Kinship-motherssistersson-3,,bft,Kinship-motherssistersson,"mat͡ɕúŋiː bûː, mat͡ɕúŋ reːrêː pʰǒːno, mat͡ɕúŋ reːrêː mĩːmó",mat͡ɕúŋ_reːrêː_mĩːmó,m a tɕ ú/u ŋ + r eː r êː/eː + m ĩː m ó/o,,hindukush,,,^ m a t͡ɕ ú ŋ _ r eː r êː _ m ĩː m ó $,default,
bft-Kinship-motherssistersdaughter-1,,bft,Kinship-motherssistersdaughter,"mat͡ɕúŋiː boŋó, mat͡ɕúŋ reːrêː strĩːmó, mat͡ɕúŋ reːrêː áɕeː núŋo",mat͡ɕúŋiː_boŋó,m a tɕ ú/u ŋ iː + b o ŋ ó/o,,hindukush,,,^ m a t͡ɕ ú ŋ iː _ b o ŋ ó $,default,
bft-Kinship-motherssistersdaughter-2,,bft,Kinship-motherssistersdaughter,"mat͡ɕúŋiː boŋó, mat͡ɕúŋ reːrêː strĩːmó, mat͡ɕúŋ reːrêː áɕeː núŋo",mat͡ɕúŋ_reːrêː_strĩːmó,m a tɕ ú/u ŋ + r eː r êː/eː + s t r ĩː m ó/o,,hindukush,,,^ m a t͡ɕ ú ŋ _ r eː r êː _ s t r ĩː m ó $,default,
bft-Kinship-motherssistersdaughter-3,,bft,Kinship-motherssistersdaughter,"mat͡ɕúŋiː boŋó, mat͡ɕúŋ reːrêː strĩːmó, mat͡ɕúŋ reːrêː áɕeː núŋo",mat͡ɕúŋ_reːrêː_áɕeː_núŋo,m a tɕ ú/u ŋ + r eː r êː/eː + á/a ɕ eː + n ú/u ŋ o,,hindukush,,,^ m a t͡ɕ ú ŋ _ r eː r êː _ á ɕ eː _ n ú ŋ o $,default,
bft-Kinship-relative-1,,bft,Kinship-relative,sɲen,sɲen,s ɲ e n,,hindukush,,,^ s ɲ e n $,default,
bft-Kinship-affinalrelative-1,,bft,Kinship-affinalrelative,ɕah t͡ɕʰad měːnmi hr̥ɲen,ɕah_t͡ɕʰad_měːnmi_hr̥ɲen,ɕ a h + tɕʰ a d + m ěː/eː n m i + h r̥ ɲ e n,,hindukush,,,^ ɕ a h _ t͡ɕʰ a d _ m ěː n m i _ h r̥ ɲ e n $,default,
bft-Kinship-bloodrelative-1,,bft,Kinship-bloodrelative,ɕah t͡ɕʰad hr̥ɲen,ɕah_t͡ɕʰad_hr̥ɲen,ɕ a h + tɕʰ a d + h r̥ ɲ e n,,hindukush,,,^ ɕ a h _ t͡ɕʰ a d _ h r̥ ɲ e n $,default,
bft-Kinship-wifesrelatives-1,,bft,Kinship-wifesrelatives,namôːbi hr̥ɲen,namôːbi_hr̥ɲen,n a m ôː/oː b i + h r̥ ɲ e n,,hindukush,,,^ n a m ôː b i _ h r̥ ɲ e n $,default,
bft-Kinship-headofhousehold-1,,bft,Kinship-headofhousehold,kʰaŋgôː,kʰaŋgôː,kʰ a ŋ g ôː/oː,,hindukush,,,^ kʰ a ŋ g ôː $,default,
bft-Kinship-halfsistersamefatherdifferentmother-1,,bft,Kinship-halfsistersamefatherdifferentmother,"áta t͡ɕíkpi strĩːmó, áta t͡ɕíkpi áɕeː núŋo",áta_t͡ɕíkpi_strĩːmó,á/a t a + tɕ í/i k p i + s t r ĩː m ó/o,,hindukush,,,^ á t a _ t͡ɕ í k p i _ s t r ĩː m ó $,default,
bft-Kinship-halfsistersamefatherdifferentmother-2,,bft,Kinship-halfsistersamefatherdifferentmother,"áta t͡ɕíkpi strĩːmó, áta t͡ɕíkpi áɕeː núŋo",áta_t͡ɕíkpi_áɕeː_núŋo,á/a t a + tɕ í/i k p i + á/a ɕ eː + n ú/u ŋ o,,hindukush,,,^ á t a _ t͡ɕ í k p i _ á ɕ eː _ n ú ŋ o $,default,
bft-Kinship-halfbrothersamefatherdifferentmother-1,,bft,Kinship-halfbrothersamefatherdifferentmother,"áta t͡ɕíkpi pʰǒːno, áta t͡ɕíkpi mĩːmó",áta_t͡ɕíkpi_pʰǒːno,á/a t a + tɕ í/i k p i + pʰ ǒː/oː n o,,hindukush,,,^ á t a _ t͡ɕ í k p i _ pʰ ǒː n o $,default,
bft-Kinship-halfbrothersamefatherdifferentmother-2,,bft,Kinship-halfbrothersamefatherdifferentmother,"áta t͡ɕíkpi pʰǒːno, áta t͡ɕíkpi mĩːmó",áta_t͡ɕíkpi_mĩːmó,á/a t a + tɕ í/i k p i + m ĩː m ó/o,,hindukush,,,^ á t a _ t͡ɕ í k p i _ m ĩː m ó $,default,
bft-Kinship-halfsistersamemotherdifferentfather-1,,bft,Kinship-halfsistersamemotherdifferentfather,"áŋo t͡ɕíkpi strĩːmó, áŋo t͡ɕíkpi áɕeː núŋo",áŋo_t͡ɕíkpi_strĩːmó,á/a ŋ o + tɕ í/i k p i + s t r ĩː m ó/o,,hindukush,,,^ á ŋ o _ t͡ɕ í k p i _ s t r ĩː m ó $,default,
bft-Kinship-halfsistersamemotherdifferentfather-2,,bft,Kinship-halfsistersamemotherdifferentfather,"áŋo t͡ɕíkpi strĩːmó, áŋo t͡ɕíkpi áɕeː núŋo",áŋo_t͡ɕíkpi_áɕeː_núŋo,á/a ŋ o + tɕ í/i k p i + á/a ɕ eː + n ú/u ŋ o,,hindukush,,,^ á ŋ o _ t͡ɕ í k p i _ á ɕ eː _ n ú ŋ o $,default,
bft-Kinship-halfbrothersamemotherdifferentfather-1,,bft,Kinship-halfbrothersamemotherdifferentfather,"áŋo t͡ɕíkpi pʰǒːno, áŋo t͡ɕíkpi mĩːmó",áŋo_t͡ɕíkpi_pʰǒːno,á/a ŋ o + tɕ í/i k p i + pʰ ǒː/oː n o,,hindukush,,,^ á ŋ o _ t͡ɕ í k p i _ pʰ ǒː n o $,default,
bft-Kinship-halfbrothersamemotherdifferentfather-2,,bft,Kinship-halfbrothersamemotherdifferentfather,"áŋo t͡ɕíkpi pʰǒːno, áŋo t͡ɕíkpi mĩːmó",áŋo_t͡ɕíkpi_mĩːmó,á/a ŋ o + tɕ í/i k p i + m ĩː m ó/o,,hindukush,,,^ á ŋ o _ t͡ɕ í k p i _ m ĩː m ó $,default,
btv-Kinship-father-1,,btv,Kinship-father,mʰal,mʰal,mʰ a l,,hindukush,,,^ mʰ a l $,default,
btv-Kinship-mother-1,,btv,Kinship-mother,mʰijaːl,mʰijaːl,mʰ i j aː l,,hindukush,,,^ mʰ i j aː l $,default,
btv-Kinship-parent-1,,btv,Kinship-parent,mʰali mʰijaːl,mʰali_mʰijaːl,mʰ a l i + mʰ i j aː l,,hindukush,,,^ mʰ a l i _ mʰ i j aː l $,default,
btv-Kinship-son-1,,btv,Kinship-son,puːʈ͡ʂ,puːʈ͡ʂ,p uː ʈʂ,,hindukush,,,^ p uː ʈ͡ʂ $,default,
btv-Kinship-daughter-1,,btv,Kinship-daughter,dʰiː,dʰiː,dʰ iː,,hindukush,,,^ dʰ iː $,default,
btv-Kinship-ownchild-1,,btv,Kinship-ownchild,apãː t͡sun,apãː_t͡sun,a p ãː + ts u n,,hindukush,,,^ a p ãː _ t͡s u n $,default,
btv-Kinship-brother-1,,btv,Kinship-brother,ɖ͡ʐʰũː,ɖ͡ʐʰũː,ɖʐʰ ũː,,hindukush,,,^ ɖ͡ʐʰ ũː $,default,
btv-Kinship-sister-1,,btv,Kinship-sister,bʰijũː,bʰijũː,bʰ i j ũː,,hindukush,,,^ bʰ i j ũː $,default,
btv-Kinship-olderbrother-1,,btv,Kinship-olderbrother,gʰa͡ẽr ɖ͡ʐʰũː,gʰa͡ẽr_ɖ͡ʐʰũː,gʰ ae r + ɖʐʰ ũː,,hindukush,,,^ gʰ a͡ẽ r _ ɖ͡ʐʰ ũː $,default,
btv-Kinship-youngerbrother-1,,btv,Kinship-youngerbrother,piʈuː ɖ͡ʐʰũː,piʈuː_ɖ͡ʐʰũː,p i ʈ uː + ɖʐʰ ũː,,hindukush,,,^ p i ʈ uː _ ɖ͡ʐʰ ũː $,default,
btv-Kinship-oldersister-1,,btv,Kinship-oldersister,gʰa͡ẽ bʰijũː,gʰa͡ẽ_bʰijũː,gʰ ae + bʰ i j ũː,,hindukush,,,^ gʰ a͡ẽ _ bʰ i j ũː $,default,
btv-Kinship-youngersister-1,,btv,Kinship-youngersister,pʰiʈa͡ẽ bʰijũː,pʰiʈa͡ẽ_bʰijũː,pʰ i ʈ ae + bʰ i j ũː,,hindukush,,,^ pʰ i ʈ a͡ẽ _ bʰ i j ũː $,default,
btv-Kinship-fathersfather-1,,btv,Kinship-fathersfather,doː,doː,d oː,,hindukush,,,^ d oː $,default,
btv-Kinship-fathersmother-1,,btv,Kinship-fathersmother,daː,daː,d aː,,hindukush,,,^ d aː $,default,
btv-Kinship-mothersfather-1,,btv,Kinship-mothersfather,doː,doː,d oː,,hindukush,,,^ d oː $,default,
btv-Kinship-mothersmother-1,,btv,Kinship-mothersmother,daː,daː,d aː,,hindukush,,,^ d aː $,default,
btv-Kinship-sonsson-1,,btv,Kinship-sonsson,poːʐ,poːʐ,p oː ʐ,,hindukush,,,^ p oː ʐ $,default,
btv-Kinship-sonsdaughter-1,,btv,Kinship-sonsdaughter,poeːʐ,poeːʐ,p o eː ʐ,,hindukush,,,^ p oeː ʐ $,default,
btv-Kinship-daughtersson-1,,btv,Kinship-daughtersson,poːʐ,poːʐ,p oː ʐ,,hindukush,,,^ p oː ʐ $,default,
btv-Kinship-daughtersdaughter-1,,btv,Kinship-daughtersdaughter,poeːʐ,poeːʐ,p o eː ʐ,,hindukush,,,^ p oeː ʐ $,default,
btv-Kinship-fathersbrother-1,,btv,Kinship-fathersbrother,piʈ͡ʂijuː,piʈ͡ʂijuː,p i ʈʂ i j uː,,hindukush,,,^ p i ʈ͡ʂ i j uː $,default,
btv-Kinship-fathersolderbrother-1,,btv,Kinship-fathersolderbrother,piʈ͡ʂijuː,piʈ͡ʂijuː,p i ʈʂ i j uː,,hindukush,,,^ p i ʈ͡ʂ i j uː $,default,
btv-Kinship-fathersyoungerbrother-1,,btv,Kinship-fathersyoungerbrother,piʈ͡ʂijuː,piʈ͡ʂijuː,p i ʈʂ i j uː,,hindukush,,,^ p i ʈ͡ʂ i j uː $,default,
btv-Kinship-fatherssister-1,,btv,Kinship-fatherssister,pʰaː,pʰaː,pʰ aː,,hindukush,,,^ pʰ aː $,default,
btv-Kinship-fathersoldersister-1,,btv,Kinship-fathersoldersister,pʰaːjuː,pʰaːjuː,pʰ aː j uː,,hindukush,,,^ pʰ aː j uː $,default,
btv-Kinship-fathersyoungersister-1,,btv,Kinship-fathersyoungersister,pʰaːʈa͡ẽ,pʰaːʈa͡ẽ,pʰ aː ʈ ae,,hindukush,,,^ pʰ aː ʈ a͡ẽ $,default,
btv-Kinship-mothersbrother-1,,btv,Kinship-mothersbrother,"mam, maːma͡ẽ",mam,m a m,,hindukush,,,^ m a m $,default,
btv-Kinship-mothersbrother-2,,btv,Kinship-mothersbrother,"mam, maːma͡ẽ",maːma͡ẽ,m aː m ae,,hindukush,,,^ m aː m a͡ẽ $,default,
btv-Kinship-mothersolderbrother-1,,btv,Kinship-mothersolderbrother,maːma͡ẽ,maːma͡ẽ,m aː m ae,,hindukush,,,^ m aː m a͡ẽ $,default,
btv-Kinship-mothersyoungerbrother-1,,btv,Kinship-mothersyoungerbrother,"mam, maːma͡ẽ",mam,m a m,,hindukush,,,^ m a m $,default,
btv-Kinship-mothersyoungerbrother-2,,btv,Kinship-mothersyoungerbrother,"mam, maːma͡ẽ",maːma͡ẽ,m aː m ae,,hindukush,,,^ m aː m a͡ẽ $,default,
btv-Kinship-motherssister-1,,btv,Kinship-motherssister,maːseː,maːseː,m aː s eː,,hindukush,,,^ m aː s eː $,default,
btv-Kinship-mothersoldersister-1,,btv,Kinship-mothersoldersister,maːseː,maːseː,m aː s eː,,hindukush,,,^ m aː s eː $,default,
btv-Kinship-mothersyoungersister-1,,btv,Kinship-mothersyoungersister,maːseː,maːseː,m aː s eː,,hindukush,,,^ m aː s eː $,default,
btv-Kinship-brothersson-1,,btv,Kinship-brothersson,ɖ͡ʐoʈ͡ʂ,ɖ͡ʐoʈ͡ʂ,ɖʐ o ʈʂ,,hindukush,,,^ ɖ͡ʐ o ʈ͡ʂ $,default,
btv-Kinship-brothersdaughter-1,,btv,Kinship-brothersdaughter,ɖ͡ʐʰaːdiː,ɖ͡ʐʰaːdiː,ɖʐʰ aː d iː,,hindukush,,,^ ɖ͡ʐʰ aː d iː $,default,
btv-Kinship-sistersson-1,,btv,Kinship-sistersson,χoreː,χoreː,χ o r eː,,hindukush,,,^ χ o r eː $,default,
btv-Kinship-sistersdaughter-1,,btv,Kinship-sistersdaughter,sazuj,sazuj,s a z u j,,hindukush,,,^ s a z u j $,default,
btv-Kinship-husband-1,,btv,Kinship-husband,barijuː,barijuː,b a r i j uː,,hindukush,,,^ b a r i j uː $,default,
btv-Kinship-wife-1,,btv,Kinship-wife,nah,nah,n a h,,hindukush,,,^ n a h $,default,
btv-Kinship-fathersolderbrotherswife-1,,btv,Kinship-fathersolderbrotherswife,naːniː,naːniː,n aː n iː,,hindukush,,,^ n aː n iː $,default,
btv-Kinship-fathersyoungerbrotherswife-1,,btv,Kinship-fathersyoungerbrotherswife,naːniː,naːniː,n aː n iː,,hindukush,,,^ n aː n iː $,default,
btv-Kinship-mothersbrotherswife-1,,btv,Kinship-mothersbrotherswife,malãː,malãː,m a l ãː,,hindukush,,,^ m a l ãː $,default,
btv-Kinship-motherssistershusband-1,,btv,Kinship-motherssistershusband,mam,mam,m a m,,hindukush,,,^ m a m $,default,
btv-Kinship-sonswife-1,,btv,Kinship-sonswife,bʰeːʈ,bʰeːʈ,bʰ eː ʈ,,hindukush,,,^ bʰ eː ʈ $,default,
btv-Kinship-daughtershusband-1,,btv,Kinship-daughtershusband,z+C:AUumgeː,z+C:AUumgeː,z tʃ ? ? u m g eː,,hindukush,,,^ z + C: A U u m g eː $,default,
btv-Kinship-brotherswifemaleego-1,,btv,Kinship-brotherswifemaleego,ɖ͡ʐʰaːzeː,ɖ͡ʐʰaːzeː,ɖʐʰ aː z eː,,hindukush,,,^ ɖ͡ʐʰ aː z eː $,default,
btv-Kinship-brotherswifefemaleego-1,,btv,Kinship-brotherswifefemaleego,ɖ͡ʐʰaːzeː,ɖ͡ʐʰaːzeː,ɖʐʰ aː z eː,,hindukush,,,^ ɖ͡ʐʰ aː z eː $,default,
btv-Kinship-sistershusbandmaleego-1,,btv,Kinship-sistershusbandmaleego,saːrũː,saːrũː,s aː r ũː,,hindukush,,,^ s aː r ũː $,default,
btv-Kinship-sistershusbandfemaleego-1,,btv,Kinship-sistershusbandfemaleego,saːrũː,saːrũː,s aː r ũː,,hindukush,,,^ s aː r ũː $,default,
btv-Kinship-wifesfather-1,,btv,Kinship-wifesfather,ʃoːr,ʃoːr,ʃ oː r,,hindukush,,,^ ʃ oː r $,default,
btv-Kinship-wifesmother-1,,btv,Kinship-wifesmother,ʂaːʂ,ʂaːʂ,ʂ aː ʂ,,hindukush,,,^ ʂ aː ʂ $,default,
btv-Kinship-husbandsfather-1,,btv,Kinship-husbandsfather,ʃoːr,ʃoːr,ʃ oː r,,hindukush,,,^ ʃ oː r $,default,
btv-Kinship-husbandsmother-1,,btv,Kinship-husbandsmother,ʂaːʂ,ʂaːʂ,ʂ aː ʂ,,hindukush,,,^ ʂ aː ʂ $,default,
btv-Kinship-husbandsbrother-1,,btv,Kinship-husbandsbrother,kẽːʈ,kẽːʈ,k ẽː ʈ,,hindukush,,,^ k ẽː ʈ $,default,
btv-Kinship-husbandssister-1,,btv,Kinship-husbandssister,za͡ẽl,za͡ẽl,z ae l,,hindukush,,,^ z a͡ẽ l $,default,
btv-Kinship-wifesbrother-1,,btv,Kinship-wifesbrother,saːrũː,saːrũː,s aː r ũː,,hindukush,,,^ s aː r ũː $,default,
btv-Kinship-wifessister-1,,btv,Kinship-wifessister,saːrãː,saːrãː,s aː r ãː,,hindukush,,,^ s aː r ãː $,default,
btv-Kinship-husbandsbrotherswife-1,,btv,Kinship-husbandsbrotherswife,dʰeːrãː,dʰeːrãː,dʰ eː r ãː,,hindukush,,,^ dʰ eː r ãː $,default,
btv-Kinship-wifessistershusband-1,,btv,Kinship-wifessistershusband,saːɳɖuː,saːɳɖuː,s aː ɳ ɖ uː,,hindukush,,,^ s aː ɳ ɖ uː $,default,
btv-Kinship-cowife-1,,btv,Kinship-cowife,habijãː,habijãː,h a b i j ãː,,hindukush,,,^ h a b i j ãː $,default,
btv-Kinship-stepmother-1,,btv,Kinship-stepmother,mireː mʰijaːl,mireː_mʰijaːl,m i r eː + mʰ i j aː l,,hindukush,,,^ m i r eː _ mʰ i j aː l $,default,
btv-Kinship-stepfather-1,,btv,Kinship-stepfather,mireː mʰal,mireː_mʰal,m i r eː + mʰ a l,,hindukush,,,^ m i r eː _ mʰ a l $,default,
btv-Kinship-stepson-1,,btv,Kinship-stepson,mireː so ɖ͡ʐʰũː,mireː_so_ɖ͡ʐʰũː,m i r eː + s o + ɖʐʰ ũː,,hindukush,,,^ m i r eː _ s o _ ɖ͡ʐʰ ũː $,default,
btv-Kinship-stepdaughter-1,,btv,Kinship-stepdaughter,mireː so bʰijũː,mireː_so_bʰijũː,m i r eː + s o + bʰ i j ũː,,hindukush,,,^ m i r eː _ s o _ bʰ i j ũː $,default,
btv-Kinship-fathersfathersfather-1,,btv,Kinship-fathersfathersfather,par doː,par_doː,p a r + d oː,,hindukush,,,^ p a r _ d oː $,default,
btv-Kinship-mothersmothersmother-1,,btv,Kinship-mothersmothersmother,par daː,par_daː,p a r + d aː,,hindukush,,,^ p a r _ d aː $,default,
btv-Kinship-forefather-1,,btv,Kinship-forefather,hur nijakah,hur_nijakah,h u r + n i j a k a h,,hindukush,,,^ h u r _ n i j a k a h $,default,
btv-Kinship-fathersbrothersson-1,,btv,Kinship-fathersbrothersson,piʈ͡ʂeː so puːʈ͡ʂ,piʈ͡ʂeː_so_puːʈ͡ʂ,p i ʈʂ eː + s o + p uː ʈʂ,,hindukush,,,^ p i ʈ͡ʂ eː _ s o _ p uː ʈ͡ʂ $,default,
btv-Kinship-fathersbrothersdaughter-1,,btv,Kinship-fathersbrothersdaughter,piʈ͡ʂeː so dʰiː,piʈ͡ʂeː_so_dʰiː,p i ʈʂ eː + s o + dʰ iː,,hindukush,,,^ p i ʈ͡ʂ eː _ s o _ dʰ iː $,default,
btv-Kinship-fatherssistersson-1,,btv,Kinship-fatherssistersson,pʰaː so puːʈ͡ʂ,pʰaː_so_puːʈ͡ʂ,pʰ aː + s o + p uː ʈʂ,,hindukush,,,^ pʰ aː _ s o _ p uː ʈ͡ʂ $,default,
btv-Kinship-fatherssistersdaughter-1,,btv,Kinship-fatherssistersdaughter,pʰaː so dʰiː,pʰaː_so_dʰiː,pʰ aː + s o + dʰ iː,,hindukush,,,^ pʰ aː _ s o _ dʰ iː $,default,
btv-Kinship-mothersbrothersson-1,,btv,Kinship-mothersbrothersson,mam so puːʈ͡ʂ,mam_so_puːʈ͡ʂ,m a m + s o + p uː ʈʂ,,hindukush,,,^ m a m _ s o _ p uː ʈ͡ʂ $,default,
btv-Kinship-mothersbrothersdaughter-1,,btv,Kinship-mothersbrothersdaughter,mam so dʰiː,mam_so_dʰiː,m a m + s o + dʰ iː,,hindukush,,,^ m a m _ s o _ dʰ iː $,default,
btv-Kinship-motherssistersson-1,,btv,Kinship-motherssistersson,maːsijoː,maːsijoː,m aː s i j oː,,hindukush,,,^ m aː s i j oː $,default,
btv-Kinship-motherssistersdaughter-1,,btv,Kinship-motherssistersdaughter,maːsijãː,maːsijãː,m aː s i j ãː,,hindukush,,,^ m aː s i j ãː $,default,
btv-Kinship-relative-1,,btv,Kinship-relative,nisbatiː,nisbatiː,n i s b a t iː,,hindukush,,,^ n i s b a t iː $,default,
btv-Kinship-bloodrelative-1,,btv,Kinship-bloodrelative,rat so nasabiː,rat_so_nasabiː,r a t + s o + n a s a b iː,,hindukush,,,^ r a t _ s o _ n a s a b iː $,default,
btv-Kinship-wifesrelatives-1,,btv,Kinship-wifesrelatives,ʃoːri keː,ʃoːri_keː,ʃ oː r i + k eː,,hindukush,,,^ ʃ oː r i _ k eː $,default,
btv-Kinship-headofhousehold-1,,btv,Kinship-headofhousehold,gʰeːt,gʰeːt,gʰ eː t,,hindukush,,,^ gʰ eː t $,default,
btv-Kinship-headoftribe-1,,btv,Kinship-headoftribe,gʰa͡ẽːr,gʰa͡ẽːr,gʰ aeː r,,hindukush,,,^ gʰ a͡ẽː r $,default,
btv-Kinship-halfsistersamefatherdifferentmother-1,,btv,Kinship-halfsistersamefatherdifferentmother,mʰal zʰaː bʰijũː,mʰal_zʰaː_bʰijũː,mʰ a l + zʰ aː + bʰ i j ũː,,hindukush,,,^ mʰ a l _ zʰ aː _ bʰ i j ũː $,default,
btv-Kinship-halfbrothersamefatherdifferentmother-1,,btv,Kinship-halfbrothersamefatherdifferentmother,mʰal zoː ɖ͡ʐʰũː,mʰal_zoː_ɖ͡ʐʰũː,mʰ a l + z oː + ɖʐʰ ũː,,hindukush,,,^ mʰ a l _ z oː _ ɖ͡ʐʰ ũː $,default,
btv-Kinship-halfsistersamemotherdifferentfather-1,,btv,Kinship-halfsistersamemotherdifferentfather,mʰal zʰaː bʰijũː,mʰal_zʰaː_bʰijũː,mʰ a l + zʰ aː + bʰ i j ũː,,hindukush,,,^ mʰ a l _ zʰ aː _ bʰ i j ũː $,default,
btv-Kinship-halfbrothersamemotherdifferentfather-1,,btv,Kinship-halfbrothersamemotherdifferentfather,mʰal zoː ɖ͡ʐʰũː,mʰal_zoː_ɖ͡ʐʰũː,mʰ a l + z oː + ɖʐʰ ũː,,hindukush,,,^ mʰ a l _ z oː _ ɖ͡ʐʰ ũː $,default,
bkk-Kinship-father-1,,bkk,Kinship-father,boː,boː,b oː,,hindukush,,,^ b oː $,default,
bkk-Kinship-mother-1,,bkk,Kinship-mother,aːj,aːj,aː j,,hindukush,,,^ aː j $,default,
bkk-Kinship-parent-1,,bkk,Kinship-parent,pʰæmæ,pʰæmæ,pʰ æ m æ,,hindukush,,,^ pʰ æ m æ $,default,
bkk-Kinship-son-1,,bkk,Kinship-son,bjøː,bjøː,b j øː,,hindukush,,,^ b j øː $,default,
bkk-Kinship-daughter-1,,bkk,Kinship-daughter,muleː,muleː,m u l eː,,hindukush,,,^ m u l eː $,default,
bkk-Kinship-ownchild-1,,bkk,Kinship-ownchild,sina,sina,s i n a,,hindukush,,,^ s i n a $,default,
bkk-Kinship-brother-1,,bkk,Kinship-brother,"baːjo, ʐuʐoː",baːjo,b aː j o,,hindukush,,,^ b aː j o $,default,
bkk-Kinship-brother-2,,bkk,Kinship-brother,"baːjo, ʐuʐoː",ʐuʐoː,ʐ u ʐ oː,,hindukush,,,^ ʐ u ʐ oː $,default,
bkk-Kinship-sister-1,,bkk,Kinship-sister,sasnjo,sasnjo,s a s n j o,,hindukush,,,^ s a s n j o $,default,
bkk-Kinship-olderbrother-1,,bkk,Kinship-olderbrother,boːno baːjo,boːno_baːjo,b oː n o + b aː j o,,hindukush,,,^ b oː n o _ b aː j o $,default,
bkk-Kinship-youngerbrother-1,,bkk,Kinship-youngerbrother,seːno ʐuʐoː,seːno_ʐuʐoː,s eː n o + ʐ u ʐ oː,,hindukush,,,^ s eː n o _ ʐ u ʐ oː $,default,
bkk-Kinship-oldersister-1,,bkk,Kinship-oldersister,boːni qakeː,boːni_qakeː,b oː n i + q a k eː,,hindukush,,,^ b oː n i _ q a k eː $,default,
bkk-Kinship-youngersister-1,,bkk,Kinship-youngersister,seːni qakeː,seːni_qakeː,s eː n i + q a k eː,,hindukush,,,^ s eː n i _ q a k eː $,default,
bkk-Kinship-fathersfather-1,,bkk,Kinship-fathersfather,duːdo,duːdo,d uː d o,,hindukush,,,^ d uː d o $,default,
bkk-Kinship-fathersmother-1,,bkk,Kinship-fathersmother,dædeː,dædeː,d æ d eː,,hindukush,,,^ d æ d eː $,default,
bkk-Kinship-mothersfather-1,,bkk,Kinship-mothersfather,duːdo,duːdo,d uː d o,,hindukush,,,^ d uː d o $,default,
bkk-Kinship-mothersmother-1,,bkk,Kinship-mothersmother,dædeː,dædeː,d æ d eː,,hindukush,,,^ d æ d eː $,default,
bkk-Kinship-sonsson-1,,bkk,Kinship-sonsson,poːʈo,poːʈo,p oː ʈ o,,hindukush,,,^ p oː ʈ o $,default,
bkk-Kinship-sonsdaughter-1,,bkk,Kinship-sonsdaughter,pøːʈi,pøːʈi,p øː ʈ i,,hindukush,,,^ p øː ʈ i $,default,
bkk-Kinship-daughtersson-1,,bkk,Kinship-daughtersson,poːʈo,poːʈo,p oː ʈ o,,hindukush,,,^ p oː ʈ o $,default,
bkk-Kinship-daughtersdaughter-1,,bkk,Kinship-daughtersdaughter,pøːʈi,pøːʈi,p øː ʈ i,,hindukush,,,^ p øː ʈ i $,default,
bkk-Kinship-fathersbrother-1,,bkk,Kinship-fathersbrother,boː,boː,b oː,,hindukush,,,^ b oː $,default,
bkk-Kinship-fathersolderbrother-1,,bkk,Kinship-fathersolderbrother,boːno boː,boːno_boː,b oː n o + b oː,,hindukush,,,^ b oː n o _ b oː $,default,
bkk-Kinship-fathersyoungerbrother-1,,bkk,Kinship-fathersyoungerbrother,seːno boː,seːno_boː,s eː n o + b oː,,hindukush,,,^ s eː n o _ b oː $,default,
bkk-Kinship-fatherssister-1,,bkk,Kinship-fatherssister,peːpeː,peːpeː,p eː p eː,,hindukush,,,^ p eː p eː $,default,
bkk-Kinship-fathersoldersister-1,,bkk,Kinship-fathersoldersister,boːni peːpeː,boːni_peːpeː,b oː n i + p eː p eː,,hindukush,,,^ b oː n i _ p eː p eː $,default,
bkk-Kinship-fathersyoungersister-1,,bkk,Kinship-fathersyoungersister,seːni peːpeː,seːni_peːpeː,s eː n i + p eː p eː,,hindukush,,,^ s eː n i _ p eː p eː $,default,
bkk-Kinship-mothersbrother-1,,bkk,Kinship-mothersbrother,muːmo,muːmo,m uː m o,,hindukush,,,^ m uː m o $,default,
bkk-Kinship-mothersolderbrother-1,,bkk,Kinship-mothersolderbrother,boːnoː muːmo,boːnoː_muːmo,b oː n oː + m uː m o,,hindukush,,,^ b oː n oː _ m uː m o $,default,
bkk-Kinship-mothersyoungerbrother-1,,bkk,Kinship-mothersyoungerbrother,seːnoː muːmo,seːnoː_muːmo,s eː n oː + m uː m o,,hindukush,,,^ s eː n oː _ m uː m o $,default,
bkk-Kinship-mothersoldersister-1,,bkk,Kinship-mothersoldersister,boːni aːj,boːni_aːj,b oː n i + aː j,,hindukush,,,^ b oː n i _ aː j $,default,
bkk-Kinship-mothersyoungersister-1,,bkk,Kinship-mothersyoungersister,seːni aːj,seːni_aːj,s eː n i + aː j,,hindukush,,,^ s eː n i _ aː j $,default,
bkk-Kinship-brothersson-1,,bkk,Kinship-brothersson,sazoː,sazoː,s a z oː,,hindukush,,,^ s a z oː $,default,
bkk-Kinship-brothersdaughter-1,,bkk,Kinship-brothersdaughter,sazøj,sazøj,s a z ø j,,hindukush,,,^ s a z ø j $,default,
bkk-Kinship-sistersson-1,,bkk,Kinship-sistersson,sazoː,sazoː,s a z oː,,hindukush,,,^ s a z oː $,default,
bkk-Kinship-sistersdaughter-1,,bkk,Kinship-sistersdaughter,sazøj,sazøj,s a z ø j,,hindukush,,,^ s a z ø j $,default,
bkk-Kinship-husband-1,,bkk,Kinship-husband,barøː,barøː,b a r øː,,hindukush,,,^ b a r øː $,default,
bkk-Kinship-wife-1,,bkk,Kinship-wife,ʈʰiga,ʈʰiga,ʈʰ i g a,,hindukush,,,^ ʈʰ i g a $,default,
bkk-Kinship-fathersolderbrotherswife-1,,bkk,Kinship-fathersolderbrotherswife,aːj,aːj,aː j,,hindukush,,,^ aː j $,default,
bkk-Kinship-fathersyoungerbrotherswife-1,,bkk,Kinship-fathersyoungerbrotherswife,seːni aːj,seːni_aːj,s eː n i + aː j,,hindukush,,,^ s eː n i _ aː j $,default,
bkk-Kinship-fatherssistershusband-1,,bkk,Kinship-fatherssistershusband,muːmo,muːmo,m uː m o,,hindukush,,,^ m uː m o $,default,
bkk-Kinship-mothersbrotherswife-1,,bkk,Kinship-mothersbrotherswife,pæpeː,pæpeː,p æ p eː,,hindukush,,,^ p æ p eː $,default,
bkk-Kinship-motherssistershusband-1,,bkk,Kinship-motherssistershusband,boː,boː,b oː,,hindukush,,,^ b oː $,default,
bkk-Kinship-sonswife-1,,bkk,Kinship-sonswife,nyʃ,nyʃ,n y ʃ,,hindukush,,,^ n y ʃ $,default,
bkk-Kinship-daughtershusband-1,,bkk,Kinship-daughtershusband,ʒamoː,ʒamoː,ʒ a m oː,,hindukush,,,^ ʒ a m oː $,default,
bkk-Kinship-brotherswifemaleego-1,,bkk,Kinship-brotherswifemaleego,ʒara,ʒara,ʒ a r a,,hindukush,,,^ ʒ a r a $,default,
bkk-Kinship-brotherswifefemaleego-1,,bkk,Kinship-brotherswifefemaleego,ʒara,ʒara,ʒ a r a,,hindukush,,,^ ʒ a r a $,default,
bkk-Kinship-sistershusbandmaleego-1,,bkk,Kinship-sistershusbandmaleego,"baːjo, ʐuʐoː",baːjo,b aː j o,,hindukush,,,^ b aː j o $,default,
bkk-Kinship-sistershusbandmaleego-2,,bkk,Kinship-sistershusbandmaleego,"baːjo, ʐuʐoː",ʐuʐoː,ʐ u ʐ oː,,hindukush,,,^ ʐ u ʐ oː $,default,
bkk-Kinship-sistershusbandfemaleego-1,,bkk,Kinship-sistershusbandfemaleego,"qakeː, sas",qakeː,q a k eː,,hindukush,,,^ q a k eː $,default,
bkk-Kinship-sistershusbandfemaleego-2,,bkk,Kinship-sistershusbandfemaleego,"qakeː, sas",sas,s a s,,hindukush,,,^ s a s $,default,
bkk-Kinship-wifesfather-1,,bkk,Kinship-wifesfather,ʃøːʂ,ʃøːʂ,ʃ øː ʂ,,hindukush,,,^ ʃ øː ʂ $,default,
bkk-Kinship-wifesmother-1,,bkk,Kinship-wifesmother,ʃaʂ,ʃaʂ,ʃ a ʂ,,hindukush,,,^ ʃ a ʂ $,default,
bkk-Kinship-husbandsfather-1,,bkk,Kinship-husbandsfather,ʃøːʂ,ʃøːʂ,ʃ øː ʂ,,hindukush,,,^ ʃ øː ʂ $,default,
bkk-Kinship-husbandsmother-1,,bkk,Kinship-husbandsmother,ʃaʂ,ʃaʂ,ʃ a ʂ,,hindukush,,,^ ʃ a ʂ $,default,
bkk-Kinship-husbandsbrother-1,,bkk,Kinship-husbandsbrother,"baːjo, ʐuʐoː",baːjo,b aː j o,,hindukush,,,^ b aː j o $,default,
bkk-Kinship-husbandsbrother-2,,bkk,Kinship-husbandsbrother,"baːjo, ʐuʐoː",ʐuʐoː,ʐ u ʐ oː,,hindukush,,,^ ʐ u ʐ oː $,default,
bkk-Kinship-husbandssister-1,,bkk,Kinship-husbandssister,"qakeː, sas",qakeː,q a k eː,,hindukush,,,^ q a k eː $,default,
bkk-Kinship-husbandssister-2,,bkk,Kinship-husbandssister,"qakeː, sas",sas,s a s,,hindukush,,,^ s a s $,default,
bkk-Kinship-wifesbrother-1,,bkk,Kinship-wifesbrother,ʃæʒiri,ʃæʒiri,ʃ æ ʒ i r i,,hindukush,,,^ ʃ æ ʒ i r i $,default,
bkk-Kinship-wifessister-1,,bkk,Kinship-wifessister,"sas, qakeː",sas,s a s,,hindukush,,,^ s a s $,default,
bkk-Kinship-wifessister-2,,bkk,Kinship-wifessister,"sas, qakeː",qakeː,q a k eː,,hindukush,,,^ q a k eː $,default,
bkk-Kinship-husbandssistershusband-1,,bkk,Kinship-husbandssistershusband,ʃæʒiri,ʃæʒiri,ʃ æ ʒ i r i,,hindukush,,,^ ʃ æ ʒ i r i $,default,
bkk-Kinship-wifesbrotherswife-1,,bkk,Kinship-wifesbrotherswife,ʃæʒiri,ʃæʒiri,ʃ æ ʒ i r i,,hindukush,,,^ ʃ æ ʒ i r i $,default,
bkk-Kinship-wifessistershusband-1,,bkk,Kinship-wifessistershusband,"baːjo, ʐuʐoː",baːjo,b aː j o,,hindukush,,,^ b aː j o $,default,
bkk-Kinship-wifessistershusband-2,,bkk,Kinship-wifessistershusband,"baːjo, ʐuʐoː",ʐuʐoː,ʐ u ʐ oː,,hindukush,,,^ ʐ u ʐ oː $,default,
bkk-Kinship-cowife-1,,bkk,Kinship-cowife,mat͡ʃuŋ,mat͡ʃuŋ,m a tʃ u ŋ,,hindukush,,,^ m a t͡ʃ u ŋ $,default,
bkk-Kinship-sonswifesfather-1,,bkk,Kinship-sonswifesfather,bydeː,bydeː,b y d eː,,hindukush,,,^ b y d eː $,default,
bkk-Kinship-sonswifesmother-1,,bkk,Kinship-sonswifesmother,bydeː,bydeː,b y d eː,,hindukush,,,^ b y d eː $,default,
bkk-Kinship-daughtershusbandsfather-1,,bkk,Kinship-daughtershusbandsfather,bydeː,bydeː,b y d eː,,hindukush,,,^ b y d eː $,default,
bkk-Kinship-daughtershusbandsmother-1,,bkk,Kinship-daughtershusbandsmother,bydeː,bydeː,b y d eː,,hindukush,,,^ b y d eː $,default,
bkk-Kinship-stepsisternosharedparent-1,,bkk,Kinship-stepsisternosharedparent,qakeː,qakeː,q a k eː,,hindukush,,,^ q a k eː $,default,
bkk-Kinship-stepbrothernosharedparent-1,,bkk,Kinship-stepbrothernosharedparent,baːjo,baːjo,b aː j o,,hindukush,,,^ b aː j o $,default,
bkk-Kinship-stepmother-1,,bkk,Kinship-stepmother,majærmo,majærmo,m a j æ r m o,,hindukush,,,^ m a j æ r m o $,default,
bkk-Kinship-stepfather-1,,bkk,Kinship-stepfather,majærboː,majærboː,m a j æ r b oː,,hindukush,,,^ m a j æ r b oː $,default,
bkk-Kinship-stepson-1,,bkk,Kinship-stepson,"ʐuʐoː, baːjo",ʐuʐoː,ʐ u ʐ oː,,hindukush,,,^ ʐ u ʐ oː $,default,
bkk-Kinship-stepson-2,,bkk,Kinship-stepson,"ʐuʐoː, baːjo",baːjo,b aː j o,,hindukush,,,^ b aː j o $,default,
bkk-Kinship-stepdaughter-1,,bkk,Kinship-stepdaughter,"sas, qakeː",sas,s a s,,hindukush,,,^ s a s $,default,
bkk-Kinship-stepdaughter-2,,bkk,Kinship-stepdaughter,"sas, qakeː",qakeː,q a k eː,,hindukush,,,^ q a k eː $,default,
bkk-Kinship-fathersfathersfather-1,,bkk,Kinship-fathersfathersfather,duːdo,duːdo,d uː d o,,hindukush,,,^ d uː d o $,default,
bkk-Kinship-mothersmothersmother-1,,bkk,Kinship-mothersmothersmother,dædeː,dædeː,d æ d eː,,hindukush,,,^ d æ d eː $,default,
bkk-Kinship-forefather-1,,bkk,Kinship-forefather,t͡ʃʰimi ʒaro,t͡ʃʰimi_ʒaro,tʃʰ i m i + ʒ a r o,,hindukush,,,^ t͡ʃʰ i m i _ ʒ a r o $,default,
bkk-Kinship-foremother-1,,bkk,Kinship-foremother,t͡ʃʰimi ʒari,t͡ʃʰimi_ʒari,tʃʰ i m i + ʒ a r i,,hindukush,,,^ t͡ʃʰ i m i _ ʒ a r i $,default,
bkk-Kinship-fathersbrothersson-1,,bkk,Kinship-fathersbrothersson,"baːjo, ʐuʐoː",baːjo,b aː j o,,hindukush,,,^ b aː j o $,default,
bkk-Kinship-fathersbrothersson-2,,bkk,Kinship-fathersbrothersson,"baːjo, ʐuʐoː",ʐuʐoː,ʐ u ʐ oː,,hindukush,,,^ ʐ u ʐ oː $,default,
bkk-Kinship-fathersbrothersdaughter-1,,bkk,Kinship-fathersbrothersdaughter,qakeː,qakeː,q a k eː,,hindukush,,,^ q a k eː $,default,
bkk-Kinship-fatherssistersson-1,,bkk,Kinship-fatherssistersson,pæpeːs bjøː,pæpeːs_bjøː,p æ p eː s + b j øː,,hindukush,,,^ p æ p eː s _ b j øː $,default,
bkk-Kinship-fatherssistersdaughter-1,,bkk,Kinship-fatherssistersdaughter,pæpeːs muleːj,pæpeːs_muleːj,p æ p eː s + m u l eː j,,hindukush,,,^ p æ p eː s _ m u l eː j $,default,
bkk-Kinship-mothersbrothersson-1,,bkk,Kinship-mothersbrothersson,muːmos bjøː,muːmos_bjøː,m uː m o s + b j øː,,hindukush,,,^ m uː m o s _ b j øː $,default,
bkk-Kinship-mothersbrothersdaughter-1,,bkk,Kinship-mothersbrothersdaughter,muːmos muleːj,muːmos_muleːj,m uː m o s + m u l eː j,,hindukush,,,^ m uː m o s _ m u l eː j $,default,
bkk-Kinship-motherssistersson-1,,bkk,Kinship-motherssistersson,seːni aːjs bjøː,seːni_aːjs_bjøː,s eː n i + aː j s + b j øː,,hindukush,,,^ s eː n i _ aː js _ b j øː $,default,
bkk-Kinship-motherssistersdaughter-1,,bkk,Kinship-motherssistersdaughter,seːni aːjs muleːj,seːni_aːjs_muleːj,s eː n i + aː j s + m u l eː j,,hindukush,,,^ s eː n i _ aː js _ m u l eː j $,default,
bkk-Kinship-relative-1,,bkk,Kinship-relative,kʰør,kʰør,kʰ ø r,,hindukush,,,^ kʰ ø r $,default,
bkk-Kinship-affinalrelative-1,,bkk,Kinship-affinalrelative,bærøs kʰør,bærøs_kʰør,b æ r ø s + kʰ ø r,,hindukush,,,^ b æ r ø s _ kʰ ø r $,default,
bkk-Kinship-bloodrelative-1,,bkk,Kinship-bloodrelative,løːlu kʰør,løːlu_kʰør,l øː l u + kʰ ø r,,hindukush,,,^ l øː l u _ kʰ ø r $,default,
bkk-Kinship-wifesrelatives-1,,bkk,Kinship-wifesrelatives,ʈʰigas kʰør,ʈʰigas_kʰør,ʈʰ i g a s + kʰ ø r,,hindukush,,,^ ʈʰ i g a s _ kʰ ø r $,default,
bkk-Kinship-headofhousehold-1,,bkk,Kinship-headofhousehold,guʈa boː,guʈa_boː,g u ʈ a + b oː,,hindukush,,,^ g u ʈ a _ b oː $,default,
bkk-Kinship-headofclan-1,,bkk,Kinship-headofclan,muqʰadam,muqʰadam,m u qʰ a d a m,,hindukush,,,^ m u qʰ a d a m $,default,
bkk-Kinship-headoftribe-1,,bkk,Kinship-headoftribe,muqʰadam,muqʰadam,m u qʰ a d a m,,hindukush,,,^ m u qʰ a d a m $,default,
bkk-Kinship-halfsistersamefatherdifferentmother-1,,bkk,Kinship-halfsistersamefatherdifferentmother,sasnjo,sasnjo,s a s n j o,,hindukush,,,^ s a s n j o $,default,
bkk-Kinship-halfbrothersamefatherdifferentmother-1,,bkk,Kinship-halfbrothersamefatherdifferentmother,ʃaːʐeː,ʃaːʐeː,ʃ aː ʐ eː,,hindukush,,,^ ʃ aː ʐ eː $,default,
bkk-Kinship-halfsistersamemotherdifferentfather-1,,bkk,Kinship-halfsistersamemotherdifferentfather,sasnjo,sasnjo,s a s n j o,,hindukush,,,^ s a s n j o $,default,
bkk-Kinship-halfbrothersamemotherdifferentfather-1,,bkk,Kinship-halfbrothersamemotherdifferentfather,ʃaːʐeː,ʃaːʐeː,ʃ aː ʐ eː,,hindukush,,,^ ʃ aː ʐ eː $,default,
bsk_h-Kinship-father-1,,bsk_h,Kinship-father,aːu,aːu,aːu,,hindukush,,,^ aːu $,default,
bsk_h-Kinship-mother-1,,bsk_h,Kinship-mother,ami,ami,a m i,,hindukush,,,^ a m i $,default,
bsk_h-Kinship-parent-1,,bsk_h,Kinship-parent,aːu ami,aːu_ami,aːu + a m i,,hindukush,,,^ aːu _ a m i $,default,
bsk_h-Kinship-son-1,,bsk_h,Kinship-son,eːi,eːi,eː i,,hindukush,,,^ eːi $,default,
bsk_h-Kinship-daughter-1,,bsk_h,Kinship-daughter,aːi,aːi,aːi,,hindukush,,,^ aːi $,default,
bsk_h-Kinship-ownchild-1,,bsk_h,Kinship-ownchild,eːi,eːi,eː i,,hindukush,,,^ eːi $,default,
bsk_h-Kinship-brother-1,,bsk_h,Kinship-brother,oːlus,oːlus,oː l u s,,hindukush,,,^ oː l u s $,default,
bsk_h-Kinship-sister-1,,bsk_h,Kinship-sister,aʈ͡ʂoː,aʈ͡ʂoː,a ʈʂ oː,,hindukush,,,^ a ʈ͡ʂ oː $,default,
bsk_h-Kinship-olderbrother-1,,bsk_h,Kinship-olderbrother,ujum oːlus,ujum_oːlus,u j u m + oː l u s,,hindukush,,,^ u j u m _ oː l u s $,default,
bsk_h-Kinship-youngerbrother-1,,bsk_h,Kinship-youngerbrother,d͡ʒoːʈ oːlus,d͡ʒoːʈ_oːlus,dʒ oː ʈ + oː l u s,,hindukush,,,^ d͡ʒ oː ʈ _ oː l u s $,default,
bsk_h-Kinship-oldersister-1,,bsk_h,Kinship-oldersister,ujum aʈ͡ʂoː,ujum_aʈ͡ʂoː,u j u m + a ʈʂ oː,,hindukush,,,^ u j u m _ a ʈ͡ʂ oː $,default,
bsk_h-Kinship-youngersister-1,,bsk_h,Kinship-youngersister,d͡ʒoːʈ aʈ͡ʂoː,d͡ʒoːʈ_aʈ͡ʂoː,dʒ oː ʈ + a ʈʂ oː,,hindukush,,,^ d͡ʒ oː ʈ _ a ʈ͡ʂ oː $,default,
bsk_h-Kinship-fathersfather-1,,bsk_h,Kinship-fathersfather,daːdo,daːdo,d aː d o,,hindukush,,,^ d aː d o $,default,
bsk_h-Kinship-fathersmother-1,,bsk_h,Kinship-fathersmother,apiː,apiː,a p iː,,hindukush,,,^ a p iː $,default,
bsk_h-Kinship-mothersfather-1,,bsk_h,Kinship-mothersfather,daːdo,daːdo,d aː d o,,hindukush,,,^ d aː d o $,default,
bsk_h-Kinship-mothersmother-1,,bsk_h,Kinship-mothersmother,apiː,apiː,a p iː,,hindukush,,,^ a p iː $,default,
bsk_h-Kinship-sonsson-1,,bsk_h,Kinship-sonsson,aːmis,aːmis,aː m i s,,hindukush,,,^ aː m i s $,default,
bsk_h-Kinship-sonsdaughter-1,,bsk_h,Kinship-sonsdaughter,aːmis,aːmis,aː m i s,,hindukush,,,^ aː m i s $,default,
bsk_h-Kinship-daughtersson-1,,bsk_h,Kinship-daughtersson,aːmis,aːmis,aː m i s,,hindukush,,,^ aː m i s $,default,
bsk_h-Kinship-daughtersdaughter-1,,bsk_h,Kinship-daughtersdaughter,aːmis,aːmis,aː m i s,,hindukush,,,^ aː m i s $,default,
bsk_h-Kinship-fathersbrother-1,,bsk_h,Kinship-fathersbrother,"t͡ʃaːt͡ʃaː, d͡ʒoːʈ aɰa",t͡ʃaːt͡ʃaː,tʃ aː tʃ aː,,hindukush,,,^ t͡ʃ aː t͡ʃ aː $,default,
bsk_h-Kinship-fathersbrother-2,,bsk_h,Kinship-fathersbrother,"t͡ʃaːt͡ʃaː, d͡ʒoːʈ aɰa",d͡ʒoːʈ_aɰa,dʒ oː ʈ + a ɰ a,,hindukush,,,^ d͡ʒ oː ʈ _ a ɰ a $,default,
bsk_h-Kinship-fathersolderbrother-1,,bsk_h,Kinship-fathersolderbrother,"t͡ʃaːt͡ʃaː, ujum aɰa",t͡ʃaːt͡ʃaː,tʃ aː tʃ aː,,hindukush,,,^ t͡ʃ aː t͡ʃ aː $,default,
bsk_h-Kinship-fathersolderbrother-2,,bsk_h,Kinship-fathersolderbrother,"t͡ʃaːt͡ʃaː, ujum aɰa",ujum_aɰa,u j u m + a ɰ a,,hindukush,,,^ u j u m _ a ɰ a $,default,
bsk_h-Kinship-fathersyoungerbrother-1,,bsk_h,Kinship-fathersyoungerbrother,t͡ʃaːt͡ʃaː,t͡ʃaːt͡ʃaː,tʃ aː tʃ aː,,hindukush,,,^ t͡ʃ aː t͡ʃ aː $,default,
bsk_h-Kinship-fatherssister-1,,bsk_h,Kinship-fatherssister,nanaː,nanaː,n a n aː,,hindukush,,,^ n a n aː $,default,
bsk_h-Kinship-fathersoldersister-1,,bsk_h,Kinship-fathersoldersister,ujum nanaː,ujum_nanaː,u j u m + n a n aː,,hindukush,,,^ u j u m _ n a n aː $,default,
bsk_h-Kinship-fathersyoungersister-1,,bsk_h,Kinship-fathersyoungersister,d͡ʒoʈ nanaː,d͡ʒoʈ_nanaː,dʒ o ʈ + n a n aː,,hindukush,,,^ d͡ʒ o ʈ _ n a n aː $,default,
bsk_h-Kinship-mothersbrother-1,,bsk_h,Kinship-mothersbrother,nanaː,nanaː,n a n aː,,hindukush,,,^ n a n aː $,default,
bsk_h-Kinship-mothersolderbrother-1,,bsk_h,Kinship-mothersolderbrother,ujum nanaː,ujum_nanaː,u j u m + n a n aː,,hindukush,,,^ u j u m _ n a n aː $,default,
bsk_h-Kinship-mothersyoungerbrother-1,,bsk_h,Kinship-mothersyoungerbrother,d͡ʒoʈ nanaː,d͡ʒoʈ_nanaː,dʒ o ʈ + n a n aː,,hindukush,,,^ d͡ʒ o ʈ _ n a n aː $,default,
bsk_h-Kinship-motherssister-1,,bsk_h,Kinship-motherssister,χaːlaː,χaːlaː,χ aː l aː,,hindukush,,,^ χ aː l aː $,default,
bsk_h-Kinship-mothersoldersister-1,,bsk_h,Kinship-mothersoldersister,χaːlaː,χaːlaː,χ aː l aː,,hindukush,,,^ χ aː l aː $,default,
bsk_h-Kinship-mothersyoungersister-1,,bsk_h,Kinship-mothersyoungersister,χaːlaː,χaːlaː,χ aː l aː,,hindukush,,,^ χ aː l aː $,default,
bsk_h-Kinship-brothersson-1,,bsk_h,Kinship-brothersson,asaːʁun,asaːʁun,a s aː ʁ u n,,hindukush,,,^ a s aː ʁ u n $,default,
bsk_h-Kinship-brothersdaughter-1,,bsk_h,Kinship-brothersdaughter,asaːʁun,asaːʁun,a s aː ʁ u n,,hindukush,,,^ a s aː ʁ u n $,default,
bsk_h-Kinship-sistersson-1,,bsk_h,Kinship-sistersson,asaːʁun,asaːʁun,a s aː ʁ u n,,hindukush,,,^ a s aː ʁ u n $,default,
bsk_h-Kinship-sistersdaughter-1,,bsk_h,Kinship-sistersdaughter,asaːʁun,asaːʁun,a s aː ʁ u n,,hindukush,,,^ a s aː ʁ u n $,default,
bsk_h-Kinship-husband-1,,bsk_h,Kinship-husband,oːjər,oːjər,oː j ə r,,hindukush,,,^ oː j ə r $,default,
bsk_h-Kinship-wife-1,,bsk_h,Kinship-wife,oːwəs,oːwəs,oː w ə s,,hindukush,,,^ oː w ə s $,default,
bsk_h-Kinship-fathersolderbrotherswife-1,,bsk_h,Kinship-fathersolderbrotherswife,"t͡ʃaːt͡ʃiː, ujum maːmaː",t͡ʃaːt͡ʃiː,tʃ aː tʃ iː,,hindukush,,,^ t͡ʃ aː t͡ʃ iː $,default,
bsk_h-Kinship-fathersolderbrotherswife-2,,bsk_h,Kinship-fathersolderbrotherswife,"t͡ʃaːt͡ʃiː, ujum maːmaː",ujum_maːmaː,u j u m + m aː m aː,,hindukush,,,^ u j u m _ m aː m aː $,default,
bsk_h-Kinship-fathersyoungerbrotherswife-1,,bsk_h,Kinship-fathersyoungerbrotherswife,"t͡ʃaːt͡ʃiː, d͡ʒoʈ maːmaː",t͡ʃaːt͡ʃiː,tʃ aː tʃ iː,,hindukush,,,^ t͡ʃ aː t͡ʃ iː $,default,
bsk_h-Kinship-fathersyoungerbrotherswife-2,,bsk_h,Kinship-fathersyoungerbrotherswife,"t͡ʃaːt͡ʃiː, d͡ʒoʈ maːmaː",d͡ʒoʈ_maːmaː,dʒ o ʈ + m aː m aː,,hindukush,,,^ d͡ʒ o ʈ _ m aː m aː $,default,
bsk_h-Kinship-fatherssistershusband-1,,bsk_h,Kinship-fatherssistershusband,nanaː,nanaː,n a n aː,,hindukush,,,^ n a n aː $,default,
bsk_h-Kinship-mothersbrotherswife-1,,bsk_h,Kinship-mothersbrotherswife,nanaː,nanaː,n a n aː,,hindukush,,,^ n a n aː $,default,
bsk_h-Kinship-motherssistershusband-1,,bsk_h,Kinship-motherssistershusband,χaːluː,χaːluː,χ aː l uː,,hindukush,,,^ χ aː l uː $,default,
bsk_h-Kinship-sonswife-1,,bsk_h,Kinship-sonswife,aχaːkin,aχaːkin,a χ aː k i n,,hindukush,,,^ a χ aː k i n $,default,
bsk_h-Kinship-daughtershusband-1,,bsk_h,Kinship-daughtershusband,arər,arər,a r ə r,,hindukush,,,^ a r ə r $,default,
bsk_h-Kinship-brotherswifemaleego-1,,bsk_h,Kinship-brotherswifemaleego,bʰaːbiː,bʰaːbiː,bʰ aː b iː,,hindukush,,,^ bʰ aː b iː $,default,
bsk_h-Kinship-brotherswifefemaleego-1,,bsk_h,Kinship-brotherswifefemaleego,bʰaːbiː,bʰaːbiː,bʰ aː b iː,,hindukush,,,^ bʰ aː b iː $,default,
bsk_h-Kinship-sistershusbandmaleego-1,,bsk_h,Kinship-sistershusbandmaleego,arik,arik,a r i k,,hindukush,,,^ a r i k $,default,
bsk_h-Kinship-sistershusbandfemaleego-1,,bsk_h,Kinship-sistershusbandfemaleego,kaːkoː,kaːkoː,k aː k oː,,hindukush,,,^ k aː k oː $,default,
bsk_h-Kinship-wifesfather-1,,bsk_h,Kinship-wifesfather,aːskir,aːskir,aː s k i r,,hindukush,,,^ aː s k i r $,default,
bsk_h-Kinship-wifesmother-1,,bsk_h,Kinship-wifesmother,aːskus,aːskus,aː s k u s,,hindukush,,,^ aː s k u s $,default,
bsk_h-Kinship-husbandsfather-1,,bsk_h,Kinship-husbandsfather,aːskir,aːskir,aː s k i r,,hindukush,,,^ aː s k i r $,default,
bsk_h-Kinship-husbandsmother-1,,bsk_h,Kinship-husbandsmother,aːskus,aːskus,aː s k u s,,hindukush,,,^ aː s k u s $,default,
bsk_h-Kinship-husbandsbrother-1,,bsk_h,Kinship-husbandsbrother,"deːwər, kaːkoː",deːwər,d eː w ə r,,hindukush,,,^ d eː w ə r $,default,
bsk_h-Kinship-husbandsbrother-2,,bsk_h,Kinship-husbandsbrother,"deːwər, kaːkoː",kaːkoː,k aː k oː,,hindukush,,,^ k aː k oː $,default,
bsk_h-Kinship-husbandssister-1,,bsk_h,Kinship-husbandssister,aʈ͡ʂoː,aʈ͡ʂoː,a ʈʂ oː,,hindukush,,,^ a ʈ͡ʂ oː $,default,
bsk_h-Kinship-wifesbrother-1,,bsk_h,Kinship-wifesbrother,arik,arik,a r i k,,hindukush,,,^ a r i k $,default,
bsk_h-Kinship-wifessister-1,,bsk_h,Kinship-wifessister,d͡ʒɑmaːt mu muʈ͡ʂoː,d͡ʒɑmaːt_mu_muʈ͡ʂoː,dʒ ɑ m aː t + m u + m u ʈʂ oː,,hindukush,,,^ d͡ʒ ɑ m aː t _ m u _ m u ʈ͡ʂ oː $,default,
bsk_h-Kinship-husbandsbrotherswife-1,,bsk_h,Kinship-husbandsbrotherswife,"bʰaːbiː, aʈ͡ʂoː",bʰaːbiː,bʰ aː b iː,,hindukush,,,^ bʰ aː b iː $,default,
bsk_h-Kinship-husbandsbrotherswife-2,,bsk_h,Kinship-husbandsbrotherswife,"bʰaːbiː, aʈ͡ʂoː",aʈ͡ʂoː,a ʈʂ oː,,hindukush,,,^ a ʈ͡ʂ oː $,default,
bsk_h-Kinship-husbandssistershusband-1,,bsk_h,Kinship-husbandssistershusband,kaːkoː,kaːkoː,k aː k oː,,hindukush,,,^ k aː k oː $,default,
bsk_h-Kinship-wifesbrotherswife-1,,bsk_h,Kinship-wifesbrotherswife,"bʰaːbiː, aʈ͡ʂoː",bʰaːbiː,bʰ aː b iː,,hindukush,,,^ bʰ aː b iː $,default,
bsk_h-Kinship-wifesbrotherswife-2,,bsk_h,Kinship-wifesbrotherswife,"bʰaːbiː, aʈ͡ʂoː",aʈ͡ʂoː,a ʈʂ oː,,hindukush,,,^ a ʈ͡ʂ oː $,default,
bsk_h-Kinship-wifessistershusband-1,,bsk_h,Kinship-wifessistershusband,"bʰaːiː, kaːkoː",bʰaːiː,bʰ aː iː,,hindukush,,,^ bʰ aːiː $,default,
bsk_h-Kinship-wifessistershusband-2,,bsk_h,Kinship-wifessistershusband,"bʰaːiː, kaːkoː",kaːkoː,k aː k oː,,hindukush,,,^ k aː k oː $,default,
bsk_h-Kinship-sonswifesfather-1,,bsk_h,Kinship-sonswifesfather,asildir,asildir,a s i l d i r,,hindukush,,,^ a s i l d i r $,default,
bsk_h-Kinship-sonswifesmother-1,,bsk_h,Kinship-sonswifesmother,asilgus,asilgus,a s i l g u s,,hindukush,,,^ a s i l g u s $,default,
bsk_h-Kinship-daughtershusbandsfather-1,,bsk_h,Kinship-daughtershusbandsfather,asildir,asildir,a s i l d i r,,hindukush,,,^ a s i l d i r $,default,
bsk_h-Kinship-daughtershusbandsmother-1,,bsk_h,Kinship-daughtershusbandsmother,asilgus,asilgus,a s i l g u s,,hindukush,,,^ a s i l g u s $,default,
bsk_h-Kinship-stepsisternosharedparent-1,,bsk_h,Kinship-stepsisternosharedparent,d͡ʒamip aʈ͡ʂoː,d͡ʒamip_aʈ͡ʂoː,dʒ a m i p + a ʈʂ oː,,hindukush,,,^ d͡ʒ a m i p _ a ʈ͡ʂ oː $,default,
bsk_h-Kinship-stepbrothernosharedparent-1,,bsk_h,Kinship-stepbrothernosharedparent,d͡ʒamip oːlus,d͡ʒamip_oːlus,dʒ a m i p + oː l u s,,hindukush,,,^ d͡ʒ a m i p _ oː l u s $,default,
bsk_h-Kinship-stepmother-1,,bsk_h,Kinship-stepmother,d͡ʒamip ami,d͡ʒamip_ami,dʒ a m i p + a m i,,hindukush,,,^ d͡ʒ a m i p _ a m i $,default,
bsk_h-Kinship-stepfather-1,,bsk_h,Kinship-stepfather,d͡ʒamip aːu,d͡ʒamip_aːu,dʒ a m i p + aːu,,hindukush,,,^ d͡ʒ a m i p _ aːu $,default,
bsk_h-Kinship-stepson-1,,bsk_h,Kinship-stepson,d͡ʒamip eːi,d͡ʒamip_eːi,dʒ a m i p + eː i,,hindukush,,,^ d͡ʒ a m i p _ eːi $,default,
bsk_h-Kinship-stepdaughter-1,,bsk_h,Kinship-stepdaughter,d͡ʒamip aːi,d͡ʒamip_aːi,dʒ a m i p + aːi,,hindukush,,,^ d͡ʒ a m i p _ aːi $,default,
bsk_h-Kinship-fathersfathersfather-1,,bsk_h,Kinship-fathersfathersfather,apʰaʈ apiː,apʰaʈ_apiː,a pʰ a ʈ + a p iː,,hindukush,,,^ a pʰ a ʈ _ a p iː $,default,
bsk_h-Kinship-mothersmothersmother-1,,bsk_h,Kinship-mothersmothersmother,apʰaʈ ami,apʰaʈ_ami,a pʰ a ʈ + a m i,,hindukush,,,^ a pʰ a ʈ _ a m i $,default,
bsk_h-Kinship-forefather-1,,bsk_h,Kinship-forefather,uː oːp,uː_oːp,uː + oː p,,hindukush,,,^ uː _ oː p $,default,
bsk_h-Kinship-fathersbrothersson-1,,bsk_h,Kinship-fathersbrothersson,t͡ʃaːt͡ʃaː iːi,t͡ʃaːt͡ʃaː_iːi,tʃ aː tʃ aː + iː i,,hindukush,,,^ t͡ʃ aː t͡ʃ aː _ iːi $,default,
bsk_h-Kinship-fathersbrothersdaughter-1,,bsk_h,Kinship-fathersbrothersdaughter,t͡ʃaːt͡ʃaː eːi,t͡ʃaːt͡ʃaː_eːi,tʃ aː tʃ aː + eː i,,hindukush,,,^ t͡ʃ aː t͡ʃ aː _ eːi $,default,
bsk_h-Kinship-fatherssistersson-1,,bsk_h,Kinship-fatherssistersson,nanaː mu muwiː,nanaː_mu_muwiː,n a n aː + m u + m u w iː,,hindukush,,,^ n a n aː _ m u _ m u w iː $,default,
bsk_h-Kinship-fatherssistersdaughter-1,,bsk_h,Kinship-fatherssistersdaughter,nanaː mu moːj,nanaː_mu_moːj,n a n aː + m u + m oː j,,hindukush,,,^ n a n aː _ m u _ m oː j $,default,
bsk_h-Kinship-mothersbrothersson-1,,bsk_h,Kinship-mothersbrothersson,nanaː iːi,nanaː_iːi,n a n aː + iː i,,hindukush,,,^ n a n aː _ iːi $,default,
bsk_h-Kinship-mothersbrothersdaughter-1,,bsk_h,Kinship-mothersbrothersdaughter,nanaː eːi,nanaː_eːi,n a n aː + eː i,,hindukush,,,^ n a n aː _ eːi $,default,
bsk_h-Kinship-motherssistersson-1,,bsk_h,Kinship-motherssistersson,χaːlaː mu muwiː,χaːlaː_mu_muwiː,χ aː l aː + m u + m u w iː,,hindukush,,,^ χ aː l aː _ m u _ m u w iː $,default,
bsk_h-Kinship-motherssistersdaughter-1,,bsk_h,Kinship-motherssistersdaughter,χaːlaː mu moːj,χaːlaː_mu_moːj,χ aː l aː + m u + m oː j,,hindukush,,,^ χ aː l aː _ m u _ m oː j $,default,
bsk_h-Kinship-relative-1,,bsk_h,Kinship-relative,d͡ʒaːm,d͡ʒaːm,dʒ aː m,,hindukush,,,^ d͡ʒ aː m $,default,
bsk_h-Kinship-bloodrelative-1,,bsk_h,Kinship-bloodrelative,d͡ʒaːm,d͡ʒaːm,dʒ aː m,,hindukush,,,^ d͡ʒ aː m $,default,
bsk_h-Kinship-wifesrelatives-1,,bsk_h,Kinship-wifesrelatives,oːstiŋ,oːstiŋ,oː s t i ŋ,,hindukush,,,^ oː s t i ŋ $,default,
bsk_h-Kinship-headofhousehold-1,,bsk_h,Kinship-headofhousehold,maːlik,maːlik,m aː l i k,,hindukush,,,^ m aː l i k $,default,
bsk_h-Kinship-headoftribe-1,,bsk_h,Kinship-headoftribe,tʰam,tʰam,tʰ a m,,hindukush,,,^ tʰ a m $,default,
bsk_h-Kinship-halfsistersamefatherdifferentmother-1,,bsk_h,Kinship-halfsistersamefatherdifferentmother,d͡ʒamip aʈ͡ʂoː,d͡ʒamip_aʈ͡ʂoː,dʒ a m i p + a ʈʂ oː,,hindukush,,,^ d͡ʒ a m i p _ a ʈ͡ʂ oː $,default,
bsk_h-Kinship-halfbrothersamefatherdifferentmother-1,,bsk_h,Kinship-halfbrothersamefatherdifferentmother,d͡ʒamip oːlus,d͡ʒamip_oːlus,dʒ a m i p + oː l u s,,hindukush,,,^ d͡ʒ a m i p _ oː l u s $,default,
bsk_h-Kinship-halfsistersamemotherdifferentfather-1,,bsk_h,Kinship-halfsistersamemotherdifferentfather,d͡ʒamip aʈ͡ʂoː,d͡ʒamip_aʈ͡ʂoː,dʒ a m i p + a ʈʂ oː,,hindukush,,,^ d͡ʒ a m i p _ a ʈ͡ʂ oː $,default,
bsk_h-Kinship-halfbrothersamemotherdifferentfather-1,,bsk_h,Kinship-halfbrothersamemotherdifferentfather,d͡ʒamip oːlus,d͡ʒamip_oːlus,dʒ a m i p + oː l u s,,hindukush,,,^ d͡ʒ a m i p _ oː l u s $,default,
bsk_n-Kinship-father-1,,bsk_n,Kinship-father,aɰa,aɰa,a ɰ a,,hindukush,,,^ a ɰ a $,default,
bsk_n-Kinship-mother-1,,bsk_n,Kinship-mother,mahma,mahma,m a h m a,,hindukush,,,^ m a h m a $,default,
bsk_n-Kinship-parent-1,,bsk_n,Kinship-parent,aɰa mahma,aɰa_mahma,a ɰ a + m a h m a,,hindukush,,,^ a ɰ a _ m a h m a $,default,
bsk_n-Kinship-son-1,,bsk_n,Kinship-son,ají,ají,a j í/i,,hindukush,,,^ a j í $,default,
bsk_n-Kinship-daughter-1,,bsk_n,Kinship-daughter,áji,áji,á/a j i,,hindukush,,,^ á j i $,default,
bsk_n-Kinship-ownchild-1,,bsk_n,Kinship-ownchild,d͡ʑeːmu áji,d͡ʑeːmu_áji,dʑ eː m u + á/a j i,,hindukush,,,^ d͡ʑ eː m u _ á j i $,default,
bsk_n-Kinship-brother-1,,bsk_n,Kinship-brother,aʈ͡ʂu,aʈ͡ʂu,a ʈʂ u,,hindukush,,,^ a ʈ͡ʂ u $,default,
bsk_n-Kinship-sister-1,,bsk_n,Kinship-sister,aːjas,aːjas,aː j a s,,hindukush,,,^ aː j a s $,default,
bsk_n-Kinship-olderbrother-1,,bsk_n,Kinship-olderbrother,ujum aʈ͡ʂu,ujum_aʈ͡ʂu,u j u m + a ʈʂ u,,hindukush,,,^ u j u m _ a ʈ͡ʂ u $,default,
bsk_n-Kinship-youngerbrother-1,,bsk_n,Kinship-youngerbrother,d͡ʑoʈ aʈ͡ʂu,d͡ʑoʈ_aʈ͡ʂu,dʑ o ʈ + a ʈʂ u,,hindukush,,,^ d͡ʑ o ʈ _ a ʈ͡ʂ u $,default,
bsk_n-Kinship-oldersister-1,,bsk_n,Kinship-oldersister,ujum aːjas,ujum_aːjas,u j u m + aː j a s,,hindukush,,,^ u j u m _ aː j a s $,default,
bsk_n-Kinship-youngersister-1,,bsk_n,Kinship-youngersister,d͡ʑoʈ aːjas,d͡ʑoʈ_aːjas,dʑ o ʈ + aː j a s,,hindukush,,,^ d͡ʑ o ʈ _ aː j a s $,default,
bsk_n-Kinship-fathersfather-1,,bsk_n,Kinship-fathersfather,"daːdo, api bej",daːdo,d aː d o,,hindukush,,,^ d aː d o $,default,
bsk_n-Kinship-fathersfather-2,,bsk_n,Kinship-fathersfather,"daːdo, api bej",api_bej,a p i + b e j,,hindukush,,,^ a p i _ b e j $,default,
bsk_n-Kinship-fathersmother-1,,bsk_n,Kinship-fathersmother,api,api,a p i,,hindukush,,,^ a p i $,default,
bsk_n-Kinship-mothersfather-1,,bsk_n,Kinship-mothersfather,daːdo,daːdo,d aː d o,,hindukush,,,^ d aː d o $,default,
bsk_n-Kinship-mothersmother-1,,bsk_n,Kinship-mothersmother,api,api,a p i,,hindukush,,,^ a p i $,default,
bsk_n-Kinship-sonsson-1,,bsk_n,Kinship-sonsson,aːmis,aːmis,aː m i s,,hindukush,,,^ aː m i s $,default,
bsk_n-Kinship-sonsdaughter-1,,bsk_n,Kinship-sonsdaughter,aːmis,aːmis,aː m i s,,hindukush,,,^ aː m i s $,default,
bsk_n-Kinship-daughtersson-1,,bsk_n,Kinship-daughtersson,aːmis bej,aːmis_bej,aː m i s + b e j,,hindukush,,,^ aː m i s _ b e j $,default,
bsk_n-Kinship-daughtersdaughter-1,,bsk_n,Kinship-daughtersdaughter,aːmis bo,aːmis_bo,aː m i s + b o,,hindukush,,,^ aː m i s _ b o $,default,
bsk_n-Kinship-fathersbrother-1,,bsk_n,Kinship-fathersbrother,aɰa eːʈ͡ʂu,aɰa_eːʈ͡ʂu,a ɰ a + eː ʈʂ u,,hindukush,,,^ a ɰ a _ eː ʈ͡ʂ u $,default,
bsk_n-Kinship-fathersolderbrother-1,,bsk_n,Kinship-fathersolderbrother,ujum aɰa,ujum_aɰa,u j u m + a ɰ a,,hindukush,,,^ u j u m _ a ɰ a $,default,
bsk_n-Kinship-fathersyoungerbrother-1,,bsk_n,Kinship-fathersyoungerbrother,d͡ʑoʈ aɰa,d͡ʑoʈ_aɰa,dʑ o ʈ + a ɰ a,,hindukush,,,^ d͡ʑ o ʈ _ a ɰ a $,default,
bsk_n-Kinship-fatherssister-1,,bsk_n,Kinship-fatherssister,nana,nana,n a n a,,hindukush,,,^ n a n a $,default,
bsk_n-Kinship-fathersoldersister-1,,bsk_n,Kinship-fathersoldersister,ujum nana,ujum_nana,u j u m + n a n a,,hindukush,,,^ u j u m _ n a n a $,default,
bsk_n-Kinship-fathersyoungersister-1,,bsk_n,Kinship-fathersyoungersister,d͡ʑoʈ nana,d͡ʑoʈ_nana,dʑ o ʈ + n a n a,,hindukush,,,^ d͡ʑ o ʈ _ n a n a $,default,
bsk_n-Kinship-mothersbrother-1,,bsk_n,Kinship-mothersbrother,nana,nana,n a n a,,hindukush,,,^ n a n a $,default,
bsk_n-Kinship-mothersolderbrother-1,,bsk_n,Kinship-mothersolderbrother,ujum nana,ujum_nana,u j u m + n a n a,,hindukush,,,^ u j u m _ n a n a $,default,
bsk_n-Kinship-mothersyoungerbrother-1,,bsk_n,Kinship-mothersyoungerbrother,d͡ʑoʈ nana,d͡ʑoʈ_nana,dʑ o ʈ + n a n a,,hindukush,,,^ d͡ʑ o ʈ _ n a n a $,default,
bsk_n-Kinship-motherssister-1,,bsk_n,Kinship-motherssister,mahma muʈ͡ʂu,mahma_muʈ͡ʂu,m a h m a + m u ʈʂ u,,hindukush,,,^ m a h m a _ m u ʈ͡ʂ u $,default,
bsk_n-Kinship-mothersoldersister-1,,bsk_n,Kinship-mothersoldersister,ujum mahma,ujum_mahma,u j u m + m a h m a,,hindukush,,,^ u j u m _ m a h m a $,default,
bsk_n-Kinship-mothersyoungersister-1,,bsk_n,Kinship-mothersyoungersister,d͡ʑoʈ mahma,d͡ʑoʈ_mahma,dʑ o ʈ + m a h m a,,hindukush,,,^ d͡ʑ o ʈ _ m a h m a $,default,
bsk_n-Kinship-brothersson-1,,bsk_n,Kinship-brothersson,aʈ͡ʂu iji,aʈ͡ʂu_iji,a ʈʂ u + i j i,,hindukush,,,^ a ʈ͡ʂ u _ i j i $,default,
bsk_n-Kinship-brothersdaughter-1,,bsk_n,Kinship-brothersdaughter,aʈ͡ʂu eji,aʈ͡ʂu_eji,a ʈʂ u + e j i,,hindukush,,,^ a ʈ͡ʂ u _ e j i $,default,
bsk_n-Kinship-sistersson-1,,bsk_n,Kinship-sistersson,asaːʁun,asaːʁun,a s aː ʁ u n,,hindukush,,,^ a s aː ʁ u n $,default,
bsk_n-Kinship-sistersdaughter-1,,bsk_n,Kinship-sistersdaughter,asaːʁun,asaːʁun,a s aː ʁ u n,,hindukush,,,^ a s aː ʁ u n $,default,
bsk_n-Kinship-husband-1,,bsk_n,Kinship-husband,aːwjar,aːwjar,aː w j a r,,hindukush,,,^ aː w j a r $,default,
bsk_n-Kinship-wife-1,,bsk_n,Kinship-wife,aːwus,aːwus,aː w u s,,hindukush,,,^ aː w u s $,default,
bsk_n-Kinship-fathersolderbrotherswife-1,,bsk_n,Kinship-fathersolderbrotherswife,ujum aɰa juːs,ujum_aɰa_juːs,u j u m + a ɰ a + j uː s,,hindukush,,,^ u j u m _ a ɰ a _ j uː s $,default,
bsk_n-Kinship-fathersyoungerbrotherswife-1,,bsk_n,Kinship-fathersyoungerbrotherswife,d͡ʑoʈ aɰa juːs,d͡ʑoʈ_aɰa_juːs,dʑ o ʈ + a ɰ a + j uː s,,hindukush,,,^ d͡ʑ o ʈ _ a ɰ a _ j uː s $,default,
bsk_n-Kinship-fatherssistershusband-1,,bsk_n,Kinship-fatherssistershusband,nana mu muːjar,nana_mu_muːjar,n a n a + m u + m uː j a r,,hindukush,,,^ n a n a _ m u _ m uː j a r $,default,
bsk_n-Kinship-mothersbrotherswife-1,,bsk_n,Kinship-mothersbrotherswife,nana juːs,nana_juːs,n a n a + j uː s,,hindukush,,,^ n a n a _ j uː s $,default,
bsk_n-Kinship-motherssistershusband-1,,bsk_n,Kinship-motherssistershusband,ujum mahma muːjar,ujum_mahma_muːjar,u j u m + m a h m a + m uː j a r,,hindukush,,,^ u j u m _ m a h m a _ m uː j a r $,default,
bsk_n-Kinship-sonswife-1,,bsk_n,Kinship-sonswife,aχakin,aχakin,a χ a k i n,,hindukush,,,^ a χ a k i n $,default,
bsk_n-Kinship-brotherswifemaleego-1,,bsk_n,Kinship-brotherswifemaleego,ujum kaːku juːs,ujum_kaːku_juːs,u j u m + k aː k u + j uː s,,hindukush,,,^ u j u m _ k aː k u _ j uː s $,default,
bsk_n-Kinship-brotherswifefemaleego-1,,bsk_n,Kinship-brotherswifefemaleego,ujum kaːku juːs,ujum_kaːku_juːs,u j u m + k aː k u + j uː s,,hindukush,,,^ u j u m _ k aː k u _ j uː s $,default,
bsk_n-Kinship-sistershusbandmaleego-1,,bsk_n,Kinship-sistershusbandmaleego,arik,arik,a r i k,,hindukush,,,^ a r i k $,default,
bsk_n-Kinship-sistershusbandfemaleego-1,,bsk_n,Kinship-sistershusbandfemaleego,arik,arik,a r i k,,hindukush,,,^ a r i k $,default,
bsk_n-Kinship-wifesfather-1,,bsk_n,Kinship-wifesfather,aːskir,aːskir,aː s k i r,,hindukush,,,^ aː s k i r $,default,
bsk_n-Kinship-wifesmother-1,,bsk_n,Kinship-wifesmother,aːs kus,aːs_kus,aː s + k u s,,hindukush,,,^ aː s _ k u s $,default,
bsk_n-Kinship-husbandsfather-1,,bsk_n,Kinship-husbandsfather,aːskir,aːskir,aː s k i r,,hindukush,,,^ aː s k i r $,default,
bsk_n-Kinship-husbandsmother-1,,bsk_n,Kinship-husbandsmother,aːs kus,aːs_kus,aː s + k u s,,hindukush,,,^ aː s _ k u s $,default,
bsk_n-Kinship-husbandsbrother-1,,bsk_n,Kinship-husbandsbrother,haːlum uːlus,haːlum_uːlus,h aː l u m + uː l u s,,hindukush,,,^ h aː l u m _ uː l u s $,default,
bsk_n-Kinship-husbandssister-1,,bsk_n,Kinship-husbandssister,haːlum uʈ͡ʂu,haːlum_uʈ͡ʂu,h aː l u m + u ʈʂ u,,hindukush,,,^ h aː l u m _ u ʈ͡ʂ u $,default,
bsk_n-Kinship-wifesbrother-1,,bsk_n,Kinship-wifesbrother,arik,arik,a r i k,,hindukush,,,^ a r i k $,default,
bsk_n-Kinship-wifessister-1,,bsk_n,Kinship-wifessister,aːwus mu muʈ͡ʂu,aːwus_mu_muʈ͡ʂu,aː w u s + m u + m u ʈʂ u,,hindukush,,,^ aː w u s _ m u _ m u ʈ͡ʂ u $,default,
bsk_n-Kinship-husbandssistershusband-1,,bsk_n,Kinship-husbandssistershusband,haːlum uːlus,haːlum_uːlus,h aː l u m + uː l u s,,hindukush,,,^ h aː l u m _ uː l u s $,default,
bsk_n-Kinship-wifessistershusband-1,,bsk_n,Kinship-wifessistershusband,uʈ͡ʂu,uʈ͡ʂu,u ʈʂ u,,hindukush,,,^ u ʈ͡ʂ u $,default,
bsk_n-Kinship-sonswifesfather-1,,bsk_n,Kinship-sonswifesfather,ajeː juːs mu aɰa,ajeː_juːs_mu_aɰa,a j eː + j uː s + m u + a ɰ a,,hindukush,,,^ a j eː _ j uː s _ m u _ a ɰ a $,default,
bsk_n-Kinship-sonswifesmother-1,,bsk_n,Kinship-sonswifesmother,ajeː juːs mu mahma,ajeː_juːs_mu_mahma,a j eː + j uː s + m u + m a h m a,,hindukush,,,^ a j eː _ j uː s _ m u _ m a h m a $,default,
bsk_n-Kinship-daughtershusbandsfather-1,,bsk_n,Kinship-daughtershusbandsfather,ajeː mu muːjare aɰa,ajeː_mu_muːjare_aɰa,a j eː + m u + m uː j a r e + a ɰ a,,hindukush,,,^ a j eː _ m u _ m uː j a r e _ a ɰ a $,default,
bsk_n-Kinship-daughtershusbandsmother-1,,bsk_n,Kinship-daughtershusbandsmother,ajeː mu muːjare mahma,ajeː_mu_muːjare_mahma,a j eː + m u + m uː j a r e + m a h m a,,hindukush,,,^ a j eː _ m u _ m uː j a r e _ m a h m a $,default,
bsk_n-Kinship-stepsisternosharedparent-1,,bsk_n,Kinship-stepsisternosharedparent,diː t͡ɕoː uʈ͡ʂkoːn,diː_t͡ɕoː_uʈ͡ʂkoːn,d iː + tɕ oː + u ʈʂ k oː n,,hindukush,,,^ d iː _ t͡ɕ oː _ u ʈ͡ʂ k oː n $,default,
bsk_n-Kinship-stepbrothernosharedparent-1,,bsk_n,Kinship-stepbrothernosharedparent,diː t͡ɕoː uʈ͡ʂkoːn,diː_t͡ɕoː_uʈ͡ʂkoːn,d iː + tɕ oː + u ʈʂ k oː n,,hindukush,,,^ d iː _ t͡ɕ oː _ u ʈ͡ʂ k oː n $,default,
bsk_n-Kinship-stepmother-1,,bsk_n,Kinship-stepmother,diː t͡ɕoː mahma,diː_t͡ɕoː_mahma,d iː + tɕ oː + m a h m a,,hindukush,,,^ d iː _ t͡ɕ oː _ m a h m a $,default,
bsk_n-Kinship-stepfather-1,,bsk_n,Kinship-stepfather,diː t͡ɕoː aɰa,diː_t͡ɕoː_aɰa,d iː + tɕ oː + a ɰ a,,hindukush,,,^ d iː _ t͡ɕ oː _ a ɰ a $,default,
bsk_n-Kinship-stepson-1,,bsk_n,Kinship-stepson,diː t͡ɕoː ají,diː_t͡ɕoː_ají,d iː + tɕ oː + a j í/i,,hindukush,,,^ d iː _ t͡ɕ oː _ a j í $,default,
bsk_n-Kinship-stepdaughter-1,,bsk_n,Kinship-stepdaughter,diː t͡ɕoː áji,diː_t͡ɕoː_áji,d iː + tɕ oː + á/a j i,,hindukush,,,^ d iː _ t͡ɕ oː _ á j i $,default,
bsk_n-Kinship-fathersfathersfather-1,,bsk_n,Kinship-fathersfathersfather,daːdo aɰa,daːdo_aɰa,d aː d o + a ɰ a,,hindukush,,,^ d aː d o _ a ɰ a $,default,
bsk_n-Kinship-mothersmothersmother-1,,bsk_n,Kinship-mothersmothersmother,api mu mahma,api_mu_mahma,a p i + m u + m a h m a,,hindukush,,,^ a p i _ m u _ m a h m a $,default,
bsk_n-Kinship-forefather-1,,bsk_n,Kinship-forefather,me pi kut͡s,me_pi_kut͡s,m e + p i + k u ts,,hindukush,,,^ m e _ p i _ k u t͡s $,default,
bsk_n-Kinship-foremother-1,,bsk_n,Kinship-foremother,"jaːrum daːdo api, mep kut͡s",jaːrum_daːdo_api,j aː r u m + d aː d o + a p i,,hindukush,,,^ j aː r u m _ d aː d o _ a p i $,default,
bsk_n-Kinship-foremother-2,,bsk_n,Kinship-foremother,"jaːrum daːdo api, mep kut͡s",mep_kut͡s,m e p + k u ts,,hindukush,,,^ m e p _ k u t͡s $,default,
bsk_n-Kinship-fathersbrothersson-1,,bsk_n,Kinship-fathersbrothersson,ujum aɰa iji,ujum_aɰa_iji,u j u m + a ɰ a + i j i,,hindukush,,,^ u j u m _ a ɰ a _ i j i $,default,
bsk_n-Kinship-fathersbrothersdaughter-1,,bsk_n,Kinship-fathersbrothersdaughter,ujum aɰa eji,ujum_aɰa_eji,u j u m + a ɰ a + e j i,,hindukush,,,^ u j u m _ a ɰ a _ e j i $,default,
bsk_n-Kinship-fatherssistersson-1,,bsk_n,Kinship-fatherssistersson,nana mu muji,nana_mu_muji,n a n a + m u + m u j i,,hindukush,,,^ n a n a _ m u _ m u j i $,default,
bsk_n-Kinship-fatherssistersdaughter-1,,bsk_n,Kinship-fatherssistersdaughter,nana mu moji,nana_mu_moji,n a n a + m u + m o j i,,hindukush,,,^ n a n a _ m u _ m o j i $,default,
bsk_n-Kinship-mothersbrothersson-1,,bsk_n,Kinship-mothersbrothersson,nana iji,nana_iji,n a n a + i j i,,hindukush,,,^ n a n a _ i j i $,default,
bsk_n-Kinship-mothersbrothersdaughter-1,,bsk_n,Kinship-mothersbrothersdaughter,nana ije,nana_ije,n a n a + i j e,,hindukush,,,^ n a n a _ i j e $,default,
bsk_n-Kinship-motherssistersson-1,,bsk_n,Kinship-motherssistersson,ujum mahma mu muji,ujum_mahma_mu_muji,u j u m + m a h m a + m u + m u j i,,hindukush,,,^ u j u m _ m a h m a _ m u _ m u j i $,default,
bsk_n-Kinship-motherssistersdaughter-1,,bsk_n,Kinship-motherssistersdaughter,ujum mahma mu moji,ujum_mahma_mu_moji,u j u m + m a h m a + m u + m o j i,,hindukush,,,^ u j u m _ m a h m a _ m u _ m o j i $,default,
bsk_n-Kinship-relative-1,,bsk_n,Kinship-relative,d͡ʑaːm kaːm,d͡ʑaːm_kaːm,dʑ aː m + k aː m,,hindukush,,,^ d͡ʑ aː m _ k aː m $,default,
bsk_n-Kinship-affinalrelative-1,,bsk_n,Kinship-affinalrelative,uskujon,uskujon,u s k u j o n,,hindukush,,,^ u s k u j o n $,default,
bsk_n-Kinship-bloodrelative-1,,bsk_n,Kinship-bloodrelative,t͡ɕʰap moltani d͡ʑaːm kaːm,t͡ɕʰap_moltani_d͡ʑaːm_kaːm,tɕʰ a p + m o l t a n i + dʑ aː m + k aː m,,hindukush,,,^ t͡ɕʰ a p _ m o l t a n i _ d͡ʑ aː m _ k aː m $,default,
bsk_n-Kinship-wifesrelatives-1,,bsk_n,Kinship-wifesrelatives,aːstin,aːstin,aː s t i n,,hindukush,,,^ aː s t i n $,default,
bsk_n-Kinship-headofhousehold-1,,bsk_n,Kinship-headofhousehold,daman,daman,d a m a n,,hindukush,,,^ d a m a n $,default,
bsk_n-Kinship-headoftribe-1,,bsk_n,Kinship-headoftribe,χaːndaːne ujum,χaːndaːne_ujum,χ aː n d aː n e + u j u m,,hindukush,,,^ χ aː n d aː n e _ u j u m $,default,
bsk_n-Kinship-halfsistersamefatherdifferentmother-1,,bsk_n,Kinship-halfsistersamefatherdifferentmother,diː t͡ɕoː uʈ͡ʂkoːn,diː_t͡ɕoː_uʈ͡ʂkoːn,d iː + tɕ oː + u ʈʂ k oː n,,hindukush,,,^ d iː _ t͡ɕ oː _ u ʈ͡ʂ k oː n $,default,
bsk_n-Kinship-halfbrothersamefatherdifferentmother-1,,bsk_n,Kinship-halfbrothersamefatherdifferentmother,diː t͡ɕoː uʈ͡ʂkoːn,diː_t͡ɕoː_uʈ͡ʂkoːn,d iː + tɕ oː + u ʈʂ k oː n,,hindukush,,,^ d iː _ t͡ɕ oː _ u ʈ͡ʂ k oː n $,default,
bsk_n-Kinship-halfsistersamemotherdifferentfather-1,,bsk_n,Kinship-halfsistersamemotherdifferentfather,diː t͡ɕoː uʈ͡ʂkoːn,diː_t͡ɕoː_uʈ͡ʂkoːn,d iː + tɕ oː + u ʈʂ k oː n,,hindukush,,,^ d iː _ t͡ɕ oː _ u ʈ͡ʂ k oː n $,default,
bsk_n-Kinship-halfbrothersamemotherdifferentfather-1,,bsk_n,Kinship-halfbrothersamemotherdifferentfather,diː t͡ɕoː uʈ͡ʂkoːn,diː_t͡ɕoː_uʈ͡ʂkoːn,d iː + tɕ oː + u ʈʂ k oː n,,hindukush,,,^ d iː _ t͡ɕ oː _ u ʈ͡ʂ k oː n $,default,
dml-Kinship-father-1,,dml,Kinship-father,dadi,dadi,d a d i,,hindukush,,,^ d a d i $,default,
dml-Kinship-mother-1,,dml,Kinship-mother,jiː,jiː,j iː,,hindukush,,,^ j iː $,default,
dml-Kinship-parent-1,,dml,Kinship-parent,jiː dadi,jiː_dadi,j iː + d a d i,,hindukush,,,^ j iː _ d a d i $,default,
dml-Kinship-son-1,,dml,Kinship-son,put,put,p u t,,hindukush,,,^ p u t $,default,
dml-Kinship-daughter-1,,dml,Kinship-daughter,ʒu,ʒu,ʒ u,,hindukush,,,^ ʒ u $,default,
dml-Kinship-ownchild-1,,dml,Kinship-ownchild,taːnu kuʕah,taːnu_kuʕah,t aː n u + k u ʕ a h,,hindukush,,,^ t aː n u _ k u ʕ a h $,default,
dml-Kinship-brother-1,,dml,Kinship-brother,braː,braː,b r aː,,hindukush,,,^ b r aː $,default,
dml-Kinship-sister-1,,dml,Kinship-sister,pas,pas,p a s,,hindukush,,,^ p a s $,default,
dml-Kinship-olderbrother-1,,dml,Kinship-olderbrother,ʒeʂʈeːra braː,ʒeʂʈeːra_braː,ʒ e ʂ ʈ eː r a + b r aː,,hindukush,,,^ ʒ e ʂ ʈ eː r a _ b r aː $,default,
dml-Kinship-youngerbrother-1,,dml,Kinship-youngerbrother,surʕeː braː,surʕeː_braː,s u r ʕ eː + b r aː,,hindukush,,,^ s u r ʕ eː _ b r aː $,default,
dml-Kinship-oldersister-1,,dml,Kinship-oldersister,ʒeʂʈeːri pas,ʒeʂʈeːri_pas,ʒ e ʂ ʈ eː r i + p a s,,hindukush,,,^ ʒ e ʂ ʈ eː r i _ p a s $,default,
dml-Kinship-youngersister-1,,dml,Kinship-youngersister,surʕeː pas,surʕeː_pas,s u r ʕ eː + p a s,,hindukush,,,^ s u r ʕ eː _ p a s $,default,
dml-Kinship-fathersfather-1,,dml,Kinship-fathersfather,"baloː dadi, bap",baloː_dadi,b a l oː + d a d i,,hindukush,,,^ b a l oː _ d a d i $,default,
dml-Kinship-fathersfather-2,,dml,Kinship-fathersfather,"baloː dadi, bap",bap,b a p,,hindukush,,,^ b a p $,default,
dml-Kinship-fathersmother-1,,dml,Kinship-fathersmother,"baloː jiː, jaj",baloː_jiː,b a l oː + j iː,,hindukush,,,^ b a l oː _ j iː $,default,
dml-Kinship-fathersmother-2,,dml,Kinship-fathersmother,"baloː jiː, jaj",jaj,j a j,,hindukush,,,^ j a j $,default,
dml-Kinship-mothersfather-1,,dml,Kinship-mothersfather,"baloː dadi, bap",baloː_dadi,b a l oː + d a d i,,hindukush,,,^ b a l oː _ d a d i $,default,
dml-Kinship-mothersfather-2,,dml,Kinship-mothersfather,"baloː dadi, bap",bap,b a p,,hindukush,,,^ b a p $,default,
dml-Kinship-mothersmother-1,,dml,Kinship-mothersmother,"baloː jiː, jaj",baloː_jiː,b a l oː + j iː,,hindukush,,,^ b a l oː _ j iː $,default,
dml-Kinship-mothersmother-2,,dml,Kinship-mothersmother,"baloː jiː, jaj",jaj,j a j,,hindukush,,,^ j a j $,default,
dml-Kinship-sonsson-1,,dml,Kinship-sonsson,nawaːsah,nawaːsah,n a w aː s a h,,hindukush,,,^ n a w aː s a h $,default,
dml-Kinship-sonsdaughter-1,,dml,Kinship-sonsdaughter,nawaːsi,nawaːsi,n a w aː s i,,hindukush,,,^ n a w aː s i $,default,
dml-Kinship-daughtersson-1,,dml,Kinship-daughtersson,nawaːsah,nawaːsah,n a w aː s a h,,hindukush,,,^ n a w aː s a h $,default,
dml-Kinship-daughtersdaughter-1,,dml,Kinship-daughtersdaughter,nawaːsi,nawaːsi,n a w aː s i,,hindukush,,,^ n a w aː s i $,default,
dml-Kinship-fathersbrother-1,,dml,Kinship-fathersbrother,"pitri, kaːkaː",pitri,p i t r i,,hindukush,,,^ p i t r i $,default,
dml-Kinship-fathersbrother-2,,dml,Kinship-fathersbrother,"pitri, kaːkaː",kaːkaː,k aː k aː,,hindukush,,,^ k aː k aː $,default,
dml-Kinship-fathersolderbrother-1,,dml,Kinship-fathersolderbrother,ʒeʂʈah dadi,ʒeʂʈah_dadi,ʒ e ʂ ʈ a h + d a d i,,hindukush,,,^ ʒ e ʂ ʈ a h _ d a d i $,default,
dml-Kinship-fathersyoungerbrother-1,,dml,Kinship-fathersyoungerbrother,"surʕeː pitri, kaːkaː, dadi",surʕeː_pitri,s u r ʕ eː + p i t r i,,hindukush,,,^ s u r ʕ eː _ p i t r i $,default,
dml-Kinship-fathersyoungerbrother-2,,dml,Kinship-fathersyoungerbrother,"surʕeː pitri, kaːkaː, dadi",kaːkaː,k aː k aː,,hindukush,,,^ k aː k aː $,default,
dml-Kinship-fathersyoungerbrother-3,,dml,Kinship-fathersyoungerbrother,"surʕeː pitri, kaːkaː, dadi",dadi,d a d i,,hindukush,,,^ d a d i $,default,
dml-Kinship-fatherssister-1,,dml,Kinship-fatherssister,pʰaːpi,pʰaːpi,pʰ aː p i,,hindukush,,,^ pʰ aː p i $,default,
dml-Kinship-fathersoldersister-1,,dml,Kinship-fathersoldersister,ʒeʂʈeːri pʰaːpi,ʒeʂʈeːri_pʰaːpi,ʒ e ʂ ʈ eː r i + pʰ aː p i,,hindukush,,,^ ʒ e ʂ ʈ eː r i _ pʰ aː p i $,default,
dml-Kinship-fathersyoungersister-1,,dml,Kinship-fathersyoungersister,surʕeː pʰaːpi,surʕeː_pʰaːpi,s u r ʕ eː + pʰ aː p i,,hindukush,,,^ s u r ʕ eː _ pʰ aː p i $,default,
dml-Kinship-mothersbrother-1,,dml,Kinship-mothersbrother,mam,mam,m a m,,hindukush,,,^ m a m $,default,
dml-Kinship-mothersolderbrother-1,,dml,Kinship-mothersolderbrother,mamaːni,mamaːni,m a m aː n i,,hindukush,,,^ m a m aː n i $,default,
dml-Kinship-mothersyoungerbrother-1,,dml,Kinship-mothersyoungerbrother,"uʈ͡ʂʰuʈah mam, surʕeː mam",uʈ͡ʂʰuʈah_mam,u ʈʂʰ u ʈ a h + m a m,,hindukush,,,^ u ʈ͡ʂʰ u ʈ a h _ m a m $,default,
dml-Kinship-mothersyoungerbrother-2,,dml,Kinship-mothersyoungerbrother,"uʈ͡ʂʰuʈah mam, surʕeː mam",surʕeː_mam,s u r ʕ eː + m a m,,hindukush,,,^ s u r ʕ eː _ m a m $,default,
dml-Kinship-motherssister-1,,dml,Kinship-motherssister,nan,nan,n a n,,hindukush,,,^ n a n $,default,
dml-Kinship-mothersoldersister-1,,dml,Kinship-mothersoldersister,"ʒeʂʈeːri nan, ʒeʂʈiː nan",ʒeʂʈeːri_nan,ʒ e ʂ ʈ eː r i + n a n,,hindukush,,,^ ʒ e ʂ ʈ eː r i _ n a n $,default,
dml-Kinship-mothersoldersister-2,,dml,Kinship-mothersoldersister,"ʒeʂʈeːri nan, ʒeʂʈiː nan",ʒeʂʈiː_nan,ʒ e ʂ ʈ iː + n a n,,hindukush,,,^ ʒ e ʂ ʈ iː _ n a n $,default,
dml-Kinship-mothersyoungersister-1,,dml,Kinship-mothersyoungersister,surʕeː nan,surʕeː_nan,s u r ʕ eː + n a n,,hindukush,,,^ s u r ʕ eː _ n a n $,default,
dml-Kinship-brothersson-1,,dml,Kinship-brothersson,braːsãː put,braːsãː_put,b r aː s ãː + p u t,,hindukush,,,^ b r aː s ãː _ p u t $,default,
dml-Kinship-brothersdaughter-1,,dml,Kinship-brothersdaughter,braːsai ʒu,braːsai_ʒu,b r aː s ai + ʒ u,,hindukush,,,^ b r aː s ai _ ʒ u $,default,
dml-Kinship-sistersson-1,,dml,Kinship-sistersson,iʂpaʂi,iʂpaʂi,i ʂ p a ʂ i,,hindukush,,,^ i ʂ p a ʂ i $,default,
dml-Kinship-sistersdaughter-1,,dml,Kinship-sistersdaughter,iʂpaʂi,iʂpaʂi,i ʂ p a ʂ i,,hindukush,,,^ i ʂ p a ʂ i $,default,
dml-Kinship-husband-1,,dml,Kinship-husband,"bariju, mat͡ʃ",bariju,b a r i j u,,hindukush,,,^ b a r i j u $,default,
dml-Kinship-husband-2,,dml,Kinship-husband,"bariju, mat͡ʃ",mat͡ʃ,m a tʃ,,hindukush,,,^ m a t͡ʃ $,default,
dml-Kinship-wife-1,,dml,Kinship-wife,"ʒaːmi, iʃtri",ʒaːmi,ʒ aː m i,,hindukush,,,^ ʒ aː m i $,default,
dml-Kinship-wife-2,,dml,Kinship-wife,"ʒaːmi, iʃtri",iʃtri,i ʃ t r i,,hindukush,,,^ i ʃ t r i $,default,
dml-Kinship-fathersolderbrotherswife-1,,dml,Kinship-fathersolderbrotherswife,braːʒei ʒiʂʈi,braːʒei_ʒiʂʈi,b r aː ʒ ei + ʒ i ʂ ʈ i,,hindukush,,,^ b r aː ʒ ei _ ʒ i ʂ ʈ i $,default,
dml-Kinship-fathersyoungerbrotherswife-1,,dml,Kinship-fathersyoungerbrotherswife,"uʈ͡ʂuʈi jij, surʕeː jij",uʈ͡ʂuʈi_jij,u ʈʂ u ʈ i + j i j,,hindukush,,,^ u ʈ͡ʂ u ʈ i _ j i j $,default,
dml-Kinship-fathersyoungerbrotherswife-2,,dml,Kinship-fathersyoungerbrotherswife,"uʈ͡ʂuʈi jij, surʕeː jij",surʕeː_jij,s u r ʕ eː + j i j,,hindukush,,,^ s u r ʕ eː _ j i j $,default,
dml-Kinship-fatherssistershusband-1,,dml,Kinship-fatherssistershusband,pʰaːpah,pʰaːpah,pʰ aː p a h,,hindukush,,,^ pʰ aː p a h $,default,
dml-Kinship-mothersbrotherswife-1,,dml,Kinship-mothersbrotherswife,mamaːni,mamaːni,m a m aː n i,,hindukush,,,^ m a m aː n i $,default,
dml-Kinship-motherssistershusband-1,,dml,Kinship-motherssistershusband,nan sãː bariju,nan_sãː_bariju,n a n + s ãː + b a r i j u,,hindukush,,,^ n a n _ s ãː _ b a r i j u $,default,
dml-Kinship-sonswife-1,,dml,Kinship-sonswife,bawiː,bawiː,b a w iː,,hindukush,,,^ b a w iː $,default,
dml-Kinship-daughtershusband-1,,dml,Kinship-daughtershusband,zaːmaː,zaːmaː,z aː m aː,,hindukush,,,^ z aː m aː $,default,
dml-Kinship-brotherswifemaleego-1,,dml,Kinship-brotherswifemaleego,braːʒei,braːʒei,b r aː ʒ ei,,hindukush,,,^ b r aː ʒ ei $,default,
dml-Kinship-brotherswifefemaleego-1,,dml,Kinship-brotherswifefemaleego,ʒaːmili,ʒaːmili,ʒ aː m i l i,,hindukush,,,^ ʒ aː m i l i $,default,
dml-Kinship-sistershusbandmaleego-1,,dml,Kinship-sistershusbandmaleego,ʐami,ʐami,ʐ a m i,,hindukush,,,^ ʐ a m i $,default,
dml-Kinship-sistershusbandfemaleego-1,,dml,Kinship-sistershusbandfemaleego,saːraːnah,saːraːnah,s aː r aː n a h,,hindukush,,,^ s aː r aː n a h $,default,
dml-Kinship-wifesfather-1,,dml,Kinship-wifesfather,paʃuːr,paʃuːr,p a ʃ uː r,,hindukush,,,^ p a ʃ uː r $,default,
dml-Kinship-wifesmother-1,,dml,Kinship-wifesmother,ʒaʂʈaːli,ʒaʂʈaːli,ʒ a ʂ ʈ aː l i,,hindukush,,,^ ʒ a ʂ ʈ aː l i $,default,
dml-Kinship-husbandsfather-1,,dml,Kinship-husbandsfather,paʃuːr,paʃuːr,p a ʃ uː r,,hindukush,,,^ p a ʃ uː r $,default,
dml-Kinship-husbandsmother-1,,dml,Kinship-husbandsmother,preːʃ,preːʃ,p r eː ʃ,,hindukush,,,^ p r eː ʃ $,default,
dml-Kinship-husbandsbrother-1,,dml,Kinship-husbandsbrother,deːr,deːr,d eː r,,hindukush,,,^ d eː r $,default,
dml-Kinship-husbandssister-1,,dml,Kinship-husbandssister,deːr iʃtri,deːr_iʃtri,d eː r + i ʃ t r i,,hindukush,,,^ d eː r _ i ʃ t r i $,default,
dml-Kinship-wifesbrother-1,,dml,Kinship-wifesbrother,ʐami,ʐami,ʐ a m i,,hindukush,,,^ ʐ a m i $,default,
dml-Kinship-wifessister-1,,dml,Kinship-wifessister,saːraːni,saːraːni,s aː r aː n i,,hindukush,,,^ s aː r aː n i $,default,
dml-Kinship-husbandsbrotherswife-1,,dml,Kinship-husbandsbrotherswife,"ʒaːmili, der iʃtri",ʒaːmili,ʒ aː m i l i,,hindukush,,,^ ʒ aː m i l i $,default,
dml-Kinship-husbandsbrotherswife-2,,dml,Kinship-husbandsbrotherswife,"ʒaːmili, der iʃtri",der_iʃtri,d e r + i ʃ t r i,,hindukush,,,^ d e r _ i ʃ t r i $,default,
dml-Kinship-wifesbrotherswife-1,,dml,Kinship-wifesbrotherswife,ʐami sãː ʒami,ʐami_sãː_ʒami,ʐ a m i + s ãː + ʒ a m i,,hindukush,,,^ ʐ a m i _ s ãː _ ʒ a m i $,default,
dml-Kinship-wifessistershusband-1,,dml,Kinship-wifessistershusband,saːnɖu,saːnɖu,s aː n ɖ u,,hindukush,,,^ s aː n ɖ u $,default,
dml-Kinship-cowife-1,,dml,Kinship-cowife,abeːni,abeːni,a b eː n i,,hindukush,,,^ a b eː n i $,default,
dml-Kinship-sonswifesfather-1,,dml,Kinship-sonswifesfather,χiχ,χiχ,χ i χ,,hindukush,,,^ χ i χ $,default,
dml-Kinship-sonswifesmother-1,,dml,Kinship-sonswifesmother,χiχ,χiχ,χ i χ,,hindukush,,,^ χ i χ $,default,
dml-Kinship-stepsisternosharedparent-1,,dml,Kinship-stepsisternosharedparent,saːtisani pas,saːtisani_pas,s aː t i s a n i + p a s,,hindukush,,,^ s aː t i s a n i _ p a s $,default,
dml-Kinship-stepbrothernosharedparent-1,,dml,Kinship-stepbrothernosharedparent,saːtisan braː,saːtisan_braː,s aː t i s a n + b r aː,,hindukush,,,^ s aː t i s a n _ b r aː $,default,
dml-Kinship-stepmother-1,,dml,Kinship-stepmother,abeːni jiː,abeːni_jiː,a b eː n i + j iː,,hindukush,,,^ a b eː n i _ j iː $,default,
dml-Kinship-stepfather-1,,dml,Kinship-stepfather,abeːni dadi,abeːni_dadi,a b eː n i + d a d i,,hindukush,,,^ a b eː n i _ d a d i $,default,
dml-Kinship-stepson-1,,dml,Kinship-stepson,abeːni put,abeːni_put,a b eː n i + p u t,,hindukush,,,^ a b eː n i _ p u t $,default,
dml-Kinship-stepdaughter-1,,dml,Kinship-stepdaughter,abeːni ʒu,abeːni_ʒu,a b eː n i + ʒ u,,hindukush,,,^ a b eː n i _ ʒ u $,default,
dml-Kinship-fathersfathersfather-1,,dml,Kinship-fathersfathersfather,parbap,parbap,p a r b a p,,hindukush,,,^ p a r b a p $,default,
dml-Kinship-mothersmothersmother-1,,dml,Kinship-mothersmothersmother,jaj,jaj,j a j,,hindukush,,,^ j a j $,default,
dml-Kinship-forefather-1,,dml,Kinship-forefather,jaj bap,jaj_bap,j a j + b a p,,hindukush,,,^ j a j _ b a p $,default,
dml-Kinship-foremother-1,,dml,Kinship-foremother,parbap,parbap,p a r b a p,,hindukush,,,^ p a r b a p $,default,
dml-Kinship-fathersbrothersson-1,,dml,Kinship-fathersbrothersson,pitri kuʕah,pitri_kuʕah,p i t r i + k u ʕ a h,,hindukush,,,^ p i t r i _ k u ʕ a h $,default,
dml-Kinship-fathersbrothersdaughter-1,,dml,Kinship-fathersbrothersdaughter,pitri ʒui,pitri_ʒui,p i t r i + ʒ u i,,hindukush,,,^ p i t r i _ ʒ ui $,default,
dml-Kinship-fatherssistersson-1,,dml,Kinship-fatherssistersson,"pʰaːpi kuʕah, pʰaːpi put",pʰaːpi_kuʕah,pʰ aː p i + k u ʕ a h,,hindukush,,,^ pʰ aː p i _ k u ʕ a h $,default,
dml-Kinship-fatherssistersson-2,,dml,Kinship-fatherssistersson,"pʰaːpi kuʕah, pʰaːpi put",pʰaːpi_put,pʰ aː p i + p u t,,hindukush,,,^ pʰ aː p i _ p u t $,default,
dml-Kinship-fatherssistersdaughter-1,,dml,Kinship-fatherssistersdaughter,pʰaːpi ʒui,pʰaːpi_ʒui,pʰ aː p i + ʒ u i,,hindukush,,,^ pʰ aː p i _ ʒ ui $,default,
dml-Kinship-mothersbrothersson-1,,dml,Kinship-mothersbrothersson,mam sãː put,mam_sãː_put,m a m + s ãː + p u t,,hindukush,,,^ m a m _ s ãː _ p u t $,default,
dml-Kinship-mothersbrothersdaughter-1,,dml,Kinship-mothersbrothersdaughter,mam ʒui,mam_ʒui,m a m + ʒ u i,,hindukush,,,^ m a m _ ʒ ui $,default,
dml-Kinship-motherssistersson-1,,dml,Kinship-motherssistersson,"nan sãː put, nan uːʕah",nan_sãː_put,n a n + s ãː + p u t,,hindukush,,,^ n a n _ s ãː _ p u t $,default,
dml-Kinship-motherssistersson-2,,dml,Kinship-motherssistersson,"nan sãː put, nan uːʕah",nan_uːʕah,n a n + uː ʕ a h,,hindukush,,,^ n a n _ uː ʕ a h $,default,
dml-Kinship-motherssistersdaughter-1,,dml,Kinship-motherssistersdaughter,"nan ʒui, nan sae ʒu",nan_ʒui,n a n + ʒ u i,,hindukush,,,^ n a n _ ʒ ui $,default,
dml-Kinship-motherssistersdaughter-2,,dml,Kinship-motherssistersdaughter,"nan ʒui, nan sae ʒu",nan_sae_ʒu,n a n + s a e + ʒ u,,hindukush,,,^ n a n _ s ae _ ʒ u $,default,
dml-Kinship-relative-1,,dml,Kinship-relative,taːnuwaːr,taːnuwaːr,t aː n u w aː r,,hindukush,,,^ t aː n u w aː r $,default,
dml-Kinship-bloodrelative-1,,dml,Kinship-bloodrelative,loi tah riʃtah,loi_tah_riʃtah,l oi + t a h + r i ʃ t a h,,hindukush,,,^ l oi _ t a h _ r i ʃ t a h $,default,
dml-Kinship-wifesrelatives-1,,dml,Kinship-wifesrelatives,paʃuːr daːri,paʃuːr_daːri,p a ʃ uː r + d aː r i,,hindukush,,,^ p a ʃ uː r _ d aː r i $,default,
dml-Kinship-headofhousehold-1,,dml,Kinship-headofhousehold,ʒeʂʈah,ʒeʂʈah,ʒ e ʂ ʈ a h,,hindukush,,,^ ʒ e ʂ ʈ a h $,default,
dml-Kinship-headofclan-1,,dml,Kinship-headofclan,ʒeʂʈah,ʒeʂʈah,ʒ e ʂ ʈ a h,,hindukush,,,^ ʒ e ʂ ʈ a h $,default,
dml-Kinship-headoftribe-1,,dml,Kinship-headoftribe,sardar,sardar,s a r d a r,,hindukush,,,^ s a r d a r $,default,
dml-Kinship-halfsistersamefatherdifferentmother-1,,dml,Kinship-halfsistersamefatherdifferentmother,abeːni pas,abeːni_pas,a b eː n i + p a s,,hindukush,,,^ a b eː n i _ p a s $,default,
dml-Kinship-halfbrothersamefatherdifferentmother-1,,dml,Kinship-halfbrothersamefatherdifferentmother,abeːni braː,abeːni_braː,a b eː n i + b r aː,,hindukush,,,^ a b eː n i _ b r aː $,default,
dml-Kinship-halfsistersamemotherdifferentfather-1,,dml,Kinship-halfsistersamemotherdifferentfather,abeːni pas,abeːni_pas,a b eː n i + p a s,,hindukush,,,^ a b eː n i _ p a s $,default,
dml-Kinship-halfbrothersamemotherdifferentfather-1,,dml,Kinship-halfbrothersamemotherdifferentfather,abeːni braː,abeːni_braː,a b eː n i + b r aː,,hindukush,,,^ a b eː n i _ b r aː $,default,
prs_d-Kinship-father-1,,prs_d,Kinship-father,bɑːba,bɑːba,b ɑː b a,,hindukush,,,^ b ɑː b a $,default,
prs_d-Kinship-mother-1,,prs_d,Kinship-mother,uːma,uːma,uː m a,,hindukush,,,^ uː m a $,default,
prs_d-Kinship-parent-1,,prs_d,Kinship-parent,χuːnawɑːda,χuːnawɑːda,χ uː n a w ɑː d a,,hindukush,,,^ χ uː n a w ɑː d a $,default,
prs_d-Kinship-son-1,,prs_d,Kinship-son,bat͡ʃa,bat͡ʃa,b a tʃ a,,hindukush,,,^ b a t͡ʃ a $,default,
prs_d-Kinship-daughter-1,,prs_d,Kinship-daughter,daχtar,daχtar,d a χ t a r,,hindukush,,,^ d a χ t a r $,default,
prs_d-Kinship-ownchild-1,,prs_d,Kinship-ownchild,guːlak,guːlak,g uː l a k,,hindukush,,,^ g uː l a k $,default,
prs_d-Kinship-brother-1,,prs_d,Kinship-brother,bijɑːr,bijɑːr,b i j ɑː r,,hindukush,,,^ b i j ɑː r $,default,
prs_d-Kinship-sister-1,,prs_d,Kinship-sister,χɑːr,χɑːr,χ ɑː r,,hindukush,,,^ χ ɑː r $,default,
prs_d-Kinship-olderbrother-1,,prs_d,Kinship-olderbrother,aka,aka,a k a,,hindukush,,,^ a k a $,default,
prs_d-Kinship-youngerbrother-1,,prs_d,Kinship-youngerbrother,bijɑːrak,bijɑːrak,b i j ɑː r a k,,hindukush,,,^ b i j ɑː r a k $,default,
prs_d-Kinship-oldersister-1,,prs_d,Kinship-oldersister,apa,apa,a p a,,hindukush,,,^ a p a $,default,
prs_d-Kinship-youngersister-1,,prs_d,Kinship-youngersister,χɑːrak,χɑːrak,χ ɑː r a k,,hindukush,,,^ χ ɑː r a k $,default,
prs_d-Kinship-fathersfather-1,,prs_d,Kinship-fathersfather,bɑːbiː,bɑːbiː,b ɑː b iː,,hindukush,,,^ b ɑː b iː $,default,
prs_d-Kinship-fathersmother-1,,prs_d,Kinship-fathersmother,bəbiː,bəbiː,b ə b iː,,hindukush,,,^ b ə b iː $,default,
prs_d-Kinship-mothersfather-1,,prs_d,Kinship-mothersfather,bɑːbiː,bɑːbiː,b ɑː b iː,,hindukush,,,^ b ɑː b iː $,default,
prs_d-Kinship-mothersmother-1,,prs_d,Kinship-mothersmother,bəbiː,bəbiː,b ə b iː,,hindukush,,,^ b ə b iː $,default,
prs_d-Kinship-sonsson-1,,prs_d,Kinship-sonsson,nuwasa,nuwasa,n u w a s a,,hindukush,,,^ n u w a s a $,default,
prs_d-Kinship-sonsdaughter-1,,prs_d,Kinship-sonsdaughter,χɑːrzɑː,χɑːrzɑː,χ ɑː r z ɑː,,hindukush,,,^ χ ɑː r z ɑː $,default,
prs_d-Kinship-daughtersson-1,,prs_d,Kinship-daughtersson,χɑːrzɑː,χɑːrzɑː,χ ɑː r z ɑː,,hindukush,,,^ χ ɑː r z ɑː $,default,
prs_d-Kinship-daughtersdaughter-1,,prs_d,Kinship-daughtersdaughter,daχtari χɑːr,daχtari_χɑːr,d a χ t a r i + χ ɑː r,,hindukush,,,^ d a χ t a r i _ χ ɑː r $,default,
prs_d-Kinship-fathersbrother-1,,prs_d,Kinship-fathersbrother,"aka, amak",aka,a k a,,hindukush,,,^ a k a $,default,
prs_d-Kinship-fathersbrother-2,,prs_d,Kinship-fathersbrother,"aka, amak",amak,a m a k,,hindukush,,,^ a m a k $,default,
prs_d-Kinship-fathersolderbrother-1,,prs_d,Kinship-fathersolderbrother,akai kata,akai_kata,a k ai + k a t a,,hindukush,,,^ a k ai _ k a t a $,default,
prs_d-Kinship-fathersyoungerbrother-1,,prs_d,Kinship-fathersyoungerbrother,aka,aka,a k a,,hindukush,,,^ a k a $,default,
prs_d-Kinship-fatherssister-1,,prs_d,Kinship-fatherssister,hama,hama,h a m a,,hindukush,,,^ h a m a $,default,
prs_d-Kinship-fathersoldersister-1,,prs_d,Kinship-fathersoldersister,hamai kata,hamai_kata,h a m ai + k a t a,,hindukush,,,^ h a m ai _ k a t a $,default,
prs_d-Kinship-fathersyoungersister-1,,prs_d,Kinship-fathersyoungersister,hama,hama,h a m a,,hindukush,,,^ h a m a $,default,
prs_d-Kinship-mothersbrother-1,,prs_d,Kinship-mothersbrother,taʁɑːi,taʁɑːi,t a ʁ ɑː i,,hindukush,,,^ t a ʁ ɑːi $,default,
prs_d-Kinship-mothersolderbrother-1,,prs_d,Kinship-mothersolderbrother,taʁɑːi kata,taʁɑːi_kata,t a ʁ ɑː i + k a t a,,hindukush,,,^ t a ʁ ɑːi _ k a t a $,default,
prs_d-Kinship-mothersyoungerbrother-1,,prs_d,Kinship-mothersyoungerbrother,"taʁa, taʁɑːji",taʁa,t a ʁ a,,hindukush,,,^ t a ʁ a $,default,
prs_d-Kinship-mothersyoungerbrother-2,,prs_d,Kinship-mothersyoungerbrother,"taʁa, taʁɑːji",taʁɑːji,t a ʁ ɑː j i,,hindukush,,,^ t a ʁ ɑː j i $,default,
prs_d-Kinship-motherssister-1,,prs_d,Kinship-motherssister,χɑːla,χɑːla,χ ɑː l a,,hindukush,,,^ χ ɑː l a $,default,
prs_d-Kinship-mothersoldersister-1,,prs_d,Kinship-mothersoldersister,χɑːlai kata,χɑːlai_kata,χ ɑː l ai + k a t a,,hindukush,,,^ χ ɑː l ai _ k a t a $,default,
prs_d-Kinship-mothersyoungersister-1,,prs_d,Kinship-mothersyoungersister,χɑːlai majdak,χɑːlai_majdak,χ ɑː l ai + m a j d a k,,hindukush,,,^ χ ɑː l ai _ m a j d a k $,default,
prs_d-Kinship-brothersson-1,,prs_d,Kinship-brothersson,bat͡ʃai aka,bat͡ʃai_aka,b a tʃ ai + a k a,,hindukush,,,^ b a t͡ʃ ai _ a k a $,default,
prs_d-Kinship-brothersdaughter-1,,prs_d,Kinship-brothersdaughter,daχtari aka,daχtari_aka,d a χ t a r i + a k a,,hindukush,,,^ d a χ t a r i _ a k a $,default,
prs_d-Kinship-sistersson-1,,prs_d,Kinship-sistersson,χɑːrzɑː,χɑːrzɑː,χ ɑː r z ɑː,,hindukush,,,^ χ ɑː r z ɑː $,default,
prs_d-Kinship-sistersdaughter-1,,prs_d,Kinship-sistersdaughter,χɑːrzɑː,χɑːrzɑː,χ ɑː r z ɑː,,hindukush,,,^ χ ɑː r z ɑː $,default,
prs_d-Kinship-husband-1,,prs_d,Kinship-husband,jazna,jazna,j a z n a,,hindukush,,,^ j a z n a $,default,
prs_d-Kinship-wife-1,,prs_d,Kinship-wife,za,za,z a,,hindukush,,,^ z a $,default,
prs_d-Kinship-fathersolderbrotherswife-1,,prs_d,Kinship-fathersolderbrotherswife,uːmai kata,uːmai_kata,uː m ai + k a t a,,hindukush,,,^ uː m ai _ k a t a $,default,
prs_d-Kinship-fathersyoungerbrotherswife-1,,prs_d,Kinship-fathersyoungerbrotherswife,apa,apa,a p a,,hindukush,,,^ a p a $,default,
prs_d-Kinship-fatherssistershusband-1,,prs_d,Kinship-fatherssistershusband,ʃuji hama,ʃuji_hama,ʃ u j i + h a m a,,hindukush,,,^ ʃ u j i _ h a m a $,default,
prs_d-Kinship-mothersbrotherswife-1,,prs_d,Kinship-mothersbrotherswife,zani taʁɑːji,zani_taʁɑːji,z a n i + t a ʁ ɑː j i,,hindukush,,,^ z a n i _ t a ʁ ɑː j i $,default,
prs_d-Kinship-motherssistershusband-1,,prs_d,Kinship-motherssistershusband,ʃuji χɑːla,ʃuji_χɑːla,ʃ u j i + χ ɑː l a,,hindukush,,,^ ʃ u j i _ χ ɑː l a $,default,
prs_d-Kinship-sonswife-1,,prs_d,Kinship-sonswife,sənɑːr,sənɑːr,s ə n ɑː r,,hindukush,,,^ s ə n ɑː r $,default,
prs_d-Kinship-daughtershusband-1,,prs_d,Kinship-daughtershusband,dəmɑːd,dəmɑːd,d ə m ɑː d,,hindukush,,,^ d ə m ɑː d $,default,
prs_d-Kinship-brotherswifemaleego-1,,prs_d,Kinship-brotherswifemaleego,janga,janga,j a n g a,,hindukush,,,^ j a n g a $,default,
prs_d-Kinship-brotherswifefemaleego-1,,prs_d,Kinship-brotherswifefemaleego,janga,janga,j a n g a,,hindukush,,,^ j a n g a $,default,
prs_d-Kinship-sistershusbandmaleego-1,,prs_d,Kinship-sistershusbandmaleego,ʃuji χɑːr,ʃuji_χɑːr,ʃ u j i + χ ɑː r,,hindukush,,,^ ʃ u j i _ χ ɑː r $,default,
prs_d-Kinship-sistershusbandfemaleego-1,,prs_d,Kinship-sistershusbandfemaleego,bɑːd͡ʒa,bɑːd͡ʒa,b ɑː dʒ a,,hindukush,,,^ b ɑː d͡ʒ a $,default,
prs_d-Kinship-wifesfather-1,,prs_d,Kinship-wifesfather,χəsər,χəsər,χ ə s ə r,,hindukush,,,^ χ ə s ə r $,default,
prs_d-Kinship-wifesmother-1,,prs_d,Kinship-wifesmother,χəʃ dumɑː,χəʃ_dumɑː,χ ə ʃ + d u m ɑː,,hindukush,,,^ χ ə ʃ _ d u m ɑː $,default,
prs_d-Kinship-husbandsfather-1,,prs_d,Kinship-husbandsfather,taʁɑːji,taʁɑːji,t a ʁ ɑː j i,,hindukush,,,^ t a ʁ ɑː j i $,default,
prs_d-Kinship-husbandsmother-1,,prs_d,Kinship-husbandsmother,χɑːla,χɑːla,χ ɑː l a,,hindukush,,,^ χ ɑː l a $,default,
prs_d-Kinship-husbandsbrother-1,,prs_d,Kinship-husbandsbrother,iːwar,iːwar,iː w a r,,hindukush,,,^ iː w a r $,default,
prs_d-Kinship-husbandssister-1,,prs_d,Kinship-husbandssister,jana,jana,j a n a,,hindukush,,,^ j a n a $,default,
prs_d-Kinship-wifesbrother-1,,prs_d,Kinship-wifesbrother,χəsəri majdak,χəsəri_majdak,χ ə s ə r i + m a j d a k,,hindukush,,,^ χ ə s ə r i _ m a j d a k $,default,
prs_d-Kinship-wifessister-1,,prs_d,Kinship-wifessister,qajsangəl,qajsangəl,q a j s a n g ə l,,hindukush,,,^ q a js a n g ə l $,default,
prs_d-Kinship-husbandsbrotherswife-1,,prs_d,Kinship-husbandsbrotherswife,zani iːwar,zani_iːwar,z a n i + iː w a r,,hindukush,,,^ z a n i _ iː w a r $,default,
prs_d-Kinship-husbandssistershusband-1,,prs_d,Kinship-husbandssistershusband,ʃuji jana,ʃuji_jana,ʃ u j i + j a n a,,hindukush,,,^ ʃ u j i _ j a n a $,default,
prs_d-Kinship-wifesbrotherswife-1,,prs_d,Kinship-wifesbrotherswife,zani χəsər,zani_χəsər,z a n i + χ ə s ə r,,hindukush,,,^ z a n i _ χ ə s ə r $,default,
prs_d-Kinship-wifessistershusband-1,,prs_d,Kinship-wifessistershusband,bɑːd͡ʒa,bɑːd͡ʒa,b ɑː dʒ a,,hindukush,,,^ b ɑː d͡ʒ a $,default,
prs_d-Kinship-cowife-1,,prs_d,Kinship-cowife,bɑːχt͡ʃu,bɑːχt͡ʃu,b ɑː χ tʃ u,,hindukush,,,^ b ɑː χ t͡ʃ u $,default,
prs_d-Kinship-sonswifesfather-1,,prs_d,Kinship-sonswifesfather,qəda,qəda,q ə d a,,hindukush,,,^ q ə d a $,default,
prs_d-Kinship-sonswifesmother-1,,prs_d,Kinship-sonswifesmother,qəda,qəda,q ə d a,,hindukush,,,^ q ə d a $,default,
prs_d-Kinship-daughtershusbandsfather-1,,prs_d,Kinship-daughtershusbandsfather,qəda,qəda,q ə d a,,hindukush,,,^ q ə d a $,default,
prs_d-Kinship-daughtershusbandsmother-1,,prs_d,Kinship-daughtershusbandsmother,qəda,qəda,q ə d a,,hindukush,,,^ q ə d a $,default,
prs_d-Kinship-stepsisternosharedparent-1,,prs_d,Kinship-stepsisternosharedparent,χɑːrandar,χɑːrandar,χ ɑː r a n d a r,,hindukush,,,^ χ ɑː r a n d a r $,default,
prs_d-Kinship-stepbrothernosharedparent-1,,prs_d,Kinship-stepbrothernosharedparent,bijɑːrandar,bijɑːrandar,b i j ɑː r a n d a r,,hindukush,,,^ b i j ɑː r a n d a r $,default,
prs_d-Kinship-stepmother-1,,prs_d,Kinship-stepmother,mɑːjandar,mɑːjandar,m ɑː j a n d a r,,hindukush,,,^ m ɑː j a n d a r $,default,
prs_d-Kinship-stepfather-1,,prs_d,Kinship-stepfather,bɑːbandar,bɑːbandar,b ɑː b a n d a r,,hindukush,,,^ b ɑː b a n d a r $,default,
prs_d-Kinship-stepson-1,,prs_d,Kinship-stepson,bat͡ʃandar,bat͡ʃandar,b a tʃ a n d a r,,hindukush,,,^ b a t͡ʃ a n d a r $,default,
prs_d-Kinship-stepdaughter-1,,prs_d,Kinship-stepdaughter,daχtandar,daχtandar,d a χ t a n d a r,,hindukush,,,^ d a χ t a n d a r $,default,
prs_d-Kinship-fathersfathersfather-1,,prs_d,Kinship-fathersfathersfather,bɑːbiː,bɑːbiː,b ɑː b iː,,hindukush,,,^ b ɑː b iː $,default,
prs_d-Kinship-mothersmothersmother-1,,prs_d,Kinship-mothersmothersmother,bəbiː,bəbiː,b ə b iː,,hindukush,,,^ b ə b iː $,default,
prs_d-Kinship-forefather-1,,prs_d,Kinship-forefather,bɑːbiː kaluː,bɑːbiː_kaluː,b ɑː b iː + k a l uː,,hindukush,,,^ b ɑː b iː _ k a l uː $,default,
prs_d-Kinship-foremother-1,,prs_d,Kinship-foremother,bat͡ʃai uːma,bat͡ʃai_uːma,b a tʃ ai + uː m a,,hindukush,,,^ b a t͡ʃ ai _ uː m a $,default,
prs_d-Kinship-fathersbrothersson-1,,prs_d,Kinship-fathersbrothersson,bat͡ʃai hamak,bat͡ʃai_hamak,b a tʃ ai + h a m a k,,hindukush,,,^ b a t͡ʃ ai _ h a m a k $,default,
prs_d-Kinship-fathersbrothersdaughter-1,,prs_d,Kinship-fathersbrothersdaughter,daχtari hamak,daχtari_hamak,d a χ t a r i + h a m a k,,hindukush,,,^ d a χ t a r i _ h a m a k $,default,
prs_d-Kinship-fatherssistersson-1,,prs_d,Kinship-fatherssistersson,bat͡ʃai hama,bat͡ʃai_hama,b a tʃ ai + h a m a,,hindukush,,,^ b a t͡ʃ ai _ h a m a $,default,
prs_d-Kinship-fatherssistersdaughter-1,,prs_d,Kinship-fatherssistersdaughter,daχtari hama,daχtari_hama,d a χ t a r i + h a m a,,hindukush,,,^ d a χ t a r i _ h a m a $,default,
prs_d-Kinship-mothersbrothersson-1,,prs_d,Kinship-mothersbrothersson,bat͡ʃai taʁɑːji,bat͡ʃai_taʁɑːji,b a tʃ ai + t a ʁ ɑː j i,,hindukush,,,^ b a t͡ʃ ai _ t a ʁ ɑː j i $,default,
prs_d-Kinship-mothersbrothersdaughter-1,,prs_d,Kinship-mothersbrothersdaughter,"daχtari taʁɑːji, daχtari taʁa",daχtari_taʁɑːji,d a χ t a r i + t a ʁ ɑː j i,,hindukush,,,^ d a χ t a r i _ t a ʁ ɑː j i $,default,
prs_d-Kinship-mothersbrothersdaughter-2,,prs_d,Kinship-mothersbrothersdaughter,"daχtari taʁɑːji, daχtari taʁa",daχtari_taʁa,d a χ t a r i + t a ʁ a,,hindukush,,,^ d a χ t a r i _ t a ʁ a $,default,
prs_d-Kinship-motherssistersson-1,,prs_d,Kinship-motherssistersson,bat͡ʃai χɑːla,bat͡ʃai_χɑːla,b a tʃ ai + χ ɑː l a,,hindukush,,,^ b a t͡ʃ ai _ χ ɑː l a $,default,
prs_d-Kinship-motherssistersdaughter-1,,prs_d,Kinship-motherssistersdaughter,daχtari χɑːla,daχtari_χɑːla,d a χ t a r i + χ ɑː l a,,hindukush,,,^ d a χ t a r i _ χ ɑː l a $,default,
prs_d-Kinship-relative-1,,prs_d,Kinship-relative,χeːʃu qawm,χeːʃu_qawm,χ eː ʃ u + q a w m,,hindukush,,,^ χ eː ʃ u _ q a w m $,default,
prs_d-Kinship-affinalrelative-1,,prs_d,Kinship-affinalrelative,qədɑːmu,qədɑːmu,q ə d ɑː m u,,hindukush,,,^ q ə d ɑː m u $,default,
prs_d-Kinship-bloodrelative-1,,prs_d,Kinship-bloodrelative,hamakɑː,hamakɑː,h a m a k ɑː,,hindukush,,,^ h a m a k ɑː $,default,
prs_d-Kinship-wifesrelatives-1,,prs_d,Kinship-wifesrelatives,χəsərɑː,χəsərɑː,χ ə s ə r ɑː,,hindukush,,,^ χ ə s ə r ɑː $,default,
prs_d-Kinship-headofhousehold-1,,prs_d,Kinship-headofhousehold,katai χuːna,katai_χuːna,k a t ai + χ uː n a,,hindukush,,,^ k a t ai _ χ uː n a $,default,
prs_d-Kinship-headofclan-1,,prs_d,Kinship-headofclan,katai qawm,katai_qawm,k a t ai + q a w m,,hindukush,,,^ k a t ai _ q a w m $,default,
prs_d-Kinship-headoftribe-1,,prs_d,Kinship-headoftribe,"qarijadɑːr, rajsiqawm",qarijadɑːr,q a r i j a d ɑː r,,hindukush,,,^ q a r i j a d ɑː r $,default,
prs_d-Kinship-headoftribe-2,,prs_d,Kinship-headoftribe,"qarijadɑːr, rajsiqawm",rajsiqawm,r a j s i q a w m,,hindukush,,,^ r a js i q a w m $,default,
prs_d-Kinship-halfsistersamefatherdifferentmother-1,,prs_d,Kinship-halfsistersamefatherdifferentmother,χɑːrandar,χɑːrandar,χ ɑː r a n d a r,,hindukush,,,^ χ ɑː r a n d a r $,default,
prs_d-Kinship-halfbrothersamefatherdifferentmother-1,,prs_d,Kinship-halfbrothersamefatherdifferentmother,bijɑːrandar,bijɑːrandar,b i j ɑː r a n d a r,,hindukush,,,^ b i j ɑː r a n d a r $,default,
prs_d-Kinship-halfsistersamemotherdifferentfather-1,,prs_d,Kinship-halfsistersamemotherdifferentfather,χɑːrandar,χɑːrandar,χ ɑː r a n d a r,,hindukush,,,^ χ ɑː r a n d a r $,default,
prs_d-Kinship-halfbrothersamemotherdifferentfather-1,,prs_d,Kinship-halfbrothersamemotherdifferentfather,bijɑːrandar,bijɑːrandar,b i j ɑː r a n d a r,,hindukush,,,^ b i j ɑː r a n d a r $,default,
gwt_a-Kinship-father-1,,gwt_a,Kinship-father,baːp,baːp,b aː p,,hindukush,,,^ b aː p $,default,
gwt_a-Kinship-mother-1,,gwt_a,Kinship-mother,d͡ʒaːj,d͡ʒaːj,dʒ aː j,,hindukush,,,^ d͡ʒ aː j $,default,
gwt_a-Kinship-parent-1,,gwt_a,Kinship-parent,d͡ʒaːj aw baːp,d͡ʒaːj_aw_baːp,dʒ aː j + a w + b aː p,,hindukush,,,^ d͡ʒ aː j _ a w _ b aː p $,default,
gwt_a-Kinship-son-1,,gwt_a,Kinship-son,puʂ,puʂ,p u ʂ,,hindukush,,,^ p u ʂ $,default,
gwt_a-Kinship-daughter-1,,gwt_a,Kinship-daughter,zu,zu,z u,,hindukush,,,^ z u $,default,
gwt_a-Kinship-ownchild-1,,gwt_a,Kinship-ownchild,niːka,niːka,n iː k a,,hindukush,,,^ n iː k a $,default,
gwt_a-Kinship-brother-1,,gwt_a,Kinship-brother,blaː ja,blaː_ja,b l aː + j a,,hindukush,,,^ b l aː _ j a $,default,
gwt_a-Kinship-sister-1,,gwt_a,Kinship-sister,sasi,sasi,s a s i,,hindukush,,,^ s a s i $,default,
gwt_a-Kinship-olderbrother-1,,gwt_a,Kinship-olderbrother,ɖal blaː ja,ɖal_blaː_ja,ɖ a l + b l aː + j a,,hindukush,,,^ ɖ a l _ b l aː _ j a $,default,
gwt_a-Kinship-youngerbrother-1,,gwt_a,Kinship-youngerbrother,poːla blaː ja,poːla_blaː_ja,p oː l a + b l aː + j a,,hindukush,,,^ p oː l a _ b l aː _ j a $,default,
gwt_a-Kinship-oldersister-1,,gwt_a,Kinship-oldersister,ɖal sasi,ɖal_sasi,ɖ a l + s a s i,,hindukush,,,^ ɖ a l _ s a s i $,default,
gwt_a-Kinship-youngersister-1,,gwt_a,Kinship-youngersister,poːla sasi,poːla_sasi,p oː l a + s a s i,,hindukush,,,^ p oː l a _ s a s i $,default,
gwt_a-Kinship-fathersfather-1,,gwt_a,Kinship-fathersfather,buɖa,buɖa,b u ɖ a,,hindukush,,,^ b u ɖ a $,default,
gwt_a-Kinship-fathersmother-1,,gwt_a,Kinship-fathersmother,buɖi,buɖi,b u ɖ i,,hindukush,,,^ b u ɖ i $,default,
gwt_a-Kinship-mothersfather-1,,gwt_a,Kinship-mothersfather,baːp buɖa,baːp_buɖa,b aː p + b u ɖ a,,hindukush,,,^ b aː p _ b u ɖ a $,default,
gwt_a-Kinship-mothersmother-1,,gwt_a,Kinship-mothersmother,d͡ʒaːjani d͡ʒaːj,d͡ʒaːjani_d͡ʒaːj,dʒ aː j a n i + dʒ aː j,,hindukush,,,^ d͡ʒ aː j a n i _ d͡ʒ aː j $,default,
gwt_a-Kinship-sonsson-1,,gwt_a,Kinship-sonsson,nawaːsa,nawaːsa,n a w aː s a,,hindukush,,,^ n a w aː s a $,default,
gwt_a-Kinship-sonsdaughter-1,,gwt_a,Kinship-sonsdaughter,puʂana zu,puʂana_zu,p u ʂ a n a + z u,,hindukush,,,^ p u ʂ a n a _ z u $,default,
gwt_a-Kinship-daughtersson-1,,gwt_a,Kinship-daughtersson,zuwana puʂ,zuwana_puʂ,z u w a n a + p u ʂ,,hindukush,,,^ z u w a n a _ p u ʂ $,default,
gwt_a-Kinship-daughtersdaughter-1,,gwt_a,Kinship-daughtersdaughter,zuwani zu,zuwani_zu,z u w a n i + z u,,hindukush,,,^ z u w a n i _ z u $,default,
gwt_a-Kinship-fathersbrother-1,,gwt_a,Kinship-fathersbrother,baːbana blaː ja,baːbana_blaː_ja,b aː b a n a + b l aː + j a,,hindukush,,,^ b aː b a n a _ b l aː _ j a $,default,
gwt_a-Kinship-fathersolderbrother-1,,gwt_a,Kinship-fathersolderbrother,baːbana ɖal blaː ja,baːbana_ɖal_blaː_ja,b aː b a n a + ɖ a l + b l aː + j a,,hindukush,,,^ b aː b a n a _ ɖ a l _ b l aː _ j a $,default,
gwt_a-Kinship-fathersyoungerbrother-1,,gwt_a,Kinship-fathersyoungerbrother,baːbana poːla blaː ja,baːbana_poːla_blaː_ja,b aː b a n a + p oː l a + b l aː + j a,,hindukush,,,^ b aː b a n a _ p oː l a _ b l aː _ j a $,default,
gwt_a-Kinship-fatherssister-1,,gwt_a,Kinship-fatherssister,baːbana sasi,baːbana_sasi,b aː b a n a + s a s i,,hindukush,,,^ b aː b a n a _ s a s i $,default,
gwt_a-Kinship-fathersoldersister-1,,gwt_a,Kinship-fathersoldersister,baːbana ɖal sasi,baːbana_ɖal_sasi,b aː b a n a + ɖ a l + s a s i,,hindukush,,,^ b aː b a n a _ ɖ a l _ s a s i $,default,
gwt_a-Kinship-fathersyoungersister-1,,gwt_a,Kinship-fathersyoungersister,baːbana poːla sasi,baːbana_poːla_sasi,b aː b a n a + p oː l a + s a s i,,hindukush,,,^ b aː b a n a _ p oː l a _ s a s i $,default,
gwt_a-Kinship-mothersbrother-1,,gwt_a,Kinship-mothersbrother,moːmaː,moːmaː,m oː m aː,,hindukush,,,^ m oː m aː $,default,
gwt_a-Kinship-mothersolderbrother-1,,gwt_a,Kinship-mothersolderbrother,ɖal moːmaː,ɖal_moːmaː,ɖ a l + m oː m aː,,hindukush,,,^ ɖ a l _ m oː m aː $,default,
gwt_a-Kinship-mothersyoungerbrother-1,,gwt_a,Kinship-mothersyoungerbrother,poːla moːmaː,poːla_moːmaː,p oː l a + m oː m aː,,hindukush,,,^ p oː l a _ m oː m aː $,default,
gwt_a-Kinship-motherssister-1,,gwt_a,Kinship-motherssister,d͡ʒaːjani sasi,d͡ʒaːjani_sasi,dʒ aː j a n i + s a s i,,hindukush,,,^ d͡ʒ aː j a n i _ s a s i $,default,
gwt_a-Kinship-mothersoldersister-1,,gwt_a,Kinship-mothersoldersister,d͡ʒaːjani ɖal sasi,d͡ʒaːjani_ɖal_sasi,dʒ aː j a n i + ɖ a l + s a s i,,hindukush,,,^ d͡ʒ aː j a n i _ ɖ a l _ s a s i $,default,
gwt_a-Kinship-mothersyoungersister-1,,gwt_a,Kinship-mothersyoungersister,d͡ʒaːjani poːli sasi,d͡ʒaːjani_poːli_sasi,dʒ aː j a n i + p oː l i + s a s i,,hindukush,,,^ d͡ʒ aː j a n i _ p oː l i _ s a s i $,default,
gwt_a-Kinship-brothersson-1,,gwt_a,Kinship-brothersson,dadana puʂ,dadana_puʂ,d a d a n a + p u ʂ,,hindukush,,,^ d a d a n a _ p u ʂ $,default,
gwt_a-Kinship-brothersdaughter-1,,gwt_a,Kinship-brothersdaughter,dadana zu,dadana_zu,d a d a n a + z u,,hindukush,,,^ d a d a n a _ z u $,default,
gwt_a-Kinship-sistersson-1,,gwt_a,Kinship-sistersson,saseːna puʂ,saseːna_puʂ,s a s eː n a + p u ʂ,,hindukush,,,^ s a s eː n a _ p u ʂ $,default,
gwt_a-Kinship-sistersdaughter-1,,gwt_a,Kinship-sistersdaughter,saseːna zu,saseːna_zu,s a s eː n a + z u,,hindukush,,,^ s a s eː n a _ z u $,default,
gwt_a-Kinship-husband-1,,gwt_a,Kinship-husband,hirew,hirew,h i r e w,,hindukush,,,^ h i r e w $,default,
gwt_a-Kinship-wife-1,,gwt_a,Kinship-wife,maʃi,maʃi,m a ʃ i,,hindukush,,,^ m a ʃ i $,default,
gwt_a-Kinship-fathersolderbrotherswife-1,,gwt_a,Kinship-fathersolderbrotherswife,ɖal dadani maʃi,ɖal_dadani_maʃi,ɖ a l + d a d a n i + m a ʃ i,,hindukush,,,^ ɖ a l _ d a d a n i _ m a ʃ i $,default,
gwt_a-Kinship-fathersyoungerbrotherswife-1,,gwt_a,Kinship-fathersyoungerbrotherswife,poːli dadani maʃi,poːli_dadani_maʃi,p oː l i + d a d a n i + m a ʃ i,,hindukush,,,^ p oː l i _ d a d a n i _ m a ʃ i $,default,
gwt_a-Kinship-fatherssistershusband-1,,gwt_a,Kinship-fatherssistershusband,baːbana saseːna hirew,baːbana_saseːna_hirew,b aː b a n a + s a s eː n a + h i r e w,,hindukush,,,^ b aː b a n a _ s a s eː n a _ h i r e w $,default,
gwt_a-Kinship-mothersbrotherswife-1,,gwt_a,Kinship-mothersbrotherswife,moːmaːna maʃi,moːmaːna_maʃi,m oː m aː n a + m a ʃ i,,hindukush,,,^ m oː m aː n a _ m a ʃ i $,default,
gwt_a-Kinship-motherssistershusband-1,,gwt_a,Kinship-motherssistershusband,d͡ʒaːjana saseːna hirew,d͡ʒaːjana_saseːna_hirew,dʒ aː j a n a + s a s eː n a + h i r e w,,hindukush,,,^ d͡ʒ aː j a n a _ s a s eː n a _ h i r e w $,default,
gwt_a-Kinship-sonswife-1,,gwt_a,Kinship-sonswife,bawʈi,bawʈi,b a w ʈ i,,hindukush,,,^ b a w ʈ i $,default,
gwt_a-Kinship-daughtershusband-1,,gwt_a,Kinship-daughtershusband,saseːna hirew,saseːna_hirew,s a s eː n a + h i r e w,,hindukush,,,^ s a s eː n a _ h i r e w $,default,
gwt_a-Kinship-brotherswifemaleego-1,,gwt_a,Kinship-brotherswifemaleego,blaː jana maʃi,blaː_jana_maʃi,b l aː + j a n a + m a ʃ i,,hindukush,,,^ b l aː _ j a n a _ m a ʃ i $,default,
gwt_a-Kinship-brotherswifefemaleego-1,,gwt_a,Kinship-brotherswifefemaleego,naːni,naːni,n aː n i,,hindukush,,,^ n aː n i $,default,
gwt_a-Kinship-sistershusbandmaleego-1,,gwt_a,Kinship-sistershusbandmaleego,saseːna hirew,saseːna_hirew,s a s eː n a + h i r e w,,hindukush,,,^ s a s eː n a _ h i r e w $,default,
gwt_a-Kinship-sistershusbandfemaleego-1,,gwt_a,Kinship-sistershusbandfemaleego,saseːna hirewana maʃi,saseːna_hirewana_maʃi,s a s eː n a + h i r e w a n a + m a ʃ i,,hindukush,,,^ s a s eː n a _ h i r e w a n a _ m a ʃ i $,default,
gwt_a-Kinship-wifesfather-1,,gwt_a,Kinship-wifesfather,gaːwra,gaːwra,g aː w r a,,hindukush,,,^ g aː w r a $,default,
gwt_a-Kinship-wifesmother-1,,gwt_a,Kinship-wifesmother,gaːiri,gaːiri,g aːi r i,,hindukush,,,^ g aːi r i $,default,
gwt_a-Kinship-husbandsfather-1,,gwt_a,Kinship-husbandsfather,gaːwra,gaːwra,g aː w r a,,hindukush,,,^ g aː w r a $,default,
gwt_a-Kinship-husbandsmother-1,,gwt_a,Kinship-husbandsmother,gaːiri,gaːiri,g aːi r i,,hindukush,,,^ g aːi r i $,default,
gwt_a-Kinship-husbandsbrother-1,,gwt_a,Kinship-husbandsbrother,hirewana blaː ja,hirewana_blaː_ja,h i r e w a n a + b l aː + j a,,hindukush,,,^ h i r e w a n a _ b l aː _ j a $,default,
gwt_a-Kinship-husbandssister-1,,gwt_a,Kinship-husbandssister,hirewana sasi,hirewana_sasi,h i r e w a n a + s a s i,,hindukush,,,^ h i r e w a n a _ s a s i $,default,
gwt_a-Kinship-wifesbrother-1,,gwt_a,Kinship-wifesbrother,maʃeːna blaː ja,maʃeːna_blaː_ja,m a ʃ eː n a + b l aː + j a,,hindukush,,,^ m a ʃ eː n a _ b l aː _ j a $,default,
gwt_a-Kinship-wifessister-1,,gwt_a,Kinship-wifessister,maʃeːna sasi,maʃeːna_sasi,m a ʃ eː n a + s a s i,,hindukush,,,^ m a ʃ eː n a _ s a s i $,default,
gwt_a-Kinship-husbandsbrotherswife-1,,gwt_a,Kinship-husbandsbrotherswife,hirewana blaː jana maʃi,hirewana_blaː_jana_maʃi,h i r e w a n a + b l aː + j a n a + m a ʃ i,,hindukush,,,^ h i r e w a n a _ b l aː _ j a n a _ m a ʃ i $,default,
gwt_a-Kinship-husbandssistershusband-1,,gwt_a,Kinship-husbandssistershusband,d͡zaːmileːna hirew,d͡zaːmileːna_hirew,dz aː m i l eː n a + h i r e w,,hindukush,,,^ d͡z aː m i l eː n a _ h i r e w $,default,
gwt_a-Kinship-wifesbrotherswife-1,,gwt_a,Kinship-wifesbrotherswife,maʃeːna blaː ja,maʃeːna_blaː_ja,m a ʃ eː n a + b l aː + j a,,hindukush,,,^ m a ʃ eː n a _ b l aː _ j a $,default,
gwt_a-Kinship-wifessistershusband-1,,gwt_a,Kinship-wifessistershusband,maʃeːna saseːna hirew,maʃeːna_saseːna_hirew,m a ʃ eː n a + s a s eː n a + h i r e w,,hindukush,,,^ m a ʃ eː n a _ s a s eː n a _ h i r e w $,default,
gwt_a-Kinship-cowife-1,,gwt_a,Kinship-cowife,deːran,deːran,d eː r a n,,hindukush,,,^ d eː r a n $,default,
gwt_a-Kinship-sonswifesfather-1,,gwt_a,Kinship-sonswifesfather,puːʂana gaːwra,puːʂana_gaːwra,p uː ʂ a n a + g aː w r a,,hindukush,,,^ p uː ʂ a n a _ g aː w r a $,default,
gwt_a-Kinship-sonswifesmother-1,,gwt_a,Kinship-sonswifesmother,puːʂana gaːiri,puːʂana_gaːiri,p uː ʂ a n a + g aːi r i,,hindukush,,,^ p uː ʂ a n a _ g aːi r i $,default,
gwt_a-Kinship-daughtershusbandsfather-1,,gwt_a,Kinship-daughtershusbandsfather,zuwana gaːwra,zuwana_gaːwra,z u w a n a + g aː w r a,,hindukush,,,^ z u w a n a _ g aː w r a $,default,
gwt_a-Kinship-daughtershusbandsmother-1,,gwt_a,Kinship-daughtershusbandsmother,zuwani gaːiri,zuwani_gaːiri,z u w a n i + g aːi r i,,hindukush,,,^ z u w a n i _ g aːi r i $,default,
gwt_a-Kinship-stepsisternosharedparent-1,,gwt_a,Kinship-stepsisternosharedparent,parkaʈajani zu,parkaʈajani_zu,p a r k a ʈ a j a n i + z u,,hindukush,,,^ p a r k a ʈ a j a n i _ z u $,default,
gwt_a-Kinship-stepbrothernosharedparent-1,,gwt_a,Kinship-stepbrothernosharedparent,parkaʈajana puʂ,parkaʈajana_puʂ,p a r k a ʈ a j a n a + p u ʂ,,hindukush,,,^ p a r k a ʈ a j a n a _ p u ʂ $,default,
gwt_a-Kinship-stepmother-1,,gwt_a,Kinship-stepmother,paraki,paraki,p a r a k i,,hindukush,,,^ p a r a k i $,default,
gwt_a-Kinship-stepfather-1,,gwt_a,Kinship-stepfather,paraka baːp,paraka_baːp,p a r a k a + b aː p,,hindukush,,,^ p a r a k a _ b aː p $,default,
gwt_a-Kinship-stepson-1,,gwt_a,Kinship-stepson,paraka buɖa,paraka_buɖa,p a r a k a + b u ɖ a,,hindukush,,,^ p a r a k a _ b u ɖ a $,default,
gwt_a-Kinship-stepdaughter-1,,gwt_a,Kinship-stepdaughter,paraki buɖi,paraki_buɖi,p a r a k i + b u ɖ i,,hindukush,,,^ p a r a k i _ b u ɖ i $,default,
gwt_a-Kinship-fathersfathersfather-1,,gwt_a,Kinship-fathersfathersfather,buɖa,buɖa,b u ɖ a,,hindukush,,,^ b u ɖ a $,default,
gwt_a-Kinship-mothersmothersmother-1,,gwt_a,Kinship-mothersmothersmother,buɖi,buɖi,b u ɖ i,,hindukush,,,^ b u ɖ i $,default,
gwt_a-Kinship-forefather-1,,gwt_a,Kinship-forefather,baːbana nasap,baːbana_nasap,b aː b a n a + n a s a p,,hindukush,,,^ b aː b a n a _ n a s a p $,default,
gwt_a-Kinship-foremother-1,,gwt_a,Kinship-foremother,d͡ʒaːjana nasap,d͡ʒaːjana_nasap,dʒ aː j a n a + n a s a p,,hindukush,,,^ d͡ʒ aː j a n a _ n a s a p $,default,
gwt_a-Kinship-fathersbrothersson-1,,gwt_a,Kinship-fathersbrothersson,dadana puʂ,dadana_puʂ,d a d a n a + p u ʂ,,hindukush,,,^ d a d a n a _ p u ʂ $,default,
gwt_a-Kinship-fathersbrothersdaughter-1,,gwt_a,Kinship-fathersbrothersdaughter,dadana zu,dadana_zu,d a d a n a + z u,,hindukush,,,^ d a d a n a _ z u $,default,
gwt_a-Kinship-fatherssistersson-1,,gwt_a,Kinship-fatherssistersson,paːpeːna puʂ,paːpeːna_puʂ,p aː p eː n a + p u ʂ,,hindukush,,,^ p aː p eː n a _ p u ʂ $,default,
gwt_a-Kinship-fatherssistersdaughter-1,,gwt_a,Kinship-fatherssistersdaughter,paːpeːna zu,paːpeːna_zu,p aː p eː n a + z u,,hindukush,,,^ p aː p eː n a _ z u $,default,
gwt_a-Kinship-mothersbrothersson-1,,gwt_a,Kinship-mothersbrothersson,moːmaːna puʂ,moːmaːna_puʂ,m oː m aː n a + p u ʂ,,hindukush,,,^ m oː m aː n a _ p u ʂ $,default,
gwt_a-Kinship-mothersbrothersdaughter-1,,gwt_a,Kinship-mothersbrothersdaughter,moːmaːna zu,moːmaːna_zu,m oː m aː n a + z u,,hindukush,,,^ m oː m aː n a _ z u $,default,
gwt_a-Kinship-motherssistersson-1,,gwt_a,Kinship-motherssistersson,maʃeːna puʂ,maʃeːna_puʂ,m a ʃ eː n a + p u ʂ,,hindukush,,,^ m a ʃ eː n a _ p u ʂ $,default,
gwt_a-Kinship-motherssistersdaughter-1,,gwt_a,Kinship-motherssistersdaughter,maʃeːna saseːna zu,maʃeːna_saseːna_zu,m a ʃ eː n a + s a s eː n a + z u,,hindukush,,,^ m a ʃ eː n a _ s a s eː n a _ z u $,default,
gwt_a-Kinship-relative-1,,gwt_a,Kinship-relative,taːnuwaːr,taːnuwaːr,t aː n u w aː r,,hindukush,,,^ t aː n u w aː r $,default,
gwt_a-Kinship-affinalrelative-1,,gwt_a,Kinship-affinalrelative,gaːwra χeːl,gaːwra_χeːl,g aː w r a + χ eː l,,hindukush,,,^ g aː w r a _ χ eː l $,default,
gwt_a-Kinship-bloodrelative-1,,gwt_a,Kinship-bloodrelative,niɽaj taːnuwaːr,niɽaj_taːnuwaːr,n i ɽ a j + t aː n u w aː r,,hindukush,,,^ n i ɽ a j _ t aː n u w aː r $,default,
gwt_a-Kinship-wifesrelatives-1,,gwt_a,Kinship-wifesrelatives,gaːwra χeːl,gaːwra_χeːl,g aː w r a + χ eː l,,hindukush,,,^ g aː w r a _ χ eː l $,default,
gwt_a-Kinship-headofhousehold-1,,gwt_a,Kinship-headofhousehold,aːmaːna ɖaleːɽa,aːmaːna_ɖaleːɽa,aː m aː n a + ɖ a l eː ɽ a,,hindukush,,,^ aː m aː n a _ ɖ a l eː ɽ a $,default,
gwt_a-Kinship-headofclan-1,,gwt_a,Kinship-headofclan,qawmana ɖaleːɽa,qawmana_ɖaleːɽa,q a w m a n a + ɖ a l eː ɽ a,,hindukush,,,^ q a w m a n a _ ɖ a l eː ɽ a $,default,
gwt_a-Kinship-headoftribe-1,,gwt_a,Kinship-headoftribe,χaːnadanana ɖaleːɽa,χaːnadanana_ɖaleːɽa,χ aː n a d a n a n a + ɖ a l eː ɽ a,,hindukush,,,^ χ aː n a d a n a n a _ ɖ a l eː ɽ a $,default,
gwt_a-Kinship-halfsistersamefatherdifferentmother-1,,gwt_a,Kinship-halfsistersamefatherdifferentmother,paraki sasi,paraki_sasi,p a r a k i + s a s i,,hindukush,,,^ p a r a k i _ s a s i $,default,
gwt_a-Kinship-halfbrothersamefatherdifferentmother-1,,gwt_a,Kinship-halfbrothersamefatherdifferentmother,paraka blaː ja,paraka_blaː_ja,p a r a k a + b l aː + j a,,hindukush,,,^ p a r a k a _ b l aː _ j a $,default,
gwt_a-Kinship-halfsistersamemotherdifferentfather-1,,gwt_a,Kinship-halfsistersamemotherdifferentfather,naːsaka sasi,naːsaka_sasi,n aː s a k a + s a s i,,hindukush,,,^ n aː s a k a _ s a s i $,default,
gwt_a-Kinship-halfbrothersamemotherdifferentfather-1,,gwt_a,Kinship-halfbrothersamemotherdifferentfather,paraka blaː ja,paraka_blaː_ja,p a r a k a + b l aː + j a,,hindukush,,,^ p a r a k a _ b l aː _ j a $,default,
gwt_p-Kinship-father-1,,gwt_p,Kinship-father,baːp,baːp,b aː p,,hindukush,,,^ b aː p $,default,
gwt_p-Kinship-mother-1,,gwt_p,Kinship-mother,d͡ʒaːj,d͡ʒaːj,dʒ aː j,,hindukush,,,^ d͡ʒ aː j $,default,
gwt_p-Kinship-parent-1,,gwt_p,Kinship-parent,d͡ʒaːj baːp,d͡ʒaːj_baːp,dʒ aː j + b aː p,,hindukush,,,^ d͡ʒ aː j _ b aː p $,default,
gwt_p-Kinship-son-1,,gwt_p,Kinship-son,puɬ,puɬ,p u ɬ,,hindukush,,,^ p u ɬ $,default,
gwt_p-Kinship-daughter-1,,gwt_p,Kinship-daughter,zu,zu,z u,,hindukush,,,^ z u $,default,
gwt_p-Kinship-ownchild-1,,gwt_p,Kinship-ownchild,zaw zaːd,zaw_zaːd,z a w + z aː d,,hindukush,,,^ z a w _ z aː d $,default,
gwt_p-Kinship-brother-1,,gwt_p,Kinship-brother,baːja,baːja,b aː j a,,hindukush,,,^ b aː j a $,default,
gwt_p-Kinship-sister-1,,gwt_p,Kinship-sister,sasi,sasi,s a s i,,hindukush,,,^ s a s i $,default,
gwt_p-Kinship-olderbrother-1,,gwt_p,Kinship-olderbrother,nanaː,nanaː,n a n aː,,hindukush,,,^ n a n aː $,default,
gwt_p-Kinship-youngerbrother-1,,gwt_p,Kinship-youngerbrother,baːja,baːja,b aː j a,,hindukush,,,^ b aː j a $,default,
gwt_p-Kinship-oldersister-1,,gwt_p,Kinship-oldersister,zizi,zizi,z i z i,,hindukush,,,^ z i z i $,default,
gwt_p-Kinship-youngersister-1,,gwt_p,Kinship-youngersister,sasi,sasi,s a s i,,hindukush,,,^ s a s i $,default,
gwt_p-Kinship-fathersfather-1,,gwt_p,Kinship-fathersfather,buɖa,buɖa,b u ɖ a,,hindukush,,,^ b u ɖ a $,default,
gwt_p-Kinship-fathersmother-1,,gwt_p,Kinship-fathersmother,buɖi,buɖi,b u ɖ i,,hindukush,,,^ b u ɖ i $,default,
gwt_p-Kinship-mothersfather-1,,gwt_p,Kinship-mothersfather,buɖa,buɖa,b u ɖ a,,hindukush,,,^ b u ɖ a $,default,
gwt_p-Kinship-mothersmother-1,,gwt_p,Kinship-mothersmother,buɖi,buɖi,b u ɖ i,,hindukush,,,^ b u ɖ i $,default,
gwt_p-Kinship-sonsson-1,,gwt_p,Kinship-sonsson,"nawaːsa, namaːsa",nawaːsa,n a w aː s a,,hindukush,,,^ n a w aː s a $,default,
gwt_p-Kinship-sonsson-2,,gwt_p,Kinship-sonsson,"nawaːsa, namaːsa",namaːsa,n a m aː s a,,hindukush,,,^ n a m aː s a $,default,
gwt_p-Kinship-sonsdaughter-1,,gwt_p,Kinship-sonsdaughter,"namaːsi, nawaːsi",namaːsi,n a m aː s i,,hindukush,,,^ n a m aː s i $,default,
gwt_p-Kinship-sonsdaughter-2,,gwt_p,Kinship-sonsdaughter,"namaːsi, nawaːsi",nawaːsi,n a w aː s i,,hindukush,,,^ n a w aː s i $,default,
gwt_p-Kinship-daughtersson-1,,gwt_p,Kinship-daughtersson,"nawaːsa, namaːsa",nawaːsa,n a w aː s a,,hindukush,,,^ n a w aː s a $,default,
gwt_p-Kinship-daughtersson-2,,gwt_p,Kinship-daughtersson,"nawaːsa, namaːsa",namaːsa,n a m aː s a,,hindukush,,,^ n a m aː s a $,default,
gwt_p-Kinship-daughtersdaughter-1,,gwt_p,Kinship-daughtersdaughter,"nawaːsi, namaːsi",nawaːsi,n a w aː s i,,hindukush,,,^ n a w aː s i $,default,
gwt_p-Kinship-daughtersdaughter-2,,gwt_p,Kinship-daughtersdaughter,"nawaːsi, namaːsi",namaːsi,n a m aː s i,,hindukush,,,^ n a m aː s i $,default,
gwt_p-Kinship-fathersbrother-1,,gwt_p,Kinship-fathersbrother,"kakaː, dad",kakaː,k a k aː,,hindukush,,,^ k a k aː $,default,
gwt_p-Kinship-fathersbrother-2,,gwt_p,Kinship-fathersbrother,"kakaː, dad",dad,d a d,,hindukush,,,^ d a d $,default,
gwt_p-Kinship-fathersolderbrother-1,,gwt_p,Kinship-fathersolderbrother,ɖal baːb,ɖal_baːb,ɖ a l + b aː b,,hindukush,,,^ ɖ a l _ b aː b $,default,
gwt_p-Kinship-fathersyoungerbrother-1,,gwt_p,Kinship-fathersyoungerbrother,pola baːb,pola_baːb,p o l a + b aː b,,hindukush,,,^ p o l a _ b aː b $,default,
gwt_p-Kinship-fatherssister-1,,gwt_p,Kinship-fatherssister,pipi,pipi,p i p i,,hindukush,,,^ p i p i $,default,
gwt_p-Kinship-fathersoldersister-1,,gwt_p,Kinship-fathersoldersister,ɖal pipi,ɖal_pipi,ɖ a l + p i p i,,hindukush,,,^ ɖ a l _ p i p i $,default,
gwt_p-Kinship-fathersyoungersister-1,,gwt_p,Kinship-fathersyoungersister,poli pipi,poli_pipi,p o l i + p i p i,,hindukush,,,^ p o l i _ p i p i $,default,
gwt_p-Kinship-mothersbrother-1,,gwt_p,Kinship-mothersbrother,mumaː,mumaː,m u m aː,,hindukush,,,^ m u m aː $,default,
gwt_p-Kinship-mothersolderbrother-1,,gwt_p,Kinship-mothersolderbrother,mumaːni,mumaːni,m u m aː n i,,hindukush,,,^ m u m aː n i $,default,
gwt_p-Kinship-mothersyoungerbrother-1,,gwt_p,Kinship-mothersyoungerbrother,mumaː,mumaː,m u m aː,,hindukush,,,^ m u m aː $,default,
gwt_p-Kinship-motherssister-1,,gwt_p,Kinship-motherssister,maːʃaj,maːʃaj,m aː ʃ a j,,hindukush,,,^ m aː ʃ a j $,default,
gwt_p-Kinship-mothersoldersister-1,,gwt_p,Kinship-mothersoldersister,maːʃaj,maːʃaj,m aː ʃ a j,,hindukush,,,^ m aː ʃ a j $,default,
gwt_p-Kinship-mothersyoungersister-1,,gwt_p,Kinship-mothersyoungersister,maːʃaj,maːʃaj,m aː ʃ a j,,hindukush,,,^ m aː ʃ a j $,default,
gwt_p-Kinship-brothersson-1,,gwt_p,Kinship-brothersson,blaːuɬ,blaːuɬ,b l aːu ɬ,,hindukush,,,^ b l aːu ɬ $,default,
gwt_p-Kinship-brothersdaughter-1,,gwt_p,Kinship-brothersdaughter,zu,zu,z u,,hindukush,,,^ z u $,default,
gwt_p-Kinship-sistersson-1,,gwt_p,Kinship-sistersson,peːʃi,peːʃi,p eː ʃ i,,hindukush,,,^ p eː ʃ i $,default,
gwt_p-Kinship-sistersdaughter-1,,gwt_p,Kinship-sistersdaughter,peːʃi,peːʃi,p eː ʃ i,,hindukush,,,^ p eː ʃ i $,default,
gwt_p-Kinship-husband-1,,gwt_p,Kinship-husband,hirew,hirew,h i r e w,,hindukush,,,^ h i r e w $,default,
gwt_p-Kinship-wife-1,,gwt_p,Kinship-wife,maʃi,maʃi,m a ʃ i,,hindukush,,,^ m a ʃ i $,default,
gwt_p-Kinship-fathersolderbrotherswife-1,,gwt_p,Kinship-fathersolderbrotherswife,ɖal d͡ʒaːj,ɖal_d͡ʒaːj,ɖ a l + dʒ aː j,,hindukush,,,^ ɖ a l _ d͡ʒ aː j $,default,
gwt_p-Kinship-fathersyoungerbrotherswife-1,,gwt_p,Kinship-fathersyoungerbrotherswife,poli d͡ʒaːj,poli_d͡ʒaːj,p o l i + dʒ aː j,,hindukush,,,^ p o l i _ d͡ʒ aː j $,default,
gwt_p-Kinship-fatherssistershusband-1,,gwt_p,Kinship-fatherssistershusband,pipiana hirew,pipiana_hirew,p i p i a n a + h i r e w,,hindukush,,,^ p i p ia n a _ h i r e w $,default,
gwt_p-Kinship-mothersbrotherswife-1,,gwt_p,Kinship-mothersbrotherswife,mumaːni maʃi,mumaːni_maʃi,m u m aː n i + m a ʃ i,,hindukush,,,^ m u m aː n i _ m a ʃ i $,default,
gwt_p-Kinship-motherssistershusband-1,,gwt_p,Kinship-motherssistershusband,maːʃajana hirew,maːʃajana_hirew,m aː ʃ a j a n a + h i r e w,,hindukush,,,^ m aː ʃ a j a n a _ h i r e w $,default,
gwt_p-Kinship-sonswife-1,,gwt_p,Kinship-sonswife,bawʈi,bawʈi,b a w ʈ i,,hindukush,,,^ b a w ʈ i $,default,
gwt_p-Kinship-daughtershusband-1,,gwt_p,Kinship-daughtershusband,"ʐami, zamaːɬa",ʐami,ʐ a m i,,hindukush,,,^ ʐ a m i $,default,
gwt_p-Kinship-daughtershusband-2,,gwt_p,Kinship-daughtershusband,"ʐami, zamaːɬa",zamaːɬa,z a m aː ɬ a,,hindukush,,,^ z a m aː ɬ a $,default,
gwt_p-Kinship-brotherswifemaleego-1,,gwt_p,Kinship-brotherswifemaleego,nanaːni,nanaːni,n a n aː n i,,hindukush,,,^ n a n aː n i $,default,
gwt_p-Kinship-brotherswifefemaleego-1,,gwt_p,Kinship-brotherswifefemaleego,nanaːni,nanaːni,n a n aː n i,,hindukush,,,^ n a n aː n i $,default,
gwt_p-Kinship-sistershusbandmaleego-1,,gwt_p,Kinship-sistershusbandmaleego,ʐami,ʐami,ʐ a m i,,hindukush,,,^ ʐ a m i $,default,
gwt_p-Kinship-sistershusbandfemaleego-1,,gwt_p,Kinship-sistershusbandfemaleego,ʐami,ʐami,ʐ a m i,,hindukush,,,^ ʐ a m i $,default,
gwt_p-Kinship-wifesfather-1,,gwt_p,Kinship-wifesfather,gawra,gawra,g a w r a,,hindukush,,,^ g a w r a $,default,
gwt_p-Kinship-wifesmother-1,,gwt_p,Kinship-wifesmother,gaːiri,gaːiri,g aːi r i,,hindukush,,,^ g aːi r i $,default,
gwt_p-Kinship-husbandsfather-1,,gwt_p,Kinship-husbandsfather,gaːura,gaːura,g aːu r a,,hindukush,,,^ g aːu r a $,default,
gwt_p-Kinship-husbandsmother-1,,gwt_p,Kinship-husbandsmother,gajri,gajri,g a j r i,,hindukush,,,^ g a j r i $,default,
gwt_p-Kinship-husbandsbrother-1,,gwt_p,Kinship-husbandsbrother,deːr,deːr,d eː r,,hindukush,,,^ d eː r $,default,
gwt_p-Kinship-husbandssister-1,,gwt_p,Kinship-husbandssister,zaːmili,zaːmili,z aː m i l i,,hindukush,,,^ z aː m i l i $,default,
gwt_p-Kinship-wifesbrother-1,,gwt_p,Kinship-wifesbrother,ʐami,ʐami,ʐ a m i,,hindukush,,,^ ʐ a m i $,default,
gwt_p-Kinship-wifessister-1,,gwt_p,Kinship-wifessister,saːraːni,saːraːni,s aː r aː n i,,hindukush,,,^ s aː r aː n i $,default,
gwt_p-Kinship-husbandsbrotherswife-1,,gwt_p,Kinship-husbandsbrotherswife,nanaːni,nanaːni,n a n aː n i,,hindukush,,,^ n a n aː n i $,default,
gwt_p-Kinship-husbandssistershusband-1,,gwt_p,Kinship-husbandssistershusband,"nanaː, baːja",nanaː,n a n aː,,hindukush,,,^ n a n aː $,default,
gwt_p-Kinship-husbandssistershusband-2,,gwt_p,Kinship-husbandssistershusband,"nanaː, baːja",baːja,b aː j a,,hindukush,,,^ b aː j a $,default,
gwt_p-Kinship-wifesbrotherswife-1,,gwt_p,Kinship-wifesbrotherswife,nanaːni,nanaːni,n a n aː n i,,hindukush,,,^ n a n aː n i $,default,
gwt_p-Kinship-wifessistershusband-1,,gwt_p,Kinship-wifessistershusband,saːnɖu,saːnɖu,s aː n ɖ u,,hindukush,,,^ s aː n ɖ u $,default,
gwt_p-Kinship-cowife-1,,gwt_p,Kinship-cowife,deːran,deːran,d eː r a n,,hindukush,,,^ d eː r a n $,default,
gwt_p-Kinship-sonswifesfather-1,,gwt_p,Kinship-sonswifesfather,poːsur,poːsur,p oː s u r,,hindukush,,,^ p oː s u r $,default,
gwt_p-Kinship-sonswifesmother-1,,gwt_p,Kinship-sonswifesmother,χeːχ,χeːχ,χ eː χ,,hindukush,,,^ χ eː χ $,default,
gwt_p-Kinship-daughtershusbandsfather-1,,gwt_p,Kinship-daughtershusbandsfather,"χeːχ, poːsur",χeːχ,χ eː χ,,hindukush,,,^ χ eː χ $,default,
gwt_p-Kinship-daughtershusbandsfather-2,,gwt_p,Kinship-daughtershusbandsfather,"χeːχ, poːsur",poːsur,p oː s u r,,hindukush,,,^ p oː s u r $,default,
gwt_p-Kinship-stepsisternosharedparent-1,,gwt_p,Kinship-stepsisternosharedparent,"saːtisan, paruki sasi",saːtisan,s aː t i s a n,,hindukush,,,^ s aː t i s a n $,default,
gwt_p-Kinship-stepsisternosharedparent-2,,gwt_p,Kinship-stepsisternosharedparent,"saːtisan, paruki sasi",paruki_sasi,p a r u k i + s a s i,,hindukush,,,^ p a r u k i _ s a s i $,default,
gwt_p-Kinship-stepbrothernosharedparent-1,,gwt_p,Kinship-stepbrothernosharedparent,"saːtisan, paruki baj",saːtisan,s aː t i s a n,,hindukush,,,^ s aː t i s a n $,default,
gwt_p-Kinship-stepbrothernosharedparent-2,,gwt_p,Kinship-stepbrothernosharedparent,"saːtisan, paruki baj",paruki_baj,p a r u k i + b a j,,hindukush,,,^ p a r u k i _ b a j $,default,
gwt_p-Kinship-stepmother-1,,gwt_p,Kinship-stepmother,paruki d͡ʒaj,paruki_d͡ʒaj,p a r u k i + dʒ a j,,hindukush,,,^ p a r u k i _ d͡ʒ a j $,default,
gwt_p-Kinship-stepfather-1,,gwt_p,Kinship-stepfather,paruka baːp,paruka_baːp,p a r u k a + b aː p,,hindukush,,,^ p a r u k a _ b aː p $,default,
gwt_p-Kinship-stepson-1,,gwt_p,Kinship-stepson,paruka puɬ,paruka_puɬ,p a r u k a + p u ɬ,,hindukush,,,^ p a r u k a _ p u ɬ $,default,
gwt_p-Kinship-stepdaughter-1,,gwt_p,Kinship-stepdaughter,paruki zu,paruki_zu,p a r u k i + z u,,hindukush,,,^ p a r u k i _ z u $,default,
gwt_p-Kinship-fathersfathersfather-1,,gwt_p,Kinship-fathersfathersfather,"buɖaːna baːp, par buɖa",buɖaːna_baːp,b u ɖ aː n a + b aː p,,hindukush,,,^ b u ɖ aː n a _ b aː p $,default,
gwt_p-Kinship-fathersfathersfather-2,,gwt_p,Kinship-fathersfathersfather,"buɖaːna baːp, par buɖa",par_buɖa,p a r + b u ɖ a,,hindukush,,,^ p a r _ b u ɖ a $,default,
gwt_p-Kinship-mothersmothersmother-1,,gwt_p,Kinship-mothersmothersmother,"buɖijani d͡ʒaːj, par buɖi",buɖijani_d͡ʒaːj,b u ɖ i j a n i + dʒ aː j,,hindukush,,,^ b u ɖ i j a n i _ d͡ʒ aː j $,default,
gwt_p-Kinship-mothersmothersmother-2,,gwt_p,Kinship-mothersmothersmother,"buɖijani d͡ʒaːj, par buɖi",par_buɖi,p a r + b u ɖ i,,hindukush,,,^ p a r _ b u ɖ i $,default,
gwt_p-Kinship-forefather-1,,gwt_p,Kinship-forefather,baːp buɖa,baːp_buɖa,b aː p + b u ɖ a,,hindukush,,,^ b aː p _ b u ɖ a $,default,
gwt_p-Kinship-fathersbrothersson-1,,gwt_p,Kinship-fathersbrothersson,bleːdi,bleːdi,b l eː d i,,hindukush,,,^ b l eː d i $,default,
gwt_p-Kinship-fathersbrothersdaughter-1,,gwt_p,Kinship-fathersbrothersdaughter,"sasi, zizi",sasi,s a s i,,hindukush,,,^ s a s i $,default,
gwt_p-Kinship-fathersbrothersdaughter-2,,gwt_p,Kinship-fathersbrothersdaughter,"sasi, zizi",zizi,z i z i,,hindukush,,,^ z i z i $,default,
gwt_p-Kinship-fatherssistersson-1,,gwt_p,Kinship-fatherssistersson,"nanaː, baːja",nanaː,n a n aː,,hindukush,,,^ n a n aː $,default,
gwt_p-Kinship-fatherssistersson-2,,gwt_p,Kinship-fatherssistersson,"nanaː, baːja",baːja,b aː j a,,hindukush,,,^ b aː j a $,default,
gwt_p-Kinship-fatherssistersdaughter-1,,gwt_p,Kinship-fatherssistersdaughter,"zizi, sasi",zizi,z i z i,,hindukush,,,^ z i z i $,default,
gwt_p-Kinship-fatherssistersdaughter-2,,gwt_p,Kinship-fatherssistersdaughter,"zizi, sasi",sasi,s a s i,,hindukush,,,^ s a s i $,default,
gwt_p-Kinship-mothersbrothersson-1,,gwt_p,Kinship-mothersbrothersson,mumaːna puɬ,mumaːna_puɬ,m u m aː n a + p u ɬ,,hindukush,,,^ m u m aː n a _ p u ɬ $,default,
gwt_p-Kinship-mothersbrothersdaughter-1,,gwt_p,Kinship-mothersbrothersdaughter,mumaːna puɬ,mumaːna_puɬ,m u m aː n a + p u ɬ,,hindukush,,,^ m u m aː n a _ p u ɬ $,default,
gwt_p-Kinship-motherssistersson-1,,gwt_p,Kinship-motherssistersson,maːʃoɽ,maːʃoɽ,m aː ʃ o ɽ,,hindukush,,,^ m aː ʃ o ɽ $,default,
gwt_p-Kinship-motherssistersdaughter-1,,gwt_p,Kinship-motherssistersdaughter,maːʃoɽiaːki,maːʃoɽiaːki,m aː ʃ o ɽ i aː k i,,hindukush,,,^ m aː ʃ o ɽ iaː k i $,default,
gwt_p-Kinship-relative-1,,gwt_p,Kinship-relative,taːnu waːr,taːnu_waːr,t aː n u + w aː r,,hindukush,,,^ t aː n u _ w aː r $,default,
gwt_p-Kinship-bloodrelative-1,,gwt_p,Kinship-bloodrelative,saka,saka,s a k a,,hindukush,,,^ s a k a $,default,
gwt_p-Kinship-wifesrelatives-1,,gwt_p,Kinship-wifesrelatives,gaːura χeːl,gaːura_χeːl,g aːu r a + χ eː l,,hindukush,,,^ g aːu r a _ χ eː l $,default,
gwt_p-Kinship-headofhousehold-1,,gwt_p,Kinship-headofhousehold,dalija,dalija,d a l i j a,,hindukush,,,^ d a l i j a $,default,
gwt_p-Kinship-headofclan-1,,gwt_p,Kinship-headofclan,malak,malak,m a l a k,,hindukush,,,^ m a l a k $,default,
gwt_p-Kinship-headoftribe-1,,gwt_p,Kinship-headoftribe,malak,malak,m a l a k,,hindukush,,,^ m a l a k $,default,
gwt_p-Kinship-halfsistersamefatherdifferentmother-1,,gwt_p,Kinship-halfsistersamefatherdifferentmother,paruki sasi,paruki_sasi,p a r u k i + s a s i,,hindukush,,,^ p a r u k i _ s a s i $,default,
gwt_p-Kinship-halfbrothersamefatherdifferentmother-1,,gwt_p,Kinship-halfbrothersamefatherdifferentmother,paruka bliaːja,paruka_bliaːja,p a r u k a + b l i aː j a,,hindukush,,,^ p a r u k a _ b l iaː j a $,default,
gwt_p-Kinship-halfsistersamemotherdifferentfather-1,,gwt_p,Kinship-halfsistersamemotherdifferentfather,paruki sasi,paruki_sasi,p a r u k i + s a s i,,hindukush,,,^ p a r u k i _ s a s i $,default,
gwt_p-Kinship-halfbrothersamemotherdifferentfather-1,,gwt_p,Kinship-halfbrothersamemotherdifferentfather,paruka baːja,paruka_baːja,p a r u k a + b aː j a,,hindukush,,,^ p a r u k a _ b aː j a $,default,
gwc-Kinship-father-1,,gwc,Kinship-father,bob,bob,b o b,,hindukush,,,^ b o b $,default,
gwc-Kinship-mother-1,,gwc,Kinship-mother,jaj,jaj,j a j,,hindukush,,,^ j a j $,default,
gwc-Kinship-parent-1,,gwc,Kinship-parent,jaj teː bob,jaj_teː_bob,j a j + t eː + b o b,,hindukush,,,^ j a j _ t eː _ b o b $,default,
gwc-Kinship-son-1,,gwc,Kinship-son,puɬ,puɬ,p u ɬ,,hindukush,,,^ p u ɬ $,default,
gwc-Kinship-daughter-1,,gwc,Kinship-daughter,duːj,duːj,d uː j,,hindukush,,,^ d uː j $,default,
gwc-Kinship-ownchild-1,,gwc,Kinship-ownchild,pu,pu,p u,,hindukush,,,^ p u $,default,
gwc-Kinship-brother-1,,gwc,Kinship-brother,d͡ʒaː,d͡ʒaː,dʒ aː,,hindukush,,,^ d͡ʒ aː $,default,
gwc-Kinship-sister-1,,gwc,Kinship-sister,iʃpo,iʃpo,i ʃ p o,,hindukush,,,^ i ʃ p o $,default,
gwc-Kinship-olderbrother-1,,gwc,Kinship-olderbrother,"gʰaːn d͡ʒaː, doːr",gʰaːn_d͡ʒaː,gʰ aː n + dʒ aː,,hindukush,,,^ gʰ aː n _ d͡ʒ aː $,default,
gwc-Kinship-olderbrother-2,,gwc,Kinship-olderbrother,"gʰaːn d͡ʒaː, doːr",doːr,d oː r,,hindukush,,,^ d oː r $,default,
gwc-Kinship-youngerbrother-1,,gwc,Kinship-youngerbrother,loːk d͡ʒaː,loːk_d͡ʒaː,l oː k + dʒ aː,,hindukush,,,^ l oː k _ d͡ʒ aː $,default,
gwc-Kinship-oldersister-1,,gwc,Kinship-oldersister,"giːn iʃpo, dadaj",giːn_iʃpo,g iː n + i ʃ p o,,hindukush,,,^ g iː n _ i ʃ p o $,default,
gwc-Kinship-oldersister-2,,gwc,Kinship-oldersister,"giːn iʃpo, dadaj",dadaj,d a d a j,,hindukush,,,^ d a d a j $,default,
gwc-Kinship-youngersister-1,,gwc,Kinship-youngersister,leːk iʃpo,leːk_iʃpo,l eː k + i ʃ p o,,hindukush,,,^ l eː k _ i ʃ p o $,default,
gwc-Kinship-fathersfather-1,,gwc,Kinship-fathersfather,dɑːd,dɑːd,d ɑː d,,hindukush,,,^ d ɑː d $,default,
gwc-Kinship-fathersmother-1,,gwc,Kinship-fathersmother,deːd,deːd,d eː d,,hindukush,,,^ d eː d $,default,
gwc-Kinship-mothersfather-1,,gwc,Kinship-mothersfather,mɑːm,mɑːm,m ɑː m,,hindukush,,,^ m ɑː m $,default,
gwc-Kinship-mothersmother-1,,gwc,Kinship-mothersmother,meːm,meːm,m eː m,,hindukush,,,^ m eː m $,default,
gwc-Kinship-sonsson-1,,gwc,Kinship-sonsson,poːɬ,poːɬ,p oː ɬ,,hindukush,,,^ p oː ɬ $,default,
gwc-Kinship-sonsdaughter-1,,gwc,Kinship-sonsdaughter,peːɬ,peːɬ,p eː ɬ,,hindukush,,,^ p eː ɬ $,default,
gwc-Kinship-daughtersson-1,,gwc,Kinship-daughtersson,nosaj,nosaj,n o s a j,,hindukush,,,^ n o s a j $,default,
gwc-Kinship-daughtersdaughter-1,,gwc,Kinship-daughtersdaughter,nosaj,nosaj,n o s a j,,hindukush,,,^ n o s a j $,default,
gwc-Kinship-fathersbrother-1,,gwc,Kinship-fathersbrother,piɬi,piɬi,p i ɬ i,,hindukush,,,^ p i ɬ i $,default,
gwc-Kinship-fathersolderbrother-1,,gwc,Kinship-fathersolderbrother,gaːn bob,gaːn_bob,g aː n + b o b,,hindukush,,,^ g aː n _ b o b $,default,
gwc-Kinship-fathersyoungerbrother-1,,gwc,Kinship-fathersyoungerbrother,loːk bob,loːk_bob,l oː k + b o b,,hindukush,,,^ l oː k _ b o b $,default,
gwc-Kinship-fatherssister-1,,gwc,Kinship-fatherssister,peːp,peːp,p eː p,,hindukush,,,^ p eː p $,default,
gwc-Kinship-fathersoldersister-1,,gwc,Kinship-fathersoldersister,giːn peːp,giːn_peːp,g iː n + p eː p,,hindukush,,,^ g iː n _ p eː p $,default,
gwc-Kinship-fathersyoungersister-1,,gwc,Kinship-fathersyoungersister,leːk peːp,leːk_peːp,l eː k + p eː p,,hindukush,,,^ l eː k _ p eː p $,default,
gwc-Kinship-mothersbrother-1,,gwc,Kinship-mothersbrother,moːʈ,moːʈ,m oː ʈ,,hindukush,,,^ m oː ʈ $,default,
gwc-Kinship-mothersolderbrother-1,,gwc,Kinship-mothersolderbrother,gʰaːn moːʈ,gʰaːn_moːʈ,gʰ aː n + m oː ʈ,,hindukush,,,^ gʰ aː n _ m oː ʈ $,default,
gwc-Kinship-mothersyoungerbrother-1,,gwc,Kinship-mothersyoungerbrother,loːk moːʈ,loːk_moːʈ,l oː k + m oː ʈ,,hindukush,,,^ l oː k _ m oː ʈ $,default,
gwc-Kinship-motherssister-1,,gwc,Kinship-motherssister,meːʃ,meːʃ,m eː ʃ,,hindukush,,,^ m eː ʃ $,default,
gwc-Kinship-mothersoldersister-1,,gwc,Kinship-mothersoldersister,giːn meːʃ,giːn_meːʃ,g iː n + m eː ʃ,,hindukush,,,^ g iː n _ m eː ʃ $,default,
gwc-Kinship-mothersyoungersister-1,,gwc,Kinship-mothersyoungersister,leːk meːʃ,leːk_meːʃ,l eː k + m eː ʃ,,hindukush,,,^ l eː k _ m eː ʃ $,default,
gwc-Kinship-brothersson-1,,gwc,Kinship-brothersson,d͡ʒauːɬ,d͡ʒauːɬ,dʒ a uː ɬ,,hindukush,,,^ d͡ʒ auː ɬ $,default,
gwc-Kinship-brothersdaughter-1,,gwc,Kinship-brothersdaughter,d͡ʒɑːduːj,d͡ʒɑːduːj,dʒ ɑː d uː j,,hindukush,,,^ d͡ʒ ɑː d uː j $,default,
gwc-Kinship-sistersson-1,,gwc,Kinship-sistersson,χoːraj,χoːraj,χ oː r a j,,hindukush,,,^ χ oː r a j $,default,
gwc-Kinship-sistersdaughter-1,,gwc,Kinship-sistersdaughter,χoːrieːr,χoːrieːr,χ oː r i eː r,,hindukush,,,^ χ oː r ieː r $,default,
gwc-Kinship-husband-1,,gwc,Kinship-husband,"miːʃ, kʰamɑn",miːʃ,m iː ʃ,,hindukush,,,^ m iː ʃ $,default,
gwc-Kinship-husband-2,,gwc,Kinship-husband,"miːʃ, kʰamɑn",kʰamɑn,kʰ a m ɑ n,,hindukush,,,^ kʰ a m ɑ n $,default,
gwc-Kinship-wife-1,,gwc,Kinship-wife,"Is, kʰamɑniːn",Is,?,,hindukush,,,^ Is $,default,
gwc-Kinship-wife-2,,gwc,Kinship-wife,"Is, kʰamɑniːn",kʰamɑniːn,kʰ a m ɑ n iː n,,hindukush,,,^ kʰ a m ɑ n iː n $,default,
gwc-Kinship-fathersolderbrotherswife-1,,gwc,Kinship-fathersolderbrotherswife,"giːn jaj, piɬeːn",giːn_jaj,g iː n + j a j,,hindukush,,,^ g iː n _ j a j $,default,
gwc-Kinship-fathersolderbrotherswife-2,,gwc,Kinship-fathersolderbrotherswife,"giːn jaj, piɬeːn",piɬeːn,p i ɬ eː n,,hindukush,,,^ p i ɬ eː n $,default,
gwc-Kinship-fathersyoungerbrotherswife-1,,gwc,Kinship-fathersyoungerbrotherswife,"leːk jaj, piɬeːn",leːk_jaj,l eː k + j a j,,hindukush,,,^ l eː k _ j a j $,default,
gwc-Kinship-fathersyoungerbrotherswife-2,,gwc,Kinship-fathersyoungerbrotherswife,"leːk jaj, piɬeːn",piɬeːn,p i ɬ eː n,,hindukush,,,^ p i ɬ eː n $,default,
gwc-Kinship-fatherssistershusband-1,,gwc,Kinship-fatherssistershusband,pɑːp,pɑːp,p ɑː p,,hindukush,,,^ p ɑː p $,default,
gwc-Kinship-mothersbrotherswife-1,,gwc,Kinship-mothersbrotherswife,moːʈʰeːn,moːʈʰeːn,m oː ʈʰ eː n,,hindukush,,,^ m oː ʈʰ eː n $,default,
gwc-Kinship-motherssistershusband-1,,gwc,Kinship-motherssistershusband,mɑːʃ,mɑːʃ,m ɑː ʃ,,hindukush,,,^ m ɑː ʃ $,default,
gwc-Kinship-sonswife-1,,gwc,Kinship-sonswife,buwuj,buwuj,b u w u j,,hindukush,,,^ b u w u j $,default,
gwc-Kinship-daughtershusband-1,,gwc,Kinship-daughtershusband,d͡ʒamɑːɬ,d͡ʒamɑːɬ,dʒ a m ɑː ɬ,,hindukush,,,^ d͡ʒ a m ɑː ɬ $,default,
gwc-Kinship-brotherswifemaleego-1,,gwc,Kinship-brotherswifemaleego,d͡ʒɑːd͡ʒɑ,d͡ʒɑːd͡ʒɑ,dʒ ɑː dʒ ɑ,,hindukush,,,^ d͡ʒ ɑː d͡ʒ ɑ $,default,
gwc-Kinship-brotherswifefemaleego-1,,gwc,Kinship-brotherswifefemaleego,d͡ʒɑːd͡ʒɑ,d͡ʒɑːd͡ʒɑ,dʒ ɑː dʒ ɑ,,hindukush,,,^ d͡ʒ ɑː d͡ʒ ɑ $,default,
gwc-Kinship-sistershusbandmaleego-1,,gwc,Kinship-sistershusbandmaleego,d͡ʒamɑːɬ,d͡ʒamɑːɬ,dʒ a m ɑː ɬ,,hindukush,,,^ d͡ʒ a m ɑː ɬ $,default,
gwc-Kinship-sistershusbandfemaleego-1,,gwc,Kinship-sistershusbandfemaleego,sɑːrɑːn,sɑːrɑːn,s ɑː r ɑː n,,hindukush,,,^ s ɑː r ɑː n $,default,
gwc-Kinship-wifesfather-1,,gwc,Kinship-wifesfather,ʃuʃur,ʃuʃur,ʃ u ʃ u r,,hindukush,,,^ ʃ u ʃ u r $,default,
gwc-Kinship-wifesmother-1,,gwc,Kinship-wifesmother,t͡ʃiʃ,t͡ʃiʃ,tʃ i ʃ,,hindukush,,,^ t͡ʃ i ʃ $,default,
gwc-Kinship-husbandsfather-1,,gwc,Kinship-husbandsfather,ʃuʃur,ʃuʃur,ʃ u ʃ u r,,hindukush,,,^ ʃ u ʃ u r $,default,
gwc-Kinship-husbandsmother-1,,gwc,Kinship-husbandsmother,t͡ʃiʃ,t͡ʃiʃ,tʃ i ʃ,,hindukush,,,^ t͡ʃ i ʃ $,default,
gwc-Kinship-husbandsbrother-1,,gwc,Kinship-husbandsbrother,daːr,daːr,d aː r,,hindukush,,,^ d aː r $,default,
gwc-Kinship-husbandssister-1,,gwc,Kinship-husbandssister,d͡ʒemiɬ,d͡ʒemiɬ,dʒ e m i ɬ,,hindukush,,,^ d͡ʒ e m i ɬ $,default,
gwc-Kinship-wifesbrother-1,,gwc,Kinship-wifesbrother,ʃɑːʃur,ʃɑːʃur,ʃ ɑː ʃ u r,,hindukush,,,^ ʃ ɑː ʃ u r $,default,
gwc-Kinship-wifessister-1,,gwc,Kinship-wifessister,sɑːreːn,sɑːreːn,s ɑː r eː n,,hindukush,,,^ s ɑː r eː n $,default,
gwc-Kinship-husbandsbrotherswife-1,,gwc,Kinship-husbandsbrotherswife,jeːl,jeːl,j eː l,,hindukush,,,^ j eː l $,default,
gwc-Kinship-husbandssistershusband-1,,gwc,Kinship-husbandssistershusband,d͡ʒemiɬãː miːʃ,d͡ʒemiɬãː_miːʃ,dʒ e m i ɬ ãː + m iː ʃ,,hindukush,,,^ d͡ʒ e m i ɬ ãː _ m iː ʃ $,default,
gwc-Kinship-wifesbrotherswife-1,,gwc,Kinship-wifesbrotherswife,ʃɑːʃurẽː is,ʃɑːʃurẽː_is,ʃ ɑː ʃ u r ẽː + i s,,hindukush,,,^ ʃ ɑː ʃ u r ẽː _ i s $,default,
gwc-Kinship-wifessistershusband-1,,gwc,Kinship-wifessistershusband,sɑːrɑːn,sɑːrɑːn,s ɑː r ɑː n,,hindukush,,,^ s ɑː r ɑː n $,default,
gwc-Kinship-cowife-1,,gwc,Kinship-cowife,jeːl,jeːl,j eː l,,hindukush,,,^ j eː l $,default,
gwc-Kinship-sonswifesfather-1,,gwc,Kinship-sonswifesfather,nɑɬ,nɑɬ,n ɑ ɬ,,hindukush,,,^ n ɑ ɬ $,default,
gwc-Kinship-sonswifesmother-1,,gwc,Kinship-sonswifesmother,naɬiːn,naɬiːn,n a ɬ iː n,,hindukush,,,^ n a ɬ iː n $,default,
gwc-Kinship-daughtershusbandsfather-1,,gwc,Kinship-daughtershusbandsfather,nɑɬ,nɑɬ,n ɑ ɬ,,hindukush,,,^ n ɑ ɬ $,default,
gwc-Kinship-daughtershusbandsmother-1,,gwc,Kinship-daughtershusbandsmother,naɬiːn,naɬiːn,n a ɬ iː n,,hindukush,,,^ n a ɬ iː n $,default,
gwc-Kinship-stepsisternosharedparent-1,,gwc,Kinship-stepsisternosharedparent,dieːr iʃpo,dieːr_iʃpo,d i eː r + i ʃ p o,,hindukush,,,^ d ieː r _ i ʃ p o $,default,
gwc-Kinship-stepbrothernosharedparent-1,,gwc,Kinship-stepbrothernosharedparent,dioːr d͡ʒaː,dioːr_d͡ʒaː,d i oː r + dʒ aː,,hindukush,,,^ d ioː r _ d͡ʒ aː $,default,
gwc-Kinship-stepmother-1,,gwc,Kinship-stepmother,dieːr jaj,dieːr_jaj,d i eː r + j a j,,hindukush,,,^ d ieː r _ j a j $,default,
gwc-Kinship-stepfather-1,,gwc,Kinship-stepfather,dioːr bob,dioːr_bob,d i oː r + b o b,,hindukush,,,^ d ioː r _ b o b $,default,
gwc-Kinship-stepson-1,,gwc,Kinship-stepson,dioːr poː,dioːr_poː,d i oː r + p oː,,hindukush,,,^ d ioː r _ p oː $,default,
gwc-Kinship-stepdaughter-1,,gwc,Kinship-stepdaughter,dieːr bireː,dieːr_bireː,d i eː r + b i r eː,,hindukush,,,^ d ieː r _ b i r eː $,default,
gwc-Kinship-fathersfathersfather-1,,gwc,Kinship-fathersfathersfather,par dɑːd,par_dɑːd,p a r + d ɑː d,,hindukush,,,^ p a r _ d ɑː d $,default,
gwc-Kinship-mothersmothersmother-1,,gwc,Kinship-mothersmothersmother,par meːm,par_meːm,p a r + m eː m,,hindukush,,,^ p a r _ m eː m $,default,
gwc-Kinship-forefather-1,,gwc,Kinship-forefather,durɑːrɑ̃ː dɑːd,durɑːrɑ̃ː_dɑːd,d u r ɑː r ɑ̃ː + d ɑː d,,hindukush,,,^ d u r ɑː r ɑ̃ː _ d ɑː d $,default,
gwc-Kinship-foremother-1,,gwc,Kinship-foremother,durɑːrẽː deːd,durɑːrẽː_deːd,d u r ɑː r ẽː + d eː d,,hindukush,,,^ d u r ɑː r ẽː _ d eː d $,default,
gwc-Kinship-fathersbrothersson-1,,gwc,Kinship-fathersbrothersson,piɬiɑ̃ː poː,piɬiɑ̃ː_poː,p i ɬ i ɑ̃ː + p oː,,hindukush,,,^ p i ɬ iɑ̃ː _ p oː $,default,
gwc-Kinship-fathersbrothersdaughter-1,,gwc,Kinship-fathersbrothersdaughter,piɬiẽː bireː,piɬiẽː_bireː,p i ɬ i ẽː + b i r eː,,hindukush,,,^ p i ɬ iẽː _ b i r eː $,default,
gwc-Kinship-fatherssistersson-1,,gwc,Kinship-fatherssistersson,peːpɑ̃ː poː,peːpɑ̃ː_poː,p eː p ɑ̃ː + p oː,,hindukush,,,^ p eː p ɑ̃ː _ p oː $,default,
gwc-Kinship-fatherssistersdaughter-1,,gwc,Kinship-fatherssistersdaughter,peːpẽː bireː,peːpẽː_bireː,p eː p ẽː + b i r eː,,hindukush,,,^ p eː p ẽː _ b i r eː $,default,
gwc-Kinship-mothersbrothersson-1,,gwc,Kinship-mothersbrothersson,moːʈɑ̃ː poː,moːʈɑ̃ː_poː,m oː ʈ ɑ̃ː + p oː,,hindukush,,,^ m oː ʈ ɑ̃ː _ p oː $,default,
gwc-Kinship-mothersbrothersdaughter-1,,gwc,Kinship-mothersbrothersdaughter,moːʈẽː bireː,moːʈẽː_bireː,m oː ʈ ẽː + b i r eː,,hindukush,,,^ m oː ʈ ẽː _ b i r eː $,default,
gwc-Kinship-motherssistersson-1,,gwc,Kinship-motherssistersson,meːʃɑ̃ː poː,meːʃɑ̃ː_poː,m eː ʃ ɑ̃ː + p oː,,hindukush,,,^ m eː ʃ ɑ̃ː _ p oː $,default,
gwc-Kinship-motherssistersdaughter-1,,gwc,Kinship-motherssistersdaughter,meːʃẽː bireː,meːʃẽː_bireː,m eː ʃ ẽː + b i r eː,,hindukush,,,^ m eː ʃ ẽː _ b i r eː $,default,
gwc-Kinship-relative-1,,gwc,Kinship-relative,sakɑ,sakɑ,s a k ɑ,,hindukush,,,^ s a k ɑ $,default,
gwc-Kinship-affinalrelative-1,,gwc,Kinship-affinalrelative,duraːrãː sakaː,duraːrãː_sakaː,d u r aː r ãː + s a k aː,,hindukush,,,^ d u r aː r ãː _ s a k aː $,default,
gwc-Kinship-bloodrelative-1,,gwc,Kinship-bloodrelative,niaːr sakɑ,niaːr_sakɑ,n i aː r + s a k ɑ,,hindukush,,,^ n iaː r _ s a k ɑ $,default,
gwc-Kinship-wifesrelatives-1,,gwc,Kinship-wifesrelatives,"ʃuʃuraːl, isãː sakaː",ʃuʃuraːl,ʃ u ʃ u r aː l,,hindukush,,,^ ʃ u ʃ u r aː l $,default,
gwc-Kinship-wifesrelatives-2,,gwc,Kinship-wifesrelatives,"ʃuʃuraːl, isãː sakaː",isãː_sakaː,i s ãː + s a k aː,,hindukush,,,^ i s ãː _ s a k aː $,default,
gwc-Kinship-headofhousehold-1,,gwc,Kinship-headofhousehold,ʃiʈɑ̃ː gʰan,ʃiʈɑ̃ː_gʰan,ʃ i ʈ ɑ̃ː + gʰ a n,,hindukush,,,^ ʃ i ʈ ɑ̃ː _ gʰ a n $,default,
gwc-Kinship-headofclan-1,,gwc,Kinship-headofclan,dʰumɑ̃ː gʰan,dʰumɑ̃ː_gʰan,dʰ u m ɑ̃ː + gʰ a n,,hindukush,,,^ dʰ u m ɑ̃ː _ gʰ a n $,default,
gwc-Kinship-headoftribe-1,,gwc,Kinship-headoftribe,qoːmɑ̃ː gʰan,qoːmɑ̃ː_gʰan,q oː m ɑ̃ː + gʰ a n,,hindukush,,,^ q oː m ɑ̃ː _ gʰ a n $,default,
gwc-Kinship-halfsistersamefatherdifferentmother-1,,gwc,Kinship-halfsistersamefatherdifferentmother,dieːr iʃpo,dieːr_iʃpo,d i eː r + i ʃ p o,,hindukush,,,^ d ieː r _ i ʃ p o $,default,
gwc-Kinship-halfbrothersamefatherdifferentmother-1,,gwc,Kinship-halfbrothersamefatherdifferentmother,dioːr d͡ʒaː,dioːr_d͡ʒaː,d i oː r + dʒ aː,,hindukush,,,^ d ioː r _ d͡ʒ aː $,default,
gwc-Kinship-halfsistersamemotherdifferentfather-1,,gwc,Kinship-halfsistersamemotherdifferentfather,dieːr iʃpo,dieːr_iʃpo,d i eː r + i ʃ p o,,hindukush,,,^ d ieː r _ i ʃ p o $,default,
gwc-Kinship-halfbrothersamemotherdifferentfather-1,,gwc,Kinship-halfbrothersamemotherdifferentfather,dioːr d͡ʒaː,dioːr_d͡ʒaː,d i oː r + dʒ aː,,hindukush,,,^ d ioː r _ d͡ʒ aː $,default,
gju_a-Kinship-father-1,,gju_a,Kinship-father,baːp,baːp,b aː p,,hindukush,,,^ b aː p $,default,
gju_a-Kinship-mother-1,,gju_a,Kinship-mother,maː,maː,m aː,,hindukush,,,^ m aː $,default,
gju_a-Kinship-parent-1,,gju_a,Kinship-parent,maː baːp,maː_baːp,m aː + b aː p,,hindukush,,,^ m aː _ b aː p $,default,
gju_a-Kinship-son-1,,gju_a,Kinship-son,puːt,puːt,p uː t,,hindukush,,,^ p uː t $,default,
gju_a-Kinship-daughter-1,,gju_a,Kinship-daughter,dʰiː,dʰiː,dʰ iː,,hindukush,,,^ dʰ iː $,default,
gju_a-Kinship-ownchild-1,,gju_a,Kinship-ownchild,d͡ʒaːkət,d͡ʒaːkət,dʒ aː k ə t,,hindukush,,,^ d͡ʒ aː k ə t $,default,
gju_a-Kinship-brother-1,,gju_a,Kinship-brother,bʰaj,bʰaj,bʰ a j,,hindukush,,,^ bʰ a j $,default,
gju_a-Kinship-sister-1,,gju_a,Kinship-sister,beːɳ,beːɳ,b eː ɳ,,hindukush,,,^ b eː ɳ $,default,
gju_a-Kinship-olderbrother-1,,gju_a,Kinship-olderbrother,baɽu bʰaj,baɽu_bʰaj,b a ɽ u + bʰ a j,,hindukush,,,^ b a ɽ u _ bʰ a j $,default,
gju_a-Kinship-youngerbrother-1,,gju_a,Kinship-youngerbrother,nanɖu bʰaj,nanɖu_bʰaj,n a n ɖ u + bʰ a j,,hindukush,,,^ n a n ɖ u _ bʰ a j $,default,
gju_a-Kinship-oldersister-1,,gju_a,Kinship-oldersister,baɽi beːɳ,baɽi_beːɳ,b a ɽ i + b eː ɳ,,hindukush,,,^ b a ɽ i _ b eː ɳ $,default,
gju_a-Kinship-youngersister-1,,gju_a,Kinship-youngersister,nanɖi beːɳ,nanɖi_beːɳ,n a n ɖ i + b eː ɳ,,hindukush,,,^ n a n ɖ i _ b eː ɳ $,default,
gju_a-Kinship-fathersfather-1,,gju_a,Kinship-fathersfather,daːduː,daːduː,d aː d uː,,hindukush,,,^ d aː d uː $,default,
gju_a-Kinship-fathersmother-1,,gju_a,Kinship-fathersmother,daːdiː,daːdiː,d aː d iː,,hindukush,,,^ d aː d iː $,default,
gju_a-Kinship-mothersfather-1,,gju_a,Kinship-mothersfather,naːnuː,naːnuː,n aː n uː,,hindukush,,,^ n aː n uː $,default,
gju_a-Kinship-mothersmother-1,,gju_a,Kinship-mothersmother,naːniː,naːniː,n aː n iː,,hindukush,,,^ n aː n iː $,default,
gju_a-Kinship-sonsson-1,,gju_a,Kinship-sonsson,nasjuː,nasjuː,n a s j uː,,hindukush,,,^ n a s j uː $,default,
gju_a-Kinship-sonsdaughter-1,,gju_a,Kinship-sonsdaughter,nusai,nusai,n u s ai,,hindukush,,,^ n u s ai $,default,
gju_a-Kinship-daughtersson-1,,gju_a,Kinship-daughtersson,doːtʰoː,doːtʰoː,d oː tʰ oː,,hindukush,,,^ d oː tʰ oː $,default,
gju_a-Kinship-daughtersdaughter-1,,gju_a,Kinship-daughtersdaughter,duːtʰiː,duːtʰiː,d uː tʰ iː,,hindukush,,,^ d uː tʰ iː $,default,
gju_a-Kinship-fathersbrother-1,,gju_a,Kinship-fathersbrother,pitijuː,pitijuː,p i t i j uː,,hindukush,,,^ p i t i j uː $,default,
gju_a-Kinship-fathersolderbrother-1,,gju_a,Kinship-fathersolderbrother,baɽu pitijuː,baɽu_pitijuː,b a ɽ u + p i t i j uː,,hindukush,,,^ b a ɽ u _ p i t i j uː $,default,
gju_a-Kinship-fathersyoungerbrother-1,,gju_a,Kinship-fathersyoungerbrother,nanɖu pitijuː,nanɖu_pitijuː,n a n ɖ u + p i t i j uː,,hindukush,,,^ n a n ɖ u _ p i t i j uː $,default,
gju_a-Kinship-fatherssister-1,,gju_a,Kinship-fatherssister,pʰupiː,pʰupiː,pʰ u p iː,,hindukush,,,^ pʰ u p iː $,default,
gju_a-Kinship-fathersoldersister-1,,gju_a,Kinship-fathersoldersister,baɽi pʰupiː,baɽi_pʰupiː,b a ɽ i + pʰ u p iː,,hindukush,,,^ b a ɽ i _ pʰ u p iː $,default,
gju_a-Kinship-fathersyoungersister-1,,gju_a,Kinship-fathersyoungersister,nanɖi pʰupiː,nanɖi_pʰupiː,n a n ɖ i + pʰ u p iː,,hindukush,,,^ n a n ɖ i _ pʰ u p iː $,default,
gju_a-Kinship-mothersbrother-1,,gju_a,Kinship-mothersbrother,maːwɽoː,maːwɽoː,m aː w ɽ oː,,hindukush,,,^ m aː w ɽ oː $,default,
gju_a-Kinship-mothersolderbrother-1,,gju_a,Kinship-mothersolderbrother,baɽu maːwɽoː,baɽu_maːwɽoː,b a ɽ u + m aː w ɽ oː,,hindukush,,,^ b a ɽ u _ m aː w ɽ oː $,default,
gju_a-Kinship-mothersyoungerbrother-1,,gju_a,Kinship-mothersyoungerbrother,nanɖu maːwɽoː,nanɖu_maːwɽoː,n a n ɖ u + m aː w ɽ oː,,hindukush,,,^ n a n ɖ u _ m aː w ɽ oː $,default,
gju_a-Kinship-motherssister-1,,gju_a,Kinship-motherssister,muːsiː,muːsiː,m uː s iː,,hindukush,,,^ m uː s iː $,default,
gju_a-Kinship-mothersoldersister-1,,gju_a,Kinship-mothersoldersister,baɽi muːsiː,baɽi_muːsiː,b a ɽ i + m uː s iː,,hindukush,,,^ b a ɽ i _ m uː s iː $,default,
gju_a-Kinship-mothersyoungersister-1,,gju_a,Kinship-mothersyoungersister,nanɖi muːsiː,nanɖi_muːsiː,n a n ɖ i + m uː s iː,,hindukush,,,^ n a n ɖ i _ m uː s iː $,default,
gju_a-Kinship-brothersson-1,,gju_a,Kinship-brothersson,bitid͡ʒijuː,bitid͡ʒijuː,b i t i dʒ i j uː,,hindukush,,,^ b i t i d͡ʒ i j uː $,default,
gju_a-Kinship-brothersdaughter-1,,gju_a,Kinship-brothersdaughter,bitid͡ʒiː,bitid͡ʒiː,b i t i dʒ iː,,hindukush,,,^ b i t i d͡ʒ iː $,default,
gju_a-Kinship-sistersson-1,,gju_a,Kinship-sistersson,χurijuː,χurijuː,χ u r i j uː,,hindukush,,,^ χ u r i j uː $,default,
gju_a-Kinship-sistersdaughter-1,,gju_a,Kinship-sistersdaughter,χurajiː,χurajiː,χ u r a j iː,,hindukush,,,^ χ u r a j iː $,default,
gju_a-Kinship-husband-1,,gju_a,Kinship-husband,d͡ʒaɳuː,d͡ʒaɳuː,dʒ a ɳ uː,,hindukush,,,^ d͡ʒ a ɳ uː $,default,
gju_a-Kinship-wife-1,,gju_a,Kinship-wife,tram,tram,t r a m,,hindukush,,,^ t r a m $,default,
gju_a-Kinship-fathersolderbrotherswife-1,,gju_a,Kinship-fathersolderbrotherswife,kaːkiː,kaːkiː,k aː k iː,,hindukush,,,^ k aː k iː $,default,
gju_a-Kinship-fathersyoungerbrotherswife-1,,gju_a,Kinship-fathersyoungerbrotherswife,nanɖi kaːkiː,nanɖi_kaːkiː,n a n ɖ i + k aː k iː,,hindukush,,,^ n a n ɖ i _ k aː k iː $,default,
gju_a-Kinship-fatherssistershusband-1,,gju_a,Kinship-fatherssistershusband,pʰoːpoː,pʰoːpoː,pʰ oː p oː,,hindukush,,,^ pʰ oː p oː $,default,
gju_a-Kinship-mothersbrotherswife-1,,gju_a,Kinship-mothersbrotherswife,maːmiː,maːmiː,m aː m iː,,hindukush,,,^ m aː m iː $,default,
gju_a-Kinship-motherssistershusband-1,,gju_a,Kinship-motherssistershusband,muːsoː,muːsoː,m uː s oː,,hindukush,,,^ m uː s oː $,default,
gju_a-Kinship-sonswife-1,,gju_a,Kinship-sonswife,boːuː,boːuː,b oː uː,,hindukush,,,^ b oːuː $,default,
gju_a-Kinship-daughtershusband-1,,gju_a,Kinship-daughtershusband,d͡ʒumajiː,d͡ʒumajiː,dʒ u m a j iː,,hindukush,,,^ d͡ʒ u m a j iː $,default,
gju_a-Kinship-brotherswifemaleego-1,,gju_a,Kinship-brotherswifemaleego,bʰaːbiː,bʰaːbiː,bʰ aː b iː,,hindukush,,,^ bʰ aː b iː $,default,
gju_a-Kinship-brotherswifefemaleego-1,,gju_a,Kinship-brotherswifefemaleego,bʰaːbiː,bʰaːbiː,bʰ aː b iː,,hindukush,,,^ bʰ aː b iː $,default,
gju_a-Kinship-sistershusbandmaleego-1,,gju_a,Kinship-sistershusbandmaleego,buɳʰajiː,buɳʰajiː,b u ɳʰ a j iː,,hindukush,,,^ b u ɳʰ a j iː $,default,
gju_a-Kinship-sistershusbandfemaleego-1,,gju_a,Kinship-sistershusbandfemaleego,buɳʰajiː,buɳʰajiː,b u ɳʰ a j iː,,hindukush,,,^ b u ɳʰ a j iː $,default,
gju_a-Kinship-wifesfather-1,,gju_a,Kinship-wifesfather,suːruː,suːruː,s uː r uː,,hindukush,,,^ s uː r uː $,default,
gju_a-Kinship-wifesmother-1,,gju_a,Kinship-wifesmother,sasuː,sasuː,s a s uː,,hindukush,,,^ s a s uː $,default,
gju_a-Kinship-husbandsfather-1,,gju_a,Kinship-husbandsfather,suːruː,suːruː,s uː r uː,,hindukush,,,^ s uː r uː $,default,
gju_a-Kinship-husbandsmother-1,,gju_a,Kinship-husbandsmother,sasuː,sasuː,s a s uː,,hindukush,,,^ s a s uː $,default,
gju_a-Kinship-husbandsbrother-1,,gju_a,Kinship-husbandsbrother,deːwər,deːwər,d eː w ə r,,hindukush,,,^ d eː w ə r $,default,
gju_a-Kinship-husbandssister-1,,gju_a,Kinship-husbandssister,d͡ʒaɳaki biheɳ,d͡ʒaɳaki_biheɳ,dʒ a ɳ a k i + b i h e ɳ,,hindukush,,,^ d͡ʒ a ɳ a k i _ b i h e ɳ $,default,
gju_a-Kinship-wifesbrother-1,,gju_a,Kinship-wifesbrother,saːɽoː,saːɽoː,s aː ɽ oː,,hindukush,,,^ s aː ɽ oː $,default,
gju_a-Kinship-wifessister-1,,gju_a,Kinship-wifessister,saːɽiː,saːɽiː,s aː ɽ iː,,hindukush,,,^ s aː ɽ iː $,default,
gju_a-Kinship-husbandsbrotherswife-1,,gju_a,Kinship-husbandsbrotherswife,draːɳiː,draːɳiː,d r aː ɳ iː,,hindukush,,,^ d r aː ɳ iː $,default,
gju_a-Kinship-husbandssistershusband-1,,gju_a,Kinship-husbandssistershusband,draːɳuː,draːɳuː,d r aː ɳ uː,,hindukush,,,^ d r aː ɳ uː $,default,
gju_a-Kinship-wifesbrotherswife-1,,gju_a,Kinship-wifesbrotherswife,saːɽaki tram,saːɽaki_tram,s aː ɽ a k i + t r a m,,hindukush,,,^ s aː ɽ a k i _ t r a m $,default,
gju_a-Kinship-wifessistershusband-1,,gju_a,Kinship-wifessistershusband,baːd͡ʒa,baːd͡ʒa,b aː dʒ a,,hindukush,,,^ b aː d͡ʒ a $,default,
gju_a-Kinship-cowife-1,,gju_a,Kinship-cowife,suːkaɳ,suːkaɳ,s uː k a ɳ,,hindukush,,,^ s uː k a ɳ $,default,
gju_a-Kinship-sonswifesfather-1,,gju_a,Kinship-sonswifesfather,puːt kusoːroː,puːt_kusoːroː,p uː t + k u s oː r oː,,hindukush,,,^ p uː t _ k u s oː r oː $,default,
gju_a-Kinship-sonswifesmother-1,,gju_a,Kinship-sonswifesmother,puːt kisasuː,puːt_kisasuː,p uː t + k i s a s uː,,hindukush,,,^ p uː t _ k i s a s uː $,default,
gju_a-Kinship-daughtershusbandsfather-1,,gju_a,Kinship-daughtershusbandsfather,dʰiː kusoːroː,dʰiː_kusoːroː,dʰ iː + k u s oː r oː,,hindukush,,,^ dʰ iː _ k u s oː r oː $,default,
gju_a-Kinship-daughtershusbandsmother-1,,gju_a,Kinship-daughtershusbandsmother,dʰiː kisasuː,dʰiː_kisasuː,dʰ iː + k i s a s uː,,hindukush,,,^ dʰ iː _ k i s a s uː $,default,
gju_a-Kinship-stepsisternosharedparent-1,,gju_a,Kinship-stepsisternosharedparent,baːpki dʰiː,baːpki_dʰiː,b aː p k i + dʰ iː,,hindukush,,,^ b aː p k i _ dʰ iː $,default,
gju_a-Kinship-stepbrothernosharedparent-1,,gju_a,Kinship-stepbrothernosharedparent,maːki dʰiː,maːki_dʰiː,m aː k i + dʰ iː,,hindukush,,,^ m aː k i _ dʰ iː $,default,
gju_a-Kinship-stepmother-1,,gju_a,Kinship-stepmother,maːtri maː,maːtri_maː,m aː t r i + m aː,,hindukush,,,^ m aː t r i _ m aː $,default,
gju_a-Kinship-stepfather-1,,gju_a,Kinship-stepfather,naːsaku baːp,naːsaku_baːp,n aː s a k u + b aː p,,hindukush,,,^ n aː s a k u _ b aː p $,default,
gju_a-Kinship-stepson-1,,gju_a,Kinship-stepson,parkaʈijuː,parkaʈijuː,p a r k a ʈ i j uː,,hindukush,,,^ p a r k a ʈ i j uː $,default,
gju_a-Kinship-stepdaughter-1,,gju_a,Kinship-stepdaughter,parkaʈajiː,parkaʈajiː,p a r k a ʈ a j iː,,hindukush,,,^ p a r k a ʈ a j iː $,default,
gju_a-Kinship-fathersfathersfather-1,,gju_a,Kinship-fathersfathersfather,baɽu naːnuː,baɽu_naːnuː,b a ɽ u + n aː n uː,,hindukush,,,^ b a ɽ u _ n aː n uː $,default,
gju_a-Kinship-mothersmothersmother-1,,gju_a,Kinship-mothersmothersmother,baɽi naːniː,baɽi_naːniː,b a ɽ i + n aː n iː,,hindukush,,,^ b a ɽ i _ n aː n iː $,default,
gju_a-Kinship-forefather-1,,gju_a,Kinship-forefather,baːpku nasab,baːpku_nasab,b aː p k u + n a s a b,,hindukush,,,^ b aː p k u _ n a s a b $,default,
gju_a-Kinship-foremother-1,,gju_a,Kinship-foremother,maːku nasab,maːku_nasab,m aː k u + n a s a b,,hindukush,,,^ m aː k u _ n a s a b $,default,
gju_a-Kinship-fathersbrothersson-1,,gju_a,Kinship-fathersbrothersson,pitijaku puːt,pitijaku_puːt,p i t i j a k u + p uː t,,hindukush,,,^ p i t i j a k u _ p uː t $,default,
gju_a-Kinship-fathersbrothersdaughter-1,,gju_a,Kinship-fathersbrothersdaughter,pitijaki dʰiː,pitijaki_dʰiː,p i t i j a k i + dʰ iː,,hindukush,,,^ p i t i j a k i _ dʰ iː $,default,
gju_a-Kinship-fatherssistersson-1,,gju_a,Kinship-fatherssistersson,pʰupeːr,pʰupeːr,pʰ u p eː r,,hindukush,,,^ pʰ u p eː r $,default,
gju_a-Kinship-fatherssistersdaughter-1,,gju_a,Kinship-fatherssistersdaughter,pʰupeːraɳ,pʰupeːraɳ,pʰ u p eː r a ɳ,,hindukush,,,^ pʰ u p eː r a ɳ $,default,
gju_a-Kinship-mothersbrothersson-1,,gju_a,Kinship-mothersbrothersson,maːwɽaku puːt,maːwɽaku_puːt,m aː w ɽ a k u + p uː t,,hindukush,,,^ m aː w ɽ a k u _ p uː t $,default,
gju_a-Kinship-mothersbrothersdaughter-1,,gju_a,Kinship-mothersbrothersdaughter,maːwɽaki dʰiː,maːwɽaki_dʰiː,m aː w ɽ a k i + dʰ iː,,hindukush,,,^ m aː w ɽ a k i _ dʰ iː $,default,
gju_a-Kinship-motherssistersson-1,,gju_a,Kinship-motherssistersson,museːr,museːr,m u s eː r,,hindukush,,,^ m u s eː r $,default,
gju_a-Kinship-motherssistersdaughter-1,,gju_a,Kinship-motherssistersdaughter,museːraɳ,museːraɳ,m u s eː r a ɳ,,hindukush,,,^ m u s eː r a ɳ $,default,
gju_a-Kinship-relative-1,,gju_a,Kinship-relative,apɽa,apɽa,a p ɽ a,,hindukush,,,^ a p ɽ a $,default,
gju_a-Kinship-affinalrelative-1,,gju_a,Kinship-affinalrelative,χeːχ,χeːχ,χ eː χ,,hindukush,,,^ χ eː χ $,default,
gju_a-Kinship-bloodrelative-1,,gju_a,Kinship-bloodrelative,neːɽi doːst,neːɽi_doːst,n eː ɽ i + d oː s t,,hindukush,,,^ n eː ɽ i _ d oː s t $,default,
gju_a-Kinship-wifesrelatives-1,,gju_a,Kinship-wifesrelatives,suːra χiːli,suːra_χiːli,s uː r a + χ iː l i,,hindukush,,,^ s uː r a _ χ iː l i $,default,
gju_a-Kinship-headofhousehold-1,,gju_a,Kinship-headofhousehold,ɖeːra kubaɽoː,ɖeːra_kubaɽoː,ɖ eː r a + k u b a ɽ oː,,hindukush,,,^ ɖ eː r a _ k u b a ɽ oː $,default,
gju_a-Kinship-headofclan-1,,gju_a,Kinship-headofclan,qawm kubaɽoː,qawm_kubaɽoː,q a w m + k u b a ɽ oː,,hindukush,,,^ q a w m _ k u b a ɽ oː $,default,
gju_a-Kinship-headoftribe-1,,gju_a,Kinship-headoftribe,qabiːla kubaɽoː,qabiːla_kubaɽoː,q a b iː l a + k u b a ɽ oː,,hindukush,,,^ q a b iː l a _ k u b a ɽ oː $,default,
gju_a-Kinship-halfsistersamefatherdifferentmother-1,,gju_a,Kinship-halfsistersamefatherdifferentmother,maːtri maːki dʰiː,maːtri_maːki_dʰiː,m aː t r i + m aː k i + dʰ iː,,hindukush,,,^ m aː t r i _ m aː k i _ dʰ iː $,default,
gju_a-Kinship-halfbrothersamefatherdifferentmother-1,,gju_a,Kinship-halfbrothersamefatherdifferentmother,maːtri maːku puːt,maːtri_maːku_puːt,m aː t r i + m aː k u + p uː t,,hindukush,,,^ m aː t r i _ m aː k u _ p uː t $,default,
gju_a-Kinship-halfsistersamemotherdifferentfather-1,,gju_a,Kinship-halfsistersamemotherdifferentfather,naːsaki bʰeːɳ,naːsaki_bʰeːɳ,n aː s a k i + bʰ eː ɳ,,hindukush,,,^ n aː s a k i _ bʰ eː ɳ $,default,
gju_a-Kinship-halfbrothersamemotherdifferentfather-1,,gju_a,Kinship-halfbrothersamemotherdifferentfather,naːsaku bʰaj,naːsaku_bʰaj,n aː s a k u + bʰ a j,,hindukush,,,^ n aː s a k u _ bʰ a j $,default,
gju_p-Kinship-father-1,,gju_p,Kinship-father,baːp,baːp,b aː p,,hindukush,,,^ b aː p $,default,
gju_p-Kinship-mother-1,,gju_p,Kinship-mother,mãː,mãː,m ãː,,hindukush,,,^ m ãː $,default,
gju_p-Kinship-parent-1,,gju_p,Kinship-parent,mãː baːp,mãː_baːp,m ãː + b aː p,,hindukush,,,^ m ãː _ b aː p $,default,
gju_p-Kinship-son-1,,gju_p,Kinship-son,bat͡ɕu,bat͡ɕu,b a tɕ u,,hindukush,,,^ b a t͡ɕ u $,default,
gju_p-Kinship-daughter-1,,gju_p,Kinship-daughter,tiːi,tiːi,t iː i,,hindukush,,,^ t iːi $,default,
gju_p-Kinship-ownchild-1,,gju_p,Kinship-ownchild,apɳu bat͡ɕu,apɳu_bat͡ɕu,a p ɳ u + b a tɕ u,,hindukush,,,^ a p ɳ u _ b a t͡ɕ u $,default,
gju_p-Kinship-brother-1,,gju_p,Kinship-brother,paːiː,paːiː,p aː iː,,hindukush,,,^ p aːiː $,default,
gju_p-Kinship-sister-1,,gju_p,Kinship-sister,beːɳ,beːɳ,b eː ɳ,,hindukush,,,^ b eː ɳ $,default,
gju_p-Kinship-olderbrother-1,,gju_p,Kinship-olderbrother,baɽu paːiː,baɽu_paːiː,b a ɽ u + p aː iː,,hindukush,,,^ b a ɽ u _ p aːiː $,default,
gju_p-Kinship-youngerbrother-1,,gju_p,Kinship-youngerbrother,nikoː paːiː,nikoː_paːiː,n i k oː + p aː iː,,hindukush,,,^ n i k oː _ p aːiː $,default,
gju_p-Kinship-oldersister-1,,gju_p,Kinship-oldersister,baɽi beːɳ,baɽi_beːɳ,b a ɽ i + b eː ɳ,,hindukush,,,^ b a ɽ i _ b eː ɳ $,default,
gju_p-Kinship-youngersister-1,,gju_p,Kinship-youngersister,nikiː beːɳ,nikiː_beːɳ,n i k iː + b eː ɳ,,hindukush,,,^ n i k iː _ b eː ɳ $,default,
gju_p-Kinship-fathersfather-1,,gju_p,Kinship-fathersfather,daːdoː,daːdoː,d aː d oː,,hindukush,,,^ d aː d oː $,default,
gju_p-Kinship-fathersmother-1,,gju_p,Kinship-fathersmother,daːdiː,daːdiː,d aː d iː,,hindukush,,,^ d aː d iː $,default,
gju_p-Kinship-mothersfather-1,,gju_p,Kinship-mothersfather,naːnoː,naːnoː,n aː n oː,,hindukush,,,^ n aː n oː $,default,
gju_p-Kinship-mothersmother-1,,gju_p,Kinship-mothersmother,naːniː,naːniː,n aː n iː,,hindukush,,,^ n aː n iː $,default,
gju_p-Kinship-sonsson-1,,gju_p,Kinship-sonsson,poːtro,poːtro,p oː t r o,,hindukush,,,^ p oː t r o $,default,
gju_p-Kinship-sonsdaughter-1,,gju_p,Kinship-sonsdaughter,poːtri,poːtri,p oː t r i,,hindukush,,,^ p oː t r i $,default,
gju_p-Kinship-daughtersson-1,,gju_p,Kinship-daughtersson,poːtro,poːtro,p oː t r o,,hindukush,,,^ p oː t r o $,default,
gju_p-Kinship-daughtersdaughter-1,,gju_p,Kinship-daughtersdaughter,poːtri,poːtri,p oː t r i,,hindukush,,,^ p oː t r i $,default,
gju_p-Kinship-fathersbrother-1,,gju_p,Kinship-fathersbrother,t͡ɕaːt͡ɕu,t͡ɕaːt͡ɕu,tɕ aː tɕ u,,hindukush,,,^ t͡ɕ aː t͡ɕ u $,default,
gju_p-Kinship-fathersolderbrother-1,,gju_p,Kinship-fathersolderbrother,taːju,taːju,t aː j u,,hindukush,,,^ t aː j u $,default,
gju_p-Kinship-fathersyoungerbrother-1,,gju_p,Kinship-fathersyoungerbrother,nikoː t͡ɕaːt͡ɕu,nikoː_t͡ɕaːt͡ɕu,n i k oː + tɕ aː tɕ u,,hindukush,,,^ n i k oː _ t͡ɕ aː t͡ɕ u $,default,
gju_p-Kinship-fatherssister-1,,gju_p,Kinship-fatherssister,pʰupʰi,pʰupʰi,pʰ u pʰ i,,hindukush,,,^ pʰ u pʰ i $,default,
gju_p-Kinship-fathersoldersister-1,,gju_p,Kinship-fathersoldersister,baɽi pʰupʰi,baɽi_pʰupʰi,b a ɽ i + pʰ u pʰ i,,hindukush,,,^ b a ɽ i _ pʰ u pʰ i $,default,
gju_p-Kinship-fathersyoungersister-1,,gju_p,Kinship-fathersyoungersister,nikiː pʰupʰi,nikiː_pʰupʰi,n i k iː + pʰ u pʰ i,,hindukush,,,^ n i k iː _ pʰ u pʰ i $,default,
gju_p-Kinship-mothersbrother-1,,gju_p,Kinship-mothersbrother,maːmoː,maːmoː,m aː m oː,,hindukush,,,^ m aː m oː $,default,
gju_p-Kinship-mothersolderbrother-1,,gju_p,Kinship-mothersolderbrother,baɽu maːmoː,baɽu_maːmoː,b a ɽ u + m aː m oː,,hindukush,,,^ b a ɽ u _ m aː m oː $,default,
gju_p-Kinship-mothersyoungerbrother-1,,gju_p,Kinship-mothersyoungerbrother,nikoː maːmoː,nikoː_maːmoː,n i k oː + m aː m oː,,hindukush,,,^ n i k oː _ m aː m oː $,default,
gju_p-Kinship-motherssister-1,,gju_p,Kinship-motherssister,moːsiː,moːsiː,m oː s iː,,hindukush,,,^ m oː s iː $,default,
gju_p-Kinship-mothersoldersister-1,,gju_p,Kinship-mothersoldersister,baɽi moːsiː,baɽi_moːsiː,b a ɽ i + m oː s iː,,hindukush,,,^ b a ɽ i _ m oː s iː $,default,
gju_p-Kinship-mothersyoungersister-1,,gju_p,Kinship-mothersyoungersister,nikiː moːsiː,nikiː_moːsiː,n i k iː + m oː s iː,,hindukush,,,^ n i k iː _ m oː s iː $,default,
gju_p-Kinship-brothersson-1,,gju_p,Kinship-brothersson,paːtriːjo,paːtriːjo,p aː t r iː j o,,hindukush,,,^ p aː t r iː j o $,default,
gju_p-Kinship-brothersdaughter-1,,gju_p,Kinship-brothersdaughter,paːtriːi,paːtriːi,p aː t r iː i,,hindukush,,,^ p aː t r iːi $,default,
gju_p-Kinship-sistersson-1,,gju_p,Kinship-sistersson,paːnd͡ʑo,paːnd͡ʑo,p aː n dʑ o,,hindukush,,,^ p aː n d͡ʑ o $,default,
gju_p-Kinship-sistersdaughter-1,,gju_p,Kinship-sistersdaughter,paːnd͡ʑi,paːnd͡ʑi,p aː n dʑ i,,hindukush,,,^ p aː n d͡ʑ i $,default,
gju_p-Kinship-husband-1,,gju_p,Kinship-husband,kaːraːloː,kaːraːloː,k aː r aː l oː,,hindukush,,,^ k aː r aː l oː $,default,
gju_p-Kinship-wife-1,,gju_p,Kinship-wife,"kaːraːliː, ʈabriː",kaːraːliː,k aː r aː l iː,,hindukush,,,^ k aː r aː l iː $,default,
gju_p-Kinship-wife-2,,gju_p,Kinship-wife,"kaːraːliː, ʈabriː",ʈabriː,ʈ a b r iː,,hindukush,,,^ ʈ a b r iː $,default,
gju_p-Kinship-fathersolderbrotherswife-1,,gju_p,Kinship-fathersolderbrotherswife,taːiː,taːiː,t aː iː,,hindukush,,,^ t aːiː $,default,
gju_p-Kinship-fathersyoungerbrotherswife-1,,gju_p,Kinship-fathersyoungerbrotherswife,t͡ɕaːt͡ɕiː,t͡ɕaːt͡ɕiː,tɕ aː tɕ iː,,hindukush,,,^ t͡ɕ aː t͡ɕ iː $,default,
gju_p-Kinship-fatherssistershusband-1,,gju_p,Kinship-fatherssistershusband,pʰupʰuɽo,pʰupʰuɽo,pʰ u pʰ u ɽ o,,hindukush,,,^ pʰ u pʰ u ɽ o $,default,
gju_p-Kinship-mothersbrotherswife-1,,gju_p,Kinship-mothersbrotherswife,maːmiː,maːmiː,m aː m iː,,hindukush,,,^ m aː m iː $,default,
gju_p-Kinship-motherssistershusband-1,,gju_p,Kinship-motherssistershusband,moːsoː,moːsoː,m oː s oː,,hindukush,,,^ m oː s oː $,default,
gju_p-Kinship-sonswife-1,,gju_p,Kinship-sonswife,nũː,nũː,n ũː,,hindukush,,,^ n ũː $,default,
gju_p-Kinship-daughtershusband-1,,gju_p,Kinship-daughtershusband,d͡ʑimaːtroː,d͡ʑimaːtroː,dʑ i m aː t r oː,,hindukush,,,^ d͡ʑ i m aː t r oː $,default,
gju_p-Kinship-brotherswifemaleego-1,,gju_p,Kinship-brotherswifemaleego,paːbʰiː,paːbʰiː,p aː bʰ iː,,hindukush,,,^ p aː bʰ iː $,default,
gju_p-Kinship-brotherswifefemaleego-1,,gju_p,Kinship-brotherswifefemaleego,paːbʰiː,paːbʰiː,p aː bʰ iː,,hindukush,,,^ p aː bʰ iː $,default,
gju_p-Kinship-sistershusbandmaleego-1,,gju_p,Kinship-sistershusbandmaleego,paɳiːjo,paɳiːjo,p a ɳ iː j o,,hindukush,,,^ p a ɳ iː j o $,default,
gju_p-Kinship-sistershusbandfemaleego-1,,gju_p,Kinship-sistershusbandfemaleego,paɳiːjo,paɳiːjo,p a ɳ iː j o,,hindukush,,,^ p a ɳ iː j o $,default,
gju_p-Kinship-wifesfather-1,,gju_p,Kinship-wifesfather,soːroː,soːroː,s oː r oː,,hindukush,,,^ s oː r oː $,default,
gju_p-Kinship-wifesmother-1,,gju_p,Kinship-wifesmother,sas,sas,s a s,,hindukush,,,^ s a s $,default,
gju_p-Kinship-husbandsfather-1,,gju_p,Kinship-husbandsfather,soːroː,soːroː,s oː r oː,,hindukush,,,^ s oː r oː $,default,
gju_p-Kinship-husbandsmother-1,,gju_p,Kinship-husbandsmother,sas,sas,s a s,,hindukush,,,^ s a s $,default,
gju_p-Kinship-husbandsbrother-1,,gju_p,Kinship-husbandsbrother,deːr,deːr,d eː r,,hindukush,,,^ d eː r $,default,
gju_p-Kinship-husbandssister-1,,gju_p,Kinship-husbandssister,draːɳiː,draːɳiː,d r aː ɳ iː,,hindukush,,,^ d r aː ɳ iː $,default,
gju_p-Kinship-wifesbrother-1,,gju_p,Kinship-wifesbrother,saːloː,saːloː,s aː l oː,,hindukush,,,^ s aː l oː $,default,
gju_p-Kinship-wifessister-1,,gju_p,Kinship-wifessister,saːliː,saːliː,s aː l iː,,hindukush,,,^ s aː l iː $,default,
gju_p-Kinship-husbandsbrotherswife-1,,gju_p,Kinship-husbandsbrotherswife,paːbʰiː,paːbʰiː,p aː bʰ iː,,hindukush,,,^ p aː bʰ iː $,default,
gju_p-Kinship-husbandssistershusband-1,,gju_p,Kinship-husbandssistershusband,paːiː,paːiː,p aː iː,,hindukush,,,^ p aːiː $,default,
gju_p-Kinship-wifesbrotherswife-1,,gju_p,Kinship-wifesbrotherswife,paːbʰiː,paːbʰiː,p aː bʰ iː,,hindukush,,,^ p aː bʰ iː $,default,
gju_p-Kinship-wifessistershusband-1,,gju_p,Kinship-wifessistershusband,paːiː,paːiː,p aː iː,,hindukush,,,^ p aːiː $,default,
gju_p-Kinship-cowife-1,,gju_p,Kinship-cowife,soːkəɳ,soːkəɳ,s oː k ə ɳ,,hindukush,,,^ s oː k ə ɳ $,default,
gju_p-Kinship-stepmother-1,,gju_p,Kinship-stepmother,maːtreːriː maː,maːtreːriː_maː,m aː t r eː r iː + m aː,,hindukush,,,^ m aː t r eː r iː _ m aː $,default,
gju_p-Kinship-stepfather-1,,gju_p,Kinship-stepfather,maːtreːroː baːp,maːtreːroː_baːp,m aː t r eː r oː + b aː p,,hindukush,,,^ m aː t r eː r oː _ b aː p $,default,
gju_p-Kinship-stepson-1,,gju_p,Kinship-stepson,maːtreːroː puːt,maːtreːroː_puːt,m aː t r eː r oː + p uː t,,hindukush,,,^ m aː t r eː r oː _ p uː t $,default,
gju_p-Kinship-stepdaughter-1,,gju_p,Kinship-stepdaughter,maːtreːriː tiːi,maːtreːriː_tiːi,m aː t r eː r iː + t iː i,,hindukush,,,^ m aː t r eː r iː _ t iːi $,default,
gju_p-Kinship-fathersfathersfather-1,,gju_p,Kinship-fathersfathersfather,baɽu daːdoː,baɽu_daːdoː,b a ɽ u + d aː d oː,,hindukush,,,^ b a ɽ u _ d aː d oː $,default,
gju_p-Kinship-mothersmothersmother-1,,gju_p,Kinship-mothersmothersmother,paɽnaniː,paɽnaniː,p a ɽ n a n iː,,hindukush,,,^ p a ɽ n a n iː $,default,
gju_p-Kinship-forefather-1,,gju_p,Kinship-forefather,baʈkaː,baʈkaː,b a ʈ k aː,,hindukush,,,^ b a ʈ k aː $,default,
gju_p-Kinship-fathersbrothersson-1,,gju_p,Kinship-fathersbrothersson,t͡ɕat͡ɕeːro paːiː,t͡ɕat͡ɕeːro_paːiː,tɕ a tɕ eː r o + p aː iː,,hindukush,,,^ t͡ɕ a t͡ɕ eː r o _ p aːiː $,default,
gju_p-Kinship-fathersbrothersdaughter-1,,gju_p,Kinship-fathersbrothersdaughter,t͡ɕat͡ɕeːri beːɳ,t͡ɕat͡ɕeːri_beːɳ,tɕ a tɕ eː r i + b eː ɳ,,hindukush,,,^ t͡ɕ a t͡ɕ eː r i _ b eː ɳ $,default,
gju_p-Kinship-fatherssistersson-1,,gju_p,Kinship-fatherssistersson,pʰupʰeːro paːiː,pʰupʰeːro_paːiː,pʰ u pʰ eː r o + p aː iː,,hindukush,,,^ pʰ u pʰ eː r o _ p aːiː $,default,
gju_p-Kinship-fatherssistersdaughter-1,,gju_p,Kinship-fatherssistersdaughter,pʰupʰeːri beːɳ,pʰupʰeːri_beːɳ,pʰ u pʰ eː r i + b eː ɳ,,hindukush,,,^ pʰ u pʰ eː r i _ b eː ɳ $,default,
gju_p-Kinship-mothersbrothersson-1,,gju_p,Kinship-mothersbrothersson,mawleːro paːiː,mawleːro_paːiː,m a w l eː r o + p aː iː,,hindukush,,,^ m a w l eː r o _ p aːiː $,default,
gju_p-Kinship-mothersbrothersdaughter-1,,gju_p,Kinship-mothersbrothersdaughter,mawleːri beːɳ,mawleːri_beːɳ,m a w l eː r i + b eː ɳ,,hindukush,,,^ m a w l eː r i _ b eː ɳ $,default,
gju_p-Kinship-motherssistersson-1,,gju_p,Kinship-motherssistersson,maːseːro paːiː,maːseːro_paːiː,m aː s eː r o + p aː iː,,hindukush,,,^ m aː s eː r o _ p aːiː $,default,
gju_p-Kinship-motherssistersdaughter-1,,gju_p,Kinship-motherssistersdaughter,maːseːri beːɳ,maːseːri_beːɳ,m aː s eː r i + b eː ɳ,,hindukush,,,^ m aː s eː r i _ b eː ɳ $,default,
gju_p-Kinship-bloodrelative-1,,gju_p,Kinship-bloodrelative,saka,saka,s a k a,,hindukush,,,^ s a k a $,default,
gju_p-Kinship-headofhousehold-1,,gju_p,Kinship-headofhousehold,maːlek,maːlek,m aː l e k,,hindukush,,,^ m aː l e k $,default,
gju_p-Kinship-headofclan-1,,gju_p,Kinship-headofclan,nambar daːr,nambar_daːr,n a m b a r + d aː r,,hindukush,,,^ n a m b a r _ d aː r $,default,
gju_p-Kinship-headoftribe-1,,gju_p,Kinship-headoftribe,nambar daːr,nambar_daːr,n a m b a r + d aː r,,hindukush,,,^ n a m b a r _ d aː r $,default,
gju_p-Kinship-halfsistersamefatherdifferentmother-1,,gju_p,Kinship-halfsistersamefatherdifferentmother,maːtreːri beːɳ,maːtreːri_beːɳ,m aː t r eː r i + b eː ɳ,,hindukush,,,^ m aː t r eː r i _ b eː ɳ $,default,
gju_p-Kinship-halfbrothersamefatherdifferentmother-1,,gju_p,Kinship-halfbrothersamefatherdifferentmother,maːtreːro paːiː,maːtreːro_paːiː,m aː t r eː r o + p aː iː,,hindukush,,,^ m aː t r eː r o _ p aːiː $,default,
gju_p-Kinship-halfsistersamemotherdifferentfather-1,,gju_p,Kinship-halfsistersamemotherdifferentfather,maːtreːri beːɳ,maːtreːri_beːɳ,m aː t r eː r i + b eː ɳ,,hindukush,,,^ m aː t r eː r i _ b eː ɳ $,default,
gju_p-Kinship-halfbrothersamemotherdifferentfather-1,,gju_p,Kinship-halfbrothersamemotherdifferentfather,maːtreːro paːiː,maːtreːro_paːiː,m aː t r eː r o + p aː iː,,hindukush,,,^ m aː t r eː r o _ p aːiː $,default,
hno-Kinship-father-1,,hno,Kinship-father,peː,peː,p eː,,hindukush,,,^ p eː $,default,
hno-Kinship-mother-1,,hno,Kinship-mother,maː,maː,m aː,,hindukush,,,^ m aː $,default,
hno-Kinship-parent-1,,hno,Kinship-parent,maː peː,maː_peː,m aː + p eː,,hindukush,,,^ m aː _ p eː $,default,
hno-Kinship-son-1,,hno,Kinship-son,potar,potar,p o t a r,,hindukush,,,^ p o t a r $,default,
hno-Kinship-daughter-1,,hno,Kinship-daughter,tihiː,tihiː,t i h iː,,hindukush,,,^ t i h iː $,default,
hno-Kinship-ownchild-1,,hno,Kinship-ownchild,aːpɽãː d͡ʒandaq,aːpɽãː_d͡ʒandaq,aː p ɽ ãː + dʒ a n d a q,,hindukush,,,^ aː p ɽ ãː _ d͡ʒ a n d a q $,default,
hno-Kinship-brother-1,,hno,Kinship-brother,praː,praː,p r aː,,hindukush,,,^ p r aː $,default,
hno-Kinship-sister-1,,hno,Kinship-sister,pẽːɽ,pẽːɽ,p ẽː ɽ,,hindukush,,,^ p ẽː ɽ $,default,
hno-Kinship-olderbrother-1,,hno,Kinship-olderbrother,baɖaː praː,baɖaː_praː,b a ɖ aː + p r aː,,hindukush,,,^ b a ɖ aː _ p r aː $,default,
hno-Kinship-youngerbrother-1,,hno,Kinship-youngerbrother,nikaː praː,nikaː_praː,n i k aː + p r aː,,hindukush,,,^ n i k aː _ p r aː $,default,
hno-Kinship-oldersister-1,,hno,Kinship-oldersister,baɖiː pẽːɽ,baɖiː_pẽːɽ,b a ɖ iː + p ẽː ɽ,,hindukush,,,^ b a ɖ iː _ p ẽː ɽ $,default,
hno-Kinship-youngersister-1,,hno,Kinship-youngersister,nikiː pẽːɽ,nikiː_pẽːɽ,n i k iː + p ẽː ɽ,,hindukush,,,^ n i k iː _ p ẽː ɽ $,default,
hno-Kinship-fathersfather-1,,hno,Kinship-fathersfather,daːdaː,daːdaː,d aː d aː,,hindukush,,,^ d aː d aː $,default,
hno-Kinship-fathersmother-1,,hno,Kinship-fathersmother,daːdiː,daːdiː,d aː d iː,,hindukush,,,^ d aː d iː $,default,
hno-Kinship-mothersfather-1,,hno,Kinship-mothersfather,nãːɽãː,nãːɽãː,n ãː ɽ ãː,,hindukush,,,^ n ãː ɽ ãː $,default,
hno-Kinship-mothersmother-1,,hno,Kinship-mothersmother,nãːɽĩː,nãːɽĩː,n ãː ɽ ĩː,,hindukush,,,^ n ãː ɽ ĩː $,default,
hno-Kinship-sonsson-1,,hno,Kinship-sonsson,poːtraː,poːtraː,p oː t r aː,,hindukush,,,^ p oː t r aː $,default,
hno-Kinship-sonsdaughter-1,,hno,Kinship-sonsdaughter,poːtriː,poːtriː,p oː t r iː,,hindukush,,,^ p oː t r iː $,default,
hno-Kinship-daughtersson-1,,hno,Kinship-daughtersson,dʰeːtraː,dʰeːtraː,dʰ eː t r aː,,hindukush,,,^ dʰ eː t r aː $,default,
hno-Kinship-daughtersdaughter-1,,hno,Kinship-daughtersdaughter,dʰeːtriː,dʰeːtriː,dʰ eː t r iː,,hindukush,,,^ dʰ eː t r iː $,default,
hno-Kinship-fathersbrother-1,,hno,Kinship-fathersbrother,t͡ʃaːt͡ʃaː,t͡ʃaːt͡ʃaː,tʃ aː tʃ aː,,hindukush,,,^ t͡ʃ aː t͡ʃ aː $,default,
hno-Kinship-fathersolderbrother-1,,hno,Kinship-fathersolderbrother,taːjaː,taːjaː,t aː j aː,,hindukush,,,^ t aː j aː $,default,
hno-Kinship-fathersyoungerbrother-1,,hno,Kinship-fathersyoungerbrother,t͡ʃaːt͡ʃaː,t͡ʃaːt͡ʃaː,tʃ aː tʃ aː,,hindukush,,,^ t͡ʃ aː t͡ʃ aː $,default,
hno-Kinship-fatherssister-1,,hno,Kinship-fatherssister,pʰupiː,pʰupiː,pʰ u p iː,,hindukush,,,^ pʰ u p iː $,default,
hno-Kinship-fathersoldersister-1,,hno,Kinship-fathersoldersister,boboː,boboː,b o b oː,,hindukush,,,^ b o b oː $,default,
hno-Kinship-fathersyoungersister-1,,hno,Kinship-fathersyoungersister,nikiː pʰupiː,nikiː_pʰupiː,n i k iː + pʰ u p iː,,hindukush,,,^ n i k iː _ pʰ u p iː $,default,
hno-Kinship-mothersbrother-1,,hno,Kinship-mothersbrother,maːmaː,maːmaː,m aː m aː,,hindukush,,,^ m aː m aː $,default,
hno-Kinship-mothersolderbrother-1,,hno,Kinship-mothersolderbrother,baɖaː maːmaː,baɖaː_maːmaː,b a ɖ aː + m aː m aː,,hindukush,,,^ b a ɖ aː _ m aː m aː $,default,
hno-Kinship-mothersyoungerbrother-1,,hno,Kinship-mothersyoungerbrother,nikaː maːmaː,nikaː_maːmaː,n i k aː + m aː m aː,,hindukush,,,^ n i k aː _ m aː m aː $,default,
hno-Kinship-motherssister-1,,hno,Kinship-motherssister,maːsiː,maːsiː,m aː s iː,,hindukush,,,^ m aː s iː $,default,
hno-Kinship-mothersoldersister-1,,hno,Kinship-mothersoldersister,baɖiː maːsiː,baɖiː_maːsiː,b a ɖ iː + m aː s iː,,hindukush,,,^ b a ɖ iː _ m aː s iː $,default,
hno-Kinship-mothersyoungersister-1,,hno,Kinship-mothersyoungersister,nikiː maːsiː,nikiː_maːsiː,n i k iː + m aː s iː,,hindukush,,,^ n i k iː _ m aː s iː $,default,
hno-Kinship-brothersson-1,,hno,Kinship-brothersson,patrijaː,patrijaː,p a t r i j aː,,hindukush,,,^ p a t r i j aː $,default,
hno-Kinship-brothersdaughter-1,,hno,Kinship-brothersdaughter,patrijiː,patrijiː,p a t r i j iː,,hindukush,,,^ p a t r i j iː $,default,
hno-Kinship-sistersson-1,,hno,Kinship-sistersson,paːnd͡ʒaː,paːnd͡ʒaː,p aː n dʒ aː,,hindukush,,,^ p aː n d͡ʒ aː $,default,
hno-Kinship-sistersdaughter-1,,hno,Kinship-sistersdaughter,paːnd͡ʒiː,paːnd͡ʒiː,p aː n dʒ iː,,hindukush,,,^ p aː n d͡ʒ iː $,default,
hno-Kinship-husband-1,,hno,Kinship-husband,d͡ʒãɽãː,d͡ʒãɽãː,dʒ ã ɽ ãː,,hindukush,,,^ d͡ʒ ã ɽ ãː $,default,
hno-Kinship-wife-1,,hno,Kinship-wife,triːmat,triːmat,t r iː m a t,,hindukush,,,^ t r iː m a t $,default,
hno-Kinship-fathersolderbrotherswife-1,,hno,Kinship-fathersolderbrotherswife,taːhiː,taːhiː,t aː h iː,,hindukush,,,^ t aː h iː $,default,
hno-Kinship-fathersyoungerbrotherswife-1,,hno,Kinship-fathersyoungerbrotherswife,t͡ʃaːt͡ʃiː,t͡ʃaːt͡ʃiː,tʃ aː tʃ iː,,hindukush,,,^ t͡ʃ aː t͡ʃ iː $,default,
hno-Kinship-fatherssistershusband-1,,hno,Kinship-fatherssistershusband,pʰupɽaː,pʰupɽaː,pʰ u p ɽ aː,,hindukush,,,^ pʰ u p ɽ aː $,default,
hno-Kinship-mothersbrotherswife-1,,hno,Kinship-mothersbrotherswife,maːmiː,maːmiː,m aː m iː,,hindukush,,,^ m aː m iː $,default,
hno-Kinship-motherssistershusband-1,,hno,Kinship-motherssistershusband,maːsɽaː,maːsɽaː,m aː s ɽ aː,,hindukush,,,^ m aː s ɽ aː $,default,
hno-Kinship-sonswife-1,,hno,Kinship-sonswife,nuː,nuː,n uː,,hindukush,,,^ n uː $,default,
hno-Kinship-daughtershusband-1,,hno,Kinship-daughtershusband,d͡ʒimaːtraː,d͡ʒimaːtraː,dʒ i m aː t r aː,,hindukush,,,^ d͡ʒ i m aː t r aː $,default,
hno-Kinship-brotherswifemaleego-1,,hno,Kinship-brotherswifemaleego,baːbiː,baːbiː,b aː b iː,,hindukush,,,^ b aː b iː $,default,
hno-Kinship-brotherswifefemaleego-1,,hno,Kinship-brotherswifefemaleego,baːbiː,baːbiː,b aː b iː,,hindukush,,,^ b aː b iː $,default,
hno-Kinship-sistershusbandmaleego-1,,hno,Kinship-sistershusbandmaleego,pɽijaː,pɽijaː,p ɽ i j aː,,hindukush,,,^ p ɽ i j aː $,default,
hno-Kinship-sistershusbandfemaleego-1,,hno,Kinship-sistershusbandfemaleego,pɽijaː,pɽijaː,p ɽ i j aː,,hindukush,,,^ p ɽ i j aː $,default,
hno-Kinship-wifesfather-1,,hno,Kinship-wifesfather,soːraː,soːraː,s oː r aː,,hindukush,,,^ s oː r aː $,default,
hno-Kinship-wifesmother-1,,hno,Kinship-wifesmother,sas,sas,s a s,,hindukush,,,^ s a s $,default,
hno-Kinship-husbandsfather-1,,hno,Kinship-husbandsfather,soːraː,soːraː,s oː r aː,,hindukush,,,^ s oː r aː $,default,
hno-Kinship-husbandsmother-1,,hno,Kinship-husbandsmother,sas,sas,s a s,,hindukush,,,^ s a s $,default,
hno-Kinship-husbandsbrother-1,,hno,Kinship-husbandsbrother,deːr,deːr,d eː r,,hindukush,,,^ d eː r $,default,
hno-Kinship-husbandssister-1,,hno,Kinship-husbandssister,drãːɽĩː,drãːɽĩː,d r ãː ɽ ĩː,,hindukush,,,^ d r ãː ɽ ĩː $,default,
hno-Kinship-wifesbrother-1,,hno,Kinship-wifesbrother,saːlaː,saːlaː,s aː l aː,,hindukush,,,^ s aː l aː $,default,
hno-Kinship-wifessister-1,,hno,Kinship-wifessister,saːliː,saːliː,s aː l iː,,hindukush,,,^ s aː l iː $,default,
hno-Kinship-husbandsbrotherswife-1,,hno,Kinship-husbandsbrotherswife,baːbiː,baːbiː,b aː b iː,,hindukush,,,^ b aː b iː $,default,
hno-Kinship-husbandssistershusband-1,,hno,Kinship-husbandssistershusband,d͡ʒeːʈʰ,d͡ʒeːʈʰ,dʒ eː ʈʰ,,hindukush,,,^ d͡ʒ eː ʈʰ $,default,
hno-Kinship-wifesbrotherswife-1,,hno,Kinship-wifesbrotherswife,baːbiː,baːbiː,b aː b iː,,hindukush,,,^ b aː b iː $,default,
hno-Kinship-wifessistershusband-1,,hno,Kinship-wifessistershusband,saːɳɖuː,saːɳɖuː,s aː ɳ ɖ uː,,hindukush,,,^ s aː ɳ ɖ uː $,default,
hno-Kinship-cowife-1,,hno,Kinship-cowife,soŋkãɽ,soŋkãɽ,s o ŋ k ã ɽ,,hindukush,,,^ s o ŋ k ã ɽ $,default,
hno-Kinship-stepsisternosharedparent-1,,hno,Kinship-stepsisternosharedparent,pit͡ʃ ʰlag pẽːɽ,pit͡ʃ_ʰlag_pẽːɽ,p i tʃ + ʰl a g + p ẽː ɽ,,hindukush,,,^ p i t͡ʃ _ ʰl a g _ p ẽː ɽ $,default,
hno-Kinship-stepbrothernosharedparent-1,,hno,Kinship-stepbrothernosharedparent,pit͡ʃ ʰlag praː,pit͡ʃ_ʰlag_praː,p i tʃ + ʰl a g + p r aː,,hindukush,,,^ p i t͡ʃ _ ʰl a g _ p r aː $,default,
hno-Kinship-stepmother-1,,hno,Kinship-stepmother,matreːriː maː,matreːriː_maː,m a t r eː r iː + m aː,,hindukush,,,^ m a t r eː r iː _ m aː $,default,
hno-Kinship-stepfather-1,,hno,Kinship-stepfather,matreːraː peː,matreːraː_peː,m a t r eː r aː + p eː,,hindukush,,,^ m a t r eː r aː _ p eː $,default,
hno-Kinship-stepson-1,,hno,Kinship-stepson,matreːraː praː,matreːraː_praː,m a t r eː r aː + p r aː,,hindukush,,,^ m a t r eː r aː _ p r aː $,default,
hno-Kinship-stepdaughter-1,,hno,Kinship-stepdaughter,matreːriː pẽːɽ,matreːriː_pẽːɽ,m a t r eː r iː + p ẽː ɽ,,hindukush,,,^ m a t r eː r iː _ p ẽː ɽ $,default,
hno-Kinship-fathersfathersfather-1,,hno,Kinship-fathersfathersfather,paɽdaːdaː,paɽdaːdaː,p a ɽ d aː d aː,,hindukush,,,^ p a ɽ d aː d aː $,default,
hno-Kinship-mothersmothersmother-1,,hno,Kinship-mothersmothersmother,paɽnaːniː,paɽnaːniː,p a ɽ n aː n iː,,hindukush,,,^ p a ɽ n aː n iː $,default,
hno-Kinship-forefather-1,,hno,Kinship-forefather,paɽdeːreː,paɽdeːreː,p a ɽ d eː r eː,,hindukush,,,^ p a ɽ d eː r eː $,default,
hno-Kinship-foremother-1,,hno,Kinship-foremother,paɽdeːriː,paɽdeːriː,p a ɽ d eː r iː,,hindukush,,,^ p a ɽ d eː r iː $,default,
hno-Kinship-fathersbrothersson-1,,hno,Kinship-fathersbrothersson,t͡ʃaːt͡ʃeː da potar,t͡ʃaːt͡ʃeː_da_potar,tʃ aː tʃ eː + d a + p o t a r,,hindukush,,,^ t͡ʃ aː t͡ʃ eː _ d a _ p o t a r $,default,
hno-Kinship-fathersbrothersdaughter-1,,hno,Kinship-fathersbrothersdaughter,t͡ʃaːt͡ʃeː diː tihiː,t͡ʃaːt͡ʃeː_diː_tihiː,tʃ aː tʃ eː + d iː + t i h iː,,hindukush,,,^ t͡ʃ aː t͡ʃ eː _ d iː _ t i h iː $,default,
hno-Kinship-fatherssistersson-1,,hno,Kinship-fatherssistersson,pʰupʰeːraː,pʰupʰeːraː,pʰ u pʰ eː r aː,,hindukush,,,^ pʰ u pʰ eː r aː $,default,
hno-Kinship-fatherssistersdaughter-1,,hno,Kinship-fatherssistersdaughter,pʰupʰiː diː tihiː,pʰupʰiː_diː_tihiː,pʰ u pʰ iː + d iː + t i h iː,,hindukush,,,^ pʰ u pʰ iː _ d iː _ t i h iː $,default,
hno-Kinship-mothersbrothersson-1,,hno,Kinship-mothersbrothersson,maːmeː da potar,maːmeː_da_potar,m aː m eː + d a + p o t a r,,hindukush,,,^ m aː m eː _ d a _ p o t a r $,default,
hno-Kinship-mothersbrothersdaughter-1,,hno,Kinship-mothersbrothersdaughter,maːmeː diː tihiː,maːmeː_diː_tihiː,m aː m eː + d iː + t i h iː,,hindukush,,,^ m aː m eː _ d iː _ t i h iː $,default,
hno-Kinship-motherssistersson-1,,hno,Kinship-motherssistersson,maseːraː,maseːraː,m a s eː r aː,,hindukush,,,^ m a s eː r aː $,default,
hno-Kinship-motherssistersdaughter-1,,hno,Kinship-motherssistersdaughter,maseːriː,maseːriː,m a s eː r iː,,hindukush,,,^ m a s eː r iː $,default,
hno-Kinship-relative-1,,hno,Kinship-relative,naːteː daːr,naːteː_daːr,n aː t eː + d aː r,,hindukush,,,^ n aː t eː _ d aː r $,default,
hno-Kinship-bloodrelative-1,,hno,Kinship-bloodrelative,χuːniː riʃtah,χuːniː_riʃtah,χ uː n iː + r i ʃ t a h,,hindukush,,,^ χ uː n iː _ r i ʃ t a h $,default,
hno-Kinship-wifesrelatives-1,,hno,Kinship-wifesrelatives,soːreː,soːreː,s oː r eː,,hindukush,,,^ s oː r eː $,default,
hno-Kinship-headofhousehold-1,,hno,Kinship-headofhousehold,baɖeːraː,baɖeːraː,b a ɖ eː r aː,,hindukush,,,^ b a ɖ eː r aː $,default,
hno-Kinship-headoftribe-1,,hno,Kinship-headoftribe,nowaːb,nowaːb,n o w aː b,,hindukush,,,^ n o w aː b $,default,
hno-Kinship-halfsistersamefatherdifferentmother-1,,hno,Kinship-halfsistersamefatherdifferentmother,matreːriː pẽːɽ,matreːriː_pẽːɽ,m a t r eː r iː + p ẽː ɽ,,hindukush,,,^ m a t r eː r iː _ p ẽː ɽ $,default,
hno-Kinship-halfbrothersamefatherdifferentmother-1,,hno,Kinship-halfbrothersamefatherdifferentmother,matreːraː praː,matreːraː_praː,m a t r eː r aː + p r aː,,hindukush,,,^ m a t r eː r aː _ p r aː $,default,
hno-Kinship-halfsistersamemotherdifferentfather-1,,hno,Kinship-halfsistersamemotherdifferentfather,matreːriː pẽːɽ,matreːriː_pẽːɽ,m a t r eː r iː + p ẽː ɽ,,hindukush,,,^ m a t r eː r iː _ p ẽː ɽ $,default,
hno-Kinship-halfbrothersamemotherdifferentfather-1,,hno,Kinship-halfbrothersamemotherdifferentfather,matreːraː praː,matreːraː_praː,m a t r eː r aː + p r aː,,hindukush,,,^ m a t r eː r aː _ p r aː $,default,
mvy-Kinship-father-1,,mvy,Kinship-father,abaː,abaː,a b aː,,hindukush,,,^ a b aː $,default,
mvy-Kinship-mother-1,,mvy,Kinship-mother,jaː,jaː,j aː,,hindukush,,,^ j aː $,default,
mvy-Kinship-parent-1,,mvy,Kinship-parent,jaː abaː,jaː_abaː,j aː + a b aː,,hindukush,,,^ j aː _ a b aː $,default,
mvy-Kinship-son-1,,mvy,Kinship-son,puːʈ͡ʂ,puːʈ͡ʂ,p uː ʈʂ,,hindukush,,,^ p uː ʈ͡ʂ $,default,
mvy-Kinship-daughter-1,,mvy,Kinship-daughter,dʰiː,dʰiː,dʰ iː,,hindukush,,,^ dʰ iː $,default,
mvy-Kinship-ownchild-1,,mvy,Kinship-ownchild,taĩ uːlaːd,taĩ_uːlaːd,t a ĩ + uː l aː d,,hindukush,,,^ t aĩ _ uː l aː d $,default,
mvy-Kinship-brother-1,,mvy,Kinship-brother,ʐʰaː,ʐʰaː,ʐʰ aː,,hindukush,,,^ ʐʰ aː $,default,
mvy-Kinship-sister-1,,mvy,Kinship-sister,bʰiːjũː,bʰiːjũː,bʰ iː j ũː,,hindukush,,,^ bʰ iː j ũː $,default,
mvy-Kinship-olderbrother-1,,mvy,Kinship-olderbrother,"gʰũː ʐʰaː, gʰũː kaː",gʰũː_ʐʰaː,gʰ ũː + ʐʰ aː,,hindukush,,,^ gʰ ũː _ ʐʰ aː $,default,
mvy-Kinship-olderbrother-2,,mvy,Kinship-olderbrother,"gʰũː ʐʰaː, gʰũː kaː",gʰũː_kaː,gʰ ũː + k aː,,hindukush,,,^ gʰ ũː _ k aː $,default,
mvy-Kinship-youngerbrother-1,,mvy,Kinship-youngerbrother,"lakʰ ʐʰaː, ʐʰaːʈuː",lakʰ_ʐʰaː,l a kʰ + ʐʰ aː,,hindukush,,,^ l a kʰ _ ʐʰ aː $,default,
mvy-Kinship-youngerbrother-2,,mvy,Kinship-youngerbrother,"lakʰ ʐʰaː, ʐʰaːʈuː",ʐʰaːʈuː,ʐʰ aː ʈ uː,,hindukush,,,^ ʐʰ aː ʈ uː $,default,
mvy-Kinship-oldersister-1,,mvy,Kinship-oldersister,kakiː,kakiː,k a k iː,,hindukush,,,^ k a k iː $,default,
mvy-Kinship-youngersister-1,,mvy,Kinship-youngersister,bʰĩʈuː,bʰĩʈuː,bʰ ĩ ʈ uː,,hindukush,,,^ bʰ ĩ ʈ uː $,default,
mvy-Kinship-fathersfather-1,,mvy,Kinship-fathersfather,"gʰũː abaː, zar abaː",gʰũː_abaː,gʰ ũː + a b aː,,hindukush,,,^ gʰ ũː _ a b aː $,default,
mvy-Kinship-fathersfather-2,,mvy,Kinship-fathersfather,"gʰũː abaː, zar abaː",zar_abaː,z a r + a b aː,,hindukush,,,^ z a r _ a b aː $,default,
mvy-Kinship-fathersmother-1,,mvy,Kinship-fathersmother,"gʰajaː, zer jaː",gʰajaː,gʰ a j aː,,hindukush,,,^ gʰ a j aː $,default,
mvy-Kinship-fathersmother-2,,mvy,Kinship-fathersmother,"gʰajaː, zer jaː",zer_jaː,z e r + j aː,,hindukush,,,^ z e r _ j aː $,default,
mvy-Kinship-mothersfather-1,,mvy,Kinship-mothersfather,gʰũː abaː,gʰũː_abaː,gʰ ũː + a b aː,,hindukush,,,^ gʰ ũː _ a b aː $,default,
mvy-Kinship-mothersmother-1,,mvy,Kinship-mothersmother,"gʰajaː, zer jaː",gʰajaː,gʰ a j aː,,hindukush,,,^ gʰ a j aː $,default,
mvy-Kinship-mothersmother-2,,mvy,Kinship-mothersmother,"gʰajaː, zer jaː",zer_jaː,z e r + j aː,,hindukush,,,^ z e r _ j aː $,default,
mvy-Kinship-sonsson-1,,mvy,Kinship-sonsson,poːʐ,poːʐ,p oː ʐ,,hindukush,,,^ p oː ʐ $,default,
mvy-Kinship-sonsdaughter-1,,mvy,Kinship-sonsdaughter,puːʐ,puːʐ,p uː ʐ,,hindukush,,,^ p uː ʐ $,default,
mvy-Kinship-daughtersson-1,,mvy,Kinship-daughtersson,poːʐ,poːʐ,p oː ʐ,,hindukush,,,^ p oː ʐ $,default,
mvy-Kinship-daughtersdaughter-1,,mvy,Kinship-daughtersdaughter,puːʐ,puːʐ,p uː ʐ,,hindukush,,,^ p uː ʐ $,default,
mvy-Kinship-fathersbrother-1,,mvy,Kinship-fathersbrother,pit͡ʃaː,pit͡ʃaː,p i tʃ aː,,hindukush,,,^ p i t͡ʃ aː $,default,
mvy-Kinship-fathersolderbrother-1,,mvy,Kinship-fathersolderbrother,gʰũː pit͡ʃaː,gʰũː_pit͡ʃaː,gʰ ũː + p i tʃ aː,,hindukush,,,^ gʰ ũː _ p i t͡ʃ aː $,default,
mvy-Kinship-fathersyoungerbrother-1,,mvy,Kinship-fathersyoungerbrother,pit͡ʃaːʈuː,pit͡ʃaːʈuː,p i tʃ aː ʈ uː,,hindukush,,,^ p i t͡ʃ aː ʈ uː $,default,
mvy-Kinship-fatherssister-1,,mvy,Kinship-fatherssister,pʰaːej,pʰaːej,pʰ aː e j,,hindukush,,,^ pʰ aːe j $,default,
mvy-Kinship-fathersoldersister-1,,mvy,Kinship-fathersoldersister,gʰĩː pʰaːej,gʰĩː_pʰaːej,gʰ ĩː + pʰ aː e j,,hindukush,,,^ gʰ ĩː _ pʰ aːe j $,default,
mvy-Kinship-fathersyoungersister-1,,mvy,Kinship-fathersyoungersister,pʰaːʈuː,pʰaːʈuː,pʰ aː ʈ uː,,hindukush,,,^ pʰ aː ʈ uː $,default,
mvy-Kinship-mothersbrother-1,,mvy,Kinship-mothersbrother,mamaː,mamaː,m a m aː,,hindukush,,,^ m a m aː $,default,
mvy-Kinship-mothersolderbrother-1,,mvy,Kinship-mothersolderbrother,muːl,muːl,m uː l,,hindukush,,,^ m uː l $,default,
mvy-Kinship-mothersyoungerbrother-1,,mvy,Kinship-mothersyoungerbrother,mamaːʈuː,mamaːʈuː,m a m aː ʈ uː,,hindukush,,,^ m a m aː ʈ uː $,default,
mvy-Kinship-motherssister-1,,mvy,Kinship-motherssister,mapʰiː,mapʰiː,m a pʰ iː,,hindukush,,,^ m a pʰ iː $,default,
mvy-Kinship-mothersoldersister-1,,mvy,Kinship-mothersoldersister,gʰĩː mapʰiː,gʰĩː_mapʰiː,gʰ ĩː + m a pʰ iː,,hindukush,,,^ gʰ ĩː _ m a pʰ iː $,default,
mvy-Kinship-mothersyoungersister-1,,mvy,Kinship-mothersyoungersister,mapʰuː,mapʰuː,m a pʰ uː,,hindukush,,,^ m a pʰ uː $,default,
mvy-Kinship-brothersson-1,,mvy,Kinship-brothersson,ʐʰaliːʈ͡ʂ,ʐʰaliːʈ͡ʂ,ʐʰ a l iː ʈʂ,,hindukush,,,^ ʐʰ a l iː ʈ͡ʂ $,default,
mvy-Kinship-brothersdaughter-1,,mvy,Kinship-brothersdaughter,ʐʰaːdiː,ʐʰaːdiː,ʐʰ aː d iː,,hindukush,,,^ ʐʰ aː d iː $,default,
mvy-Kinship-sistersson-1,,mvy,Kinship-sistersson,χoraj,χoraj,χ o r a j,,hindukush,,,^ χ o r a j $,default,
mvy-Kinship-sistersdaughter-1,,mvy,Kinship-sistersdaughter,sazuj,sazuj,s a z u j,,hindukush,,,^ s a z u j $,default,
mvy-Kinship-husband-1,,mvy,Kinship-husband,χawaːn,χawaːn,χ a w aː n,,hindukush,,,^ χ a w aː n $,default,
mvy-Kinship-wife-1,,mvy,Kinship-wife,gʰarijũː,gʰarijũː,gʰ a r i j ũː,,hindukush,,,^ gʰ a r i j ũː $,default,
mvy-Kinship-fathersolderbrotherswife-1,,mvy,Kinship-fathersolderbrotherswife,gʰajaː,gʰajaː,gʰ a j aː,,hindukush,,,^ gʰ a j aː $,default,
mvy-Kinship-fathersyoungerbrotherswife-1,,mvy,Kinship-fathersyoungerbrotherswife,"lukuʈijaː, lekʰ jaː",lukuʈijaː,l u k u ʈ i j aː,,hindukush,,,^ l u k u ʈ i j aː $,default,
mvy-Kinship-fathersyoungerbrotherswife-2,,mvy,Kinship-fathersyoungerbrotherswife,"lukuʈijaː, lekʰ jaː",lekʰ_jaː,l e kʰ + j aː,,hindukush,,,^ l e kʰ _ j aː $,default,
mvy-Kinship-fatherssistershusband-1,,mvy,Kinship-fatherssistershusband,pit͡ʃaː,pit͡ʃaː,p i tʃ aː,,hindukush,,,^ p i t͡ʃ aː $,default,
mvy-Kinship-mothersbrotherswife-1,,mvy,Kinship-mothersbrotherswife,muːl,muːl,m uː l,,hindukush,,,^ m uː l $,default,
mvy-Kinship-motherssistershusband-1,,mvy,Kinship-motherssistershusband,pit͡ʃaː,pit͡ʃaː,p i tʃ aː,,hindukush,,,^ p i t͡ʃ aː $,default,
mvy-Kinship-sonswife-1,,mvy,Kinship-sonswife,baw,baw,b a w,,hindukush,,,^ b a w $,default,
mvy-Kinship-daughtershusband-1,,mvy,Kinship-daughtershusband,ʐamʈ͡ʂuː,ʐamʈ͡ʂuː,ʐ a m ʈʂ uː,,hindukush,,,^ ʐ a m ʈ͡ʂ uː $,default,
mvy-Kinship-brotherswifemaleego-1,,mvy,Kinship-brotherswifemaleego,ʐʰaːzaj,ʐʰaːzaj,ʐʰ aː z a j,,hindukush,,,^ ʐʰ aː z a j $,default,
mvy-Kinship-brotherswifefemaleego-1,,mvy,Kinship-brotherswifefemaleego,ʐʰaːzaj,ʐʰaːzaj,ʐʰ aː z a j,,hindukush,,,^ ʐʰ aː z a j $,default,
mvy-Kinship-sistershusbandmaleego-1,,mvy,Kinship-sistershusbandmaleego,bʰajaː χawan,bʰajaː_χawan,bʰ a j aː + χ a w a n,,hindukush,,,^ bʰ a j aː _ χ a w a n $,default,
mvy-Kinship-sistershusbandfemaleego-1,,mvy,Kinship-sistershusbandfemaleego,ʐʰaːzaj,ʐʰaːzaj,ʐʰ aː z a j,,hindukush,,,^ ʐʰ aː z a j $,default,
mvy-Kinship-wifesfather-1,,mvy,Kinship-wifesfather,ʃawr,ʃawr,ʃ a w r,,hindukush,,,^ ʃ a w r $,default,
mvy-Kinship-wifesmother-1,,mvy,Kinship-wifesmother,iʈ͡ʂoːʂ,iʈ͡ʂoːʂ,i ʈʂ oː ʂ,,hindukush,,,^ i ʈ͡ʂ oː ʂ $,default,
mvy-Kinship-husbandsfather-1,,mvy,Kinship-husbandsfather,ʃawr,ʃawr,ʃ a w r,,hindukush,,,^ ʃ a w r $,default,
mvy-Kinship-husbandsmother-1,,mvy,Kinship-husbandsmother,iʈ͡ʂoːʂ,iʈ͡ʂoːʂ,i ʈʂ oː ʂ,,hindukush,,,^ i ʈ͡ʂ oː ʂ $,default,
mvy-Kinship-husbandsbrother-1,,mvy,Kinship-husbandsbrother,kẽːʈʰah,kẽːʈʰah,k ẽː ʈʰ a h,,hindukush,,,^ k ẽː ʈʰ a h $,default,
mvy-Kinship-husbandssister-1,,mvy,Kinship-husbandssister,kẽːʈʰaĩː,kẽːʈʰaĩː,k ẽː ʈʰ a ĩː,,hindukush,,,^ k ẽː ʈʰ aĩː $,default,
mvy-Kinship-wifesbrother-1,,mvy,Kinship-wifesbrother,gʰarijãː ʐʰaː,gʰarijãː_ʐʰaː,gʰ a r i j ãː + ʐʰ aː,,hindukush,,,^ gʰ a r i j ãː _ ʐʰ aː $,default,
mvy-Kinship-wifessister-1,,mvy,Kinship-wifessister,gʰarĩː bʰijũː,gʰarĩː_bʰijũː,gʰ a r ĩː + bʰ i j ũː,,hindukush,,,^ gʰ a r ĩː _ bʰ i j ũː $,default,
mvy-Kinship-husbandsbrotherswife-1,,mvy,Kinship-husbandsbrotherswife,kẽːʈʰaĩː gʰarijũː,kẽːʈʰaĩː_gʰarijũː,k ẽː ʈʰ a ĩː + gʰ a r i j ũː,,hindukush,,,^ k ẽː ʈʰ aĩː _ gʰ a r i j ũː $,default,
mvy-Kinship-husbandssistershusband-1,,mvy,Kinship-husbandssistershusband,ʐʰaː,ʐʰaː,ʐʰ aː,,hindukush,,,^ ʐʰ aː $,default,
mvy-Kinship-wifesbrotherswife-1,,mvy,Kinship-wifesbrotherswife,gʰarĩː ʐʰaːzaj,gʰarĩː_ʐʰaːzaj,gʰ a r ĩː + ʐʰ aː z a j,,hindukush,,,^ gʰ a r ĩː _ ʐʰ aː z a j $,default,
mvy-Kinship-wifessistershusband-1,,mvy,Kinship-wifessistershusband,saːnɖuː,saːnɖuː,s aː n ɖ uː,,hindukush,,,^ s aː n ɖ uː $,default,
mvy-Kinship-cowife-1,,mvy,Kinship-cowife,habaĩː,habaĩː,h a b a ĩː,,hindukush,,,^ h a b aĩː $,default,
mvy-Kinship-sonswifesfather-1,,mvy,Kinship-sonswifesfather,puʈ͡ʂãː ʃawr,puʈ͡ʂãː_ʃawr,p u ʈʂ ãː + ʃ a w r,,hindukush,,,^ p u ʈ͡ʂ ãː _ ʃ a w r $,default,
mvy-Kinship-sonswifesmother-1,,mvy,Kinship-sonswifesmother,puʈ͡ʂaĩː iʈ͡ʂoːʂ,puʈ͡ʂaĩː_iʈ͡ʂoːʂ,p u ʈʂ a ĩː + i ʈʂ oː ʂ,,hindukush,,,^ p u ʈ͡ʂ aĩː _ i ʈ͡ʂ oː ʂ $,default,
mvy-Kinship-daughtershusbandsfather-1,,mvy,Kinship-daughtershusbandsfather,dʰijãː ʃawr,dʰijãː_ʃawr,dʰ i j ãː + ʃ a w r,,hindukush,,,^ dʰ i j ãː _ ʃ a w r $,default,
mvy-Kinship-daughtershusbandsmother-1,,mvy,Kinship-daughtershusbandsmother,dʰiː iʈ͡ʂoːʂ,dʰiː_iʈ͡ʂoːʂ,dʰ iː + i ʈʂ oː ʂ,,hindukush,,,^ dʰ iː _ i ʈ͡ʂ oː ʂ $,default,
mvy-Kinship-stepsisternosharedparent-1,,mvy,Kinship-stepsisternosharedparent,diniː bʰijũː,diniː_bʰijũː,d i n iː + bʰ i j ũː,,hindukush,,,^ d i n iː _ bʰ i j ũː $,default,
mvy-Kinship-stepbrothernosharedparent-1,,mvy,Kinship-stepbrothernosharedparent,diniː ʐʰaː,diniː_ʐʰaː,d i n iː + ʐʰ aː,,hindukush,,,^ d i n iː _ ʐʰ aː $,default,
mvy-Kinship-stepmother-1,,mvy,Kinship-stepmother,habaĩː mʰaːl,habaĩː_mʰaːl,h a b a ĩː + mʰ aː l,,hindukush,,,^ h a b aĩː _ mʰ aː l $,default,
mvy-Kinship-stepfather-1,,mvy,Kinship-stepfather,parkaʈaj mʰaːl,parkaʈaj_mʰaːl,p a r k a ʈ a j + mʰ aː l,,hindukush,,,^ p a r k a ʈ a j _ mʰ aː l $,default,
mvy-Kinship-stepson-1,,mvy,Kinship-stepson,parkaʈaj puːʈ͡ʂ,parkaʈaj_puːʈ͡ʂ,p a r k a ʈ a j + p uː ʈʂ,,hindukush,,,^ p a r k a ʈ a j _ p uː ʈ͡ʂ $,default,
mvy-Kinship-stepdaughter-1,,mvy,Kinship-stepdaughter,parkaʈaj dʰiː,parkaʈaj_dʰiː,p a r k a ʈ a j + dʰ iː,,hindukush,,,^ p a r k a ʈ a j _ dʰ iː $,default,
mvy-Kinship-fathersfathersfather-1,,mvy,Kinship-fathersfathersfather,pardaːl,pardaːl,p a r d aː l,,hindukush,,,^ p a r d aː l $,default,
mvy-Kinship-mothersmothersmother-1,,mvy,Kinship-mothersmothersmother,pardael,pardael,p a r d a e l,,hindukush,,,^ p a r d ae l $,default,
mvy-Kinship-forefather-1,,mvy,Kinship-forefather,daːlah,daːlah,d aː l a h,,hindukush,,,^ d aː l a h $,default,
mvy-Kinship-foremother-1,,mvy,Kinship-foremother,daːli,daːli,d aː l i,,hindukush,,,^ d aː l i $,default,
mvy-Kinship-fathersbrothersson-1,,mvy,Kinship-fathersbrothersson,pit͡ʃãː puːʈ͡ʂ,pit͡ʃãː_puːʈ͡ʂ,p i tʃ ãː + p uː ʈʂ,,hindukush,,,^ p i t͡ʃ ãː _ p uː ʈ͡ʂ $,default,
mvy-Kinship-fathersbrothersdaughter-1,,mvy,Kinship-fathersbrothersdaughter,pit͡ʃaĩː dʰiː,pit͡ʃaĩː_dʰiː,p i tʃ a ĩː + dʰ iː,,hindukush,,,^ p i t͡ʃ aĩː _ dʰ iː $,default,
mvy-Kinship-fatherssistersson-1,,mvy,Kinship-fatherssistersson,pʰaːjuː,pʰaːjuː,pʰ aː j uː,,hindukush,,,^ pʰ aː j uː $,default,
mvy-Kinship-fatherssistersdaughter-1,,mvy,Kinship-fatherssistersdaughter,pʰaĩː dʰiː,pʰaĩː_dʰiː,pʰ a ĩː + dʰ iː,,hindukush,,,^ pʰ aĩː _ dʰ iː $,default,
mvy-Kinship-mothersbrothersson-1,,mvy,Kinship-mothersbrothersson,mamaː puːʈ͡ʂ,mamaː_puːʈ͡ʂ,m a m aː + p uː ʈʂ,,hindukush,,,^ m a m aː _ p uː ʈ͡ʂ $,default,
mvy-Kinship-mothersbrothersdaughter-1,,mvy,Kinship-mothersbrothersdaughter,mamaĩː dʰiː,mamaĩː_dʰiː,m a m a ĩː + dʰ iː,,hindukush,,,^ m a m aĩː _ dʰ iː $,default,
mvy-Kinship-motherssistersson-1,,mvy,Kinship-motherssistersson,"mapʰijuː, maʃuː",mapʰijuː,m a pʰ i j uː,,hindukush,,,^ m a pʰ i j uː $,default,
mvy-Kinship-motherssistersson-2,,mvy,Kinship-motherssistersson,"mapʰijuː, maʃuː",maʃuː,m a ʃ uː,,hindukush,,,^ m a ʃ uː $,default,
mvy-Kinship-motherssistersdaughter-1,,mvy,Kinship-motherssistersdaughter,"mapʰijuː, mapʰĩː dʰiː",mapʰijuː,m a pʰ i j uː,,hindukush,,,^ m a pʰ i j uː $,default,
mvy-Kinship-motherssistersdaughter-2,,mvy,Kinship-motherssistersdaughter,"mapʰijuː, mapʰĩː dʰiː",mapʰĩː_dʰiː,m a pʰ ĩː + dʰ iː,,hindukush,,,^ m a pʰ ĩː _ dʰ iː $,default,
mvy-Kinship-relative-1,,mvy,Kinship-relative,sakah,sakah,s a k a h,,hindukush,,,^ s a k a h $,default,
mvy-Kinship-affinalrelative-1,,mvy,Kinship-affinalrelative,ʃawr χeːliː,ʃawr_χeːliː,ʃ a w r + χ eː l iː,,hindukush,,,^ ʃ a w r _ χ eː l iː $,default,
mvy-Kinship-bloodrelative-1,,mvy,Kinship-bloodrelative,ratãː saktuːb,ratãː_saktuːb,r a t ãː + s a k t uː b,,hindukush,,,^ r a t ãː _ s a k t uː b $,default,
mvy-Kinship-wifesrelatives-1,,mvy,Kinship-wifesrelatives,ʃawr χeːl,ʃawr_χeːl,ʃ a w r + χ eː l,,hindukush,,,^ ʃ a w r _ χ eː l $,default,
mvy-Kinship-headofhousehold-1,,mvy,Kinship-headofhousehold,bãː gʰẽːrah,bãː_gʰẽːrah,b ãː + gʰ ẽː r a h,,hindukush,,,^ b ãː _ gʰ ẽː r a h $,default,
mvy-Kinship-headofclan-1,,mvy,Kinship-headofclan,gʰẽːrah,gʰẽːrah,gʰ ẽː r a h,,hindukush,,,^ gʰ ẽː r a h $,default,
mvy-Kinship-headoftribe-1,,mvy,Kinship-headoftribe,gʰẽːrah,gʰẽːrah,gʰ ẽː r a h,,hindukush,,,^ gʰ ẽː r a h $,default,
mvy-Kinship-halfsistersamefatherdifferentmother-1,,mvy,Kinship-halfsistersamefatherdifferentmother,pit͡ʃaĩː mʰaːlijãː ʐʰaː,pit͡ʃaĩː_mʰaːlijãː_ʐʰaː,p i tʃ a ĩː + mʰ aː l i j ãː + ʐʰ aː,,hindukush,,,^ p i t͡ʃ aĩː _ mʰ aː l i j ãː _ ʐʰ aː $,default,
mvy-Kinship-halfbrothersamefatherdifferentmother-1,,mvy,Kinship-halfbrothersamefatherdifferentmother,pit͡ʃaĩː mʰaːlijãː ʐʰaː,pit͡ʃaĩː_mʰaːlijãː_ʐʰaː,p i tʃ a ĩː + mʰ aː l i j ãː + ʐʰ aː,,hindukush,,,^ p i t͡ʃ aĩː _ mʰ aː l i j ãː _ ʐʰ aː $,default,
mvy-Kinship-halfsistersamemotherdifferentfather-1,,mvy,Kinship-halfsistersamemotherdifferentfather,mʰaːl zuj bʰijũː,mʰaːl_zuj_bʰijũː,mʰ aː l + z u j + bʰ i j ũː,,hindukush,,,^ mʰ aː l _ z u j _ bʰ i j ũː $,default,
mvy-Kinship-halfbrothersamemotherdifferentfather-1,,mvy,Kinship-halfbrothersamemotherdifferentfather,mʰaːl zuj bʰijũː,mʰaːl_zuj_bʰijũː,mʰ aː l + z u j + bʰ i j ũː,,hindukush,,,^ mʰ aː l _ z u j _ bʰ i j ũː $,default,
isk-Kinship-father-1,,isk,Kinship-father,"tɑː, tɑːt",tɑː,t ɑː,,hindukush,,,^ t ɑː $,default,
isk-Kinship-father-2,,isk,Kinship-father,"tɑː, tɑːt",tɑːt,t ɑː t,,hindukush,,,^ t ɑː t $,default,
isk-Kinship-mother-1,,isk,Kinship-mother,nɑːn,nɑːn,n ɑː n,,hindukush,,,^ n ɑː n $,default,
isk-Kinship-parent-1,,isk,Kinship-parent,kata nɑːn,kata_nɑːn,k a t a + n ɑː n,,hindukush,,,^ k a t a _ n ɑː n $,default,
isk-Kinship-son-1,,isk,Kinship-son,zuːs,zuːs,z uː s,,hindukush,,,^ z uː s $,default,
isk-Kinship-daughter-1,,isk,Kinship-daughter,uduχt,uduχt,u d u χ t,,hindukush,,,^ u d u χ t $,default,
isk-Kinship-ownchild-1,,isk,Kinship-ownchild,t͡ʃət,t͡ʃət,tʃ ə t,,hindukush,,,^ t͡ʃ ə t $,default,
isk-Kinship-brother-1,,isk,Kinship-brother,vru,vru,v r u,,hindukush,,,^ v r u $,default,
isk-Kinship-sister-1,,isk,Kinship-sister,iχɑː,iχɑː,i χ ɑː,,hindukush,,,^ i χ ɑː $,default,
isk-Kinship-olderbrother-1,,isk,Kinship-olderbrother,vruwiː kata,vruwiː_kata,v r u w iː + k a t a,,hindukush,,,^ v r u w iː _ k a t a $,default,
isk-Kinship-youngerbrother-1,,isk,Kinship-youngerbrother,vruwiː t͡ʃət,vruwiː_t͡ʃət,v r u w iː + tʃ ə t,,hindukush,,,^ v r u w iː _ t͡ʃ ə t $,default,
isk-Kinship-oldersister-1,,isk,Kinship-oldersister,iχɑːi kata,iχɑːi_kata,i χ ɑː i + k a t a,,hindukush,,,^ i χ ɑːi _ k a t a $,default,
isk-Kinship-youngersister-1,,isk,Kinship-youngersister,iχɑːi t͡ʃət,iχɑːi_t͡ʃət,i χ ɑː i + tʃ ə t,,hindukush,,,^ i χ ɑːi _ t͡ʃ ə t $,default,
isk-Kinship-fathersfather-1,,isk,Kinship-fathersfather,tɑːi kata,tɑːi_kata,t ɑː i + k a t a,,hindukush,,,^ t ɑːi _ k a t a $,default,
isk-Kinship-fathersmother-1,,isk,Kinship-fathersmother,nɑːni kata,nɑːni_kata,n ɑː n i + k a t a,,hindukush,,,^ n ɑː n i _ k a t a $,default,
isk-Kinship-mothersfather-1,,isk,Kinship-mothersfather,"mən nɑːn nɑː tɑː, tɑːi kata",mən_nɑːn_nɑː_tɑː,m ə n + n ɑː n + n ɑː + t ɑː,,hindukush,,,^ m ə n _ n ɑː n _ n ɑː _ t ɑː $,default,
isk-Kinship-mothersfather-2,,isk,Kinship-mothersfather,"mən nɑːn nɑː tɑː, tɑːi kata",tɑːi_kata,t ɑː i + k a t a,,hindukush,,,^ t ɑːi _ k a t a $,default,
isk-Kinship-mothersmother-1,,isk,Kinship-mothersmother,"mən nɑːn nɑː nɑːn, nɑːni kata",mən_nɑːn_nɑː_nɑːn,m ə n + n ɑː n + n ɑː + n ɑː n,,hindukush,,,^ m ə n _ n ɑː n _ n ɑː _ n ɑː n $,default,
isk-Kinship-mothersmother-2,,isk,Kinship-mothersmother,"mən nɑːn nɑː nɑːn, nɑːni kata",nɑːni_kata,n ɑː n i + k a t a,,hindukush,,,^ n ɑː n i _ k a t a $,default,
isk-Kinship-sonsson-1,,isk,Kinship-sonsson,nəvis,nəvis,n ə v i s,,hindukush,,,^ n ə v i s $,default,
isk-Kinship-sonsdaughter-1,,isk,Kinship-sonsdaughter,"nəvis, mən zuːs nɑː uduχt",nəvis,n ə v i s,,hindukush,,,^ n ə v i s $,default,
isk-Kinship-sonsdaughter-2,,isk,Kinship-sonsdaughter,"nəvis, mən zuːs nɑː uduχt",mən_zuːs_nɑː_uduχt,m ə n + z uː s + n ɑː + u d u χ t,,hindukush,,,^ m ə n _ z uː s _ n ɑː _ u d u χ t $,default,
isk-Kinship-daughtersson-1,,isk,Kinship-daughtersson,"nəvis, uduχt nɑː zuːs",nəvis,n ə v i s,,hindukush,,,^ n ə v i s $,default,
isk-Kinship-daughtersson-2,,isk,Kinship-daughtersson,"nəvis, uduχt nɑː zuːs",uduχt_nɑː_zuːs,u d u χ t + n ɑː + z uː s,,hindukush,,,^ u d u χ t _ n ɑː _ z uː s $,default,
isk-Kinship-daughtersdaughter-1,,isk,Kinship-daughtersdaughter,"nəvis, uduχt nɑː uduχt",nəvis,n ə v i s,,hindukush,,,^ n ə v i s $,default,
isk-Kinship-daughtersdaughter-2,,isk,Kinship-daughtersdaughter,"nəvis, uduχt nɑː uduχt",uduχt_nɑː_uduχt,u d u χ t + n ɑː + u d u χ t,,hindukush,,,^ u d u χ t _ n ɑː _ u d u χ t $,default,
isk-Kinship-fathersbrother-1,,isk,Kinship-fathersbrother,bət͡ʃiː,bət͡ʃiː,b ə tʃ iː,,hindukush,,,^ b ə t͡ʃ iː $,default,
isk-Kinship-fathersolderbrother-1,,isk,Kinship-fathersolderbrother,bət͡ʃiː kata,bət͡ʃiː_kata,b ə tʃ iː + k a t a,,hindukush,,,^ b ə t͡ʃ iː _ k a t a $,default,
isk-Kinship-fathersyoungerbrother-1,,isk,Kinship-fathersyoungerbrother,bət͡ʃiː t͡ʃət,bət͡ʃiː_t͡ʃət,b ə tʃ iː + tʃ ə t,,hindukush,,,^ b ə t͡ʃ iː _ t͡ʃ ə t $,default,
isk-Kinship-fatherssister-1,,isk,Kinship-fatherssister,ama,ama,a m a,,hindukush,,,^ a m a $,default,
isk-Kinship-fathersoldersister-1,,isk,Kinship-fathersoldersister,amai kata,amai_kata,a m ai + k a t a,,hindukush,,,^ a m ai _ k a t a $,default,
isk-Kinship-fathersyoungersister-1,,isk,Kinship-fathersyoungersister,amai t͡ʃət,amai_t͡ʃət,a m ai + tʃ ə t,,hindukush,,,^ a m ai _ t͡ʃ ə t $,default,
isk-Kinship-mothersbrother-1,,isk,Kinship-mothersbrother,χələk,χələk,χ ə l ə k,,hindukush,,,^ χ ə l ə k $,default,
isk-Kinship-mothersolderbrother-1,,isk,Kinship-mothersolderbrother,χələki kata,χələki_kata,χ ə l ə k i + k a t a,,hindukush,,,^ χ ə l ə k i _ k a t a $,default,
isk-Kinship-mothersyoungerbrother-1,,isk,Kinship-mothersyoungerbrother,χələki t͡ʃət,χələki_t͡ʃət,χ ə l ə k i + tʃ ə t,,hindukush,,,^ χ ə l ə k i _ t͡ʃ ə t $,default,
isk-Kinship-motherssister-1,,isk,Kinship-motherssister,χuːla,χuːla,χ uː l a,,hindukush,,,^ χ uː l a $,default,
isk-Kinship-mothersoldersister-1,,isk,Kinship-mothersoldersister,χuːlai kata,χuːlai_kata,χ uː l ai + k a t a,,hindukush,,,^ χ uː l ai _ k a t a $,default,
isk-Kinship-mothersyoungersister-1,,isk,Kinship-mothersyoungersister,χuːlai t͡ʃət,χuːlai_t͡ʃət,χ uː l ai + tʃ ə t,,hindukush,,,^ χ uː l ai _ t͡ʃ ə t $,default,
isk-Kinship-brothersson-1,,isk,Kinship-brothersson,vru zuːs,vru_zuːs,v r u + z uː s,,hindukush,,,^ v r u _ z uː s $,default,
isk-Kinship-brothersdaughter-1,,isk,Kinship-brothersdaughter,vru uduχt,vru_uduχt,v r u + u d u χ t,,hindukush,,,^ v r u _ u d u χ t $,default,
isk-Kinship-sistersson-1,,isk,Kinship-sistersson,iχɑː zuːs,iχɑː_zuːs,i χ ɑː + z uː s,,hindukush,,,^ i χ ɑː _ z uː s $,default,
isk-Kinship-sistersdaughter-1,,isk,Kinship-sistersdaughter,iχɑː uduχt,iχɑː_uduχt,i χ ɑː + u d u χ t,,hindukush,,,^ i χ ɑː _ u d u χ t $,default,
isk-Kinship-husband-1,,isk,Kinship-husband,mɑːl,mɑːl,m ɑː l,,hindukush,,,^ m ɑː l $,default,
isk-Kinship-wife-1,,isk,Kinship-wife,kuːt͡ʃ,kuːt͡ʃ,k uː tʃ,,hindukush,,,^ k uː t͡ʃ $,default,
isk-Kinship-fathersolderbrotherswife-1,,isk,Kinship-fathersolderbrotherswife,"ama, tɑːt nɑː vru kuːt͡ʃ kata",ama,a m a,,hindukush,,,^ a m a $,default,
isk-Kinship-fathersolderbrotherswife-2,,isk,Kinship-fathersolderbrotherswife,"ama, tɑːt nɑː vru kuːt͡ʃ kata",tɑːt_nɑː_vru_kuːt͡ʃ_kata,t ɑː t + n ɑː + v r u + k uː tʃ + k a t a,,hindukush,,,^ t ɑː t _ n ɑː _ v r u _ k uː t͡ʃ _ k a t a $,default,
isk-Kinship-fathersyoungerbrotherswife-1,,isk,Kinship-fathersyoungerbrotherswife,"ama, tɑː nɑː vru kuːt͡ʃ t͡ʃət",ama,a m a,,hindukush,,,^ a m a $,default,
isk-Kinship-fathersyoungerbrotherswife-2,,isk,Kinship-fathersyoungerbrotherswife,"ama, tɑː nɑː vru kuːt͡ʃ t͡ʃət",tɑː_nɑː_vru_kuːt͡ʃ_t͡ʃət,t ɑː + n ɑː + v r u + k uː tʃ + tʃ ə t,,hindukush,,,^ t ɑː _ n ɑː _ v r u _ k uː t͡ʃ _ t͡ʃ ə t $,default,
isk-Kinship-fatherssistershusband-1,,isk,Kinship-fatherssistershusband,ama nɑː mɑːl,ama_nɑː_mɑːl,a m a + n ɑː + m ɑː l,,hindukush,,,^ a m a _ n ɑː _ m ɑː l $,default,
isk-Kinship-mothersbrotherswife-1,,isk,Kinship-mothersbrotherswife,χələk kuːt͡ʃ,χələk_kuːt͡ʃ,χ ə l ə k + k uː tʃ,,hindukush,,,^ χ ə l ə k _ k uː t͡ʃ $,default,
isk-Kinship-motherssistershusband-1,,isk,Kinship-motherssistershusband,χuːla nɑː mɑːl,χuːla_nɑː_mɑːl,χ uː l a + n ɑː + m ɑː l,,hindukush,,,^ χ uː l a _ n ɑː _ m ɑː l $,default,
isk-Kinship-sonswife-1,,isk,Kinship-sonswife,uːznəl,uːznəl,uː z n ə l,,hindukush,,,^ uː z n ə l $,default,
isk-Kinship-daughtershusband-1,,isk,Kinship-daughtershusband,zəməzd,zəməzd,z ə m ə z d,,hindukush,,,^ z ə m ə z d $,default,
isk-Kinship-brotherswifemaleego-1,,isk,Kinship-brotherswifemaleego,vru kuːt͡ʃ,vru_kuːt͡ʃ,v r u + k uː tʃ,,hindukush,,,^ v r u _ k uː t͡ʃ $,default,
isk-Kinship-brotherswifefemaleego-1,,isk,Kinship-brotherswifefemaleego,"janga kuːt͡ʃ, janga kuːt͡ʃ nɑː vru kuːt͡ʃ",janga_kuːt͡ʃ,j a n g a + k uː tʃ,,hindukush,,,^ j a n g a _ k uː t͡ʃ $,default,
isk-Kinship-brotherswifefemaleego-2,,isk,Kinship-brotherswifefemaleego,"janga kuːt͡ʃ, janga kuːt͡ʃ nɑː vru kuːt͡ʃ",janga_kuːt͡ʃ_nɑː_vru_kuːt͡ʃ,j a n g a + k uː tʃ + n ɑː + v r u + k uː tʃ,,hindukush,,,^ j a n g a _ k uː t͡ʃ _ n ɑː _ v r u _ k uː t͡ʃ $,default,
isk-Kinship-sistershusbandmaleego-1,,isk,Kinship-sistershusbandmaleego,iχɑː mɑːl,iχɑː_mɑːl,i χ ɑː + m ɑː l,,hindukush,,,^ i χ ɑː _ m ɑː l $,default,
isk-Kinship-sistershusbandfemaleego-1,,isk,Kinship-sistershusbandfemaleego,kuːt͡ʃ nɑː iχɑː mɑːl,kuːt͡ʃ_nɑː_iχɑː_mɑːl,k uː tʃ + n ɑː + i χ ɑː + m ɑː l,,hindukush,,,^ k uː t͡ʃ _ n ɑː _ i χ ɑː _ m ɑː l $,default,
isk-Kinship-wifesfather-1,,isk,Kinship-wifesfather,χəsər,χəsər,χ ə s ə r,,hindukush,,,^ χ ə s ə r $,default,
isk-Kinship-wifesmother-1,,isk,Kinship-wifesmother,χəʃ,χəʃ,χ ə ʃ,,hindukush,,,^ χ ə ʃ $,default,
isk-Kinship-husbandsfather-1,,isk,Kinship-husbandsfather,"χəsər, tɑː nɑː mɑːl",χəsər,χ ə s ə r,,hindukush,,,^ χ ə s ə r $,default,
isk-Kinship-husbandsfather-2,,isk,Kinship-husbandsfather,"χəsər, tɑː nɑː mɑːl",tɑː_nɑː_mɑːl,t ɑː + n ɑː + m ɑː l,,hindukush,,,^ t ɑː _ n ɑː _ m ɑː l $,default,
isk-Kinship-husbandsmother-1,,isk,Kinship-husbandsmother,"χəʃ, mɑːl nɑː nɑːn",χəʃ,χ ə ʃ,,hindukush,,,^ χ ə ʃ $,default,
isk-Kinship-husbandsmother-2,,isk,Kinship-husbandsmother,"χəʃ, mɑːl nɑː nɑːn",mɑːl_nɑː_nɑːn,m ɑː l + n ɑː + n ɑː n,,hindukush,,,^ m ɑː l _ n ɑː _ n ɑː n $,default,
isk-Kinship-husbandsbrother-1,,isk,Kinship-husbandsbrother,eːwar,eːwar,eː w a r,,hindukush,,,^ eː w a r $,default,
isk-Kinship-husbandssister-1,,isk,Kinship-husbandssister,mɑːl nɑː iχɑː,mɑːl_nɑː_iχɑː,m ɑː l + n ɑː + i χ ɑː,,hindukush,,,^ m ɑː l _ n ɑː _ i χ ɑː $,default,
isk-Kinship-wifesbrother-1,,isk,Kinship-wifesbrother,χəsər zuːs,χəsər_zuːs,χ ə s ə r + z uː s,,hindukush,,,^ χ ə s ə r _ z uː s $,default,
isk-Kinship-wifessister-1,,isk,Kinship-wifessister,kuːt͡ʃ nɑː iχɑː,kuːt͡ʃ_nɑː_iχɑː,k uː tʃ + n ɑː + i χ ɑː,,hindukush,,,^ k uː t͡ʃ _ n ɑː _ i χ ɑː $,default,
isk-Kinship-husbandsbrotherswife-1,,isk,Kinship-husbandsbrotherswife,eːwar kuːt͡ʃ,eːwar_kuːt͡ʃ,eː w a r + k uː tʃ,,hindukush,,,^ eː w a r _ k uː t͡ʃ $,default,
isk-Kinship-husbandssistershusband-1,,isk,Kinship-husbandssistershusband,mɑːl nɑː iχɑː mɑːl,mɑːl_nɑː_iχɑː_mɑːl,m ɑː l + n ɑː + i χ ɑː + m ɑː l,,hindukush,,,^ m ɑː l _ n ɑː _ i χ ɑː _ m ɑː l $,default,
isk-Kinship-wifesbrotherswife-1,,isk,Kinship-wifesbrotherswife,χəsər zuːs nɑː kuːt͡ʃ,χəsər_zuːs_nɑː_kuːt͡ʃ,χ ə s ə r + z uː s + n ɑː + k uː tʃ,,hindukush,,,^ χ ə s ə r _ z uː s _ n ɑː _ k uː t͡ʃ $,default,
isk-Kinship-wifessistershusband-1,,isk,Kinship-wifessistershusband,kuːt͡ʃ nɑː iχɑː mɑːl,kuːt͡ʃ_nɑː_iχɑː_mɑːl,k uː tʃ + n ɑː + i χ ɑː + m ɑː l,,hindukush,,,^ k uː t͡ʃ _ n ɑː _ i χ ɑː _ m ɑː l $,default,
isk-Kinship-cowife-1,,isk,Kinship-cowife,anbɑːq,anbɑːq,a n b ɑː q,,hindukush,,,^ a n b ɑː q $,default,
isk-Kinship-sonswifesfather-1,,isk,Kinship-sonswifesfather,zuːs kuːt͡ʃ nɑː tɑː,zuːs_kuːt͡ʃ_nɑː_tɑː,z uː s + k uː tʃ + n ɑː + t ɑː,,hindukush,,,^ z uː s _ k uː t͡ʃ _ n ɑː _ t ɑː $,default,
isk-Kinship-sonswifesmother-1,,isk,Kinship-sonswifesmother,zuːs kuːt͡ʃ nɑː nɑːn,zuːs_kuːt͡ʃ_nɑː_nɑːn,z uː s + k uː tʃ + n ɑː + n ɑː n,,hindukush,,,^ z uː s _ k uː t͡ʃ _ n ɑː _ n ɑː n $,default,
isk-Kinship-daughtershusbandsfather-1,,isk,Kinship-daughtershusbandsfather,ʃətɑːk mɑːl nɑː tɑː,ʃətɑːk_mɑːl_nɑː_tɑː,ʃ ə t ɑː k + m ɑː l + n ɑː + t ɑː,,hindukush,,,^ ʃ ə t ɑː k _ m ɑː l _ n ɑː _ t ɑː $,default,
isk-Kinship-daughtershusbandsmother-1,,isk,Kinship-daughtershusbandsmother,ʃətɑːk mɑːl nɑː nɑːn,ʃətɑːk_mɑːl_nɑː_nɑːn,ʃ ə t ɑː k + m ɑː l + n ɑː + n ɑː n,,hindukush,,,^ ʃ ə t ɑː k _ m ɑː l _ n ɑː _ n ɑː n $,default,
isk-Kinship-stepsisternosharedparent-1,,isk,Kinship-stepsisternosharedparent,iχɑːi t͡sa zanɑːn zafuːr,iχɑːi_t͡sa_zanɑːn_zafuːr,i χ ɑː i + ts a + z a n ɑː n + z a f uː r,,hindukush,,,^ i χ ɑːi _ t͡s a _ z a n ɑː n _ z a f uː r $,default,
isk-Kinship-stepbrothernosharedparent-1,,isk,Kinship-stepbrothernosharedparent,iχɑːi na t͡sa nɑːn zafuwi na,iχɑːi_na_t͡sa_nɑːn_zafuwi_na,i χ ɑː i + n a + ts a + n ɑː n + z a f u w i + n a,,hindukush,,,^ i χ ɑːi _ n a _ t͡s a _ n ɑː n _ z a f u w i _ n a $,default,
isk-Kinship-stepmother-1,,isk,Kinship-stepmother,mɑːindar,mɑːindar,m ɑː i n d a r,,hindukush,,,^ m ɑːi n d a r $,default,
isk-Kinship-stepfather-1,,isk,Kinship-stepfather,peːandar,peːandar,p eː a n d a r,,hindukush,,,^ p eːa n d a r $,default,
isk-Kinship-stepson-1,,isk,Kinship-stepson,bat͡ʃandar,bat͡ʃandar,b a tʃ a n d a r,,hindukush,,,^ b a t͡ʃ a n d a r $,default,
isk-Kinship-stepdaughter-1,,isk,Kinship-stepdaughter,daχtandar,daχtandar,d a χ t a n d a r,,hindukush,,,^ d a χ t a n d a r $,default,
isk-Kinship-fathersfathersfather-1,,isk,Kinship-fathersfathersfather,bubui kata,bubui_kata,b u b u i + k a t a,,hindukush,,,^ b u b ui _ k a t a $,default,
isk-Kinship-mothersmothersmother-1,,isk,Kinship-mothersmothersmother,bibii kata,bibii_kata,b i b iː + k a t a,,hindukush,,,^ b i b ii _ k a t a $,default,
isk-Kinship-forefather-1,,isk,Kinship-forefather,ad͡ʒdɑːd,ad͡ʒdɑːd,a dʒ d ɑː d,,hindukush,,,^ a d͡ʒ d ɑː d $,default,
isk-Kinship-foremother-1,,isk,Kinship-foremother,ad͡ʒdɑːd,ad͡ʒdɑːd,a dʒ d ɑː d,,hindukush,,,^ a d͡ʒ d ɑː d $,default,
isk-Kinship-fathersbrothersson-1,,isk,Kinship-fathersbrothersson,bat͡ʃi zuːs,bat͡ʃi_zuːs,b a tʃ i + z uː s,,hindukush,,,^ b a t͡ʃ i _ z uː s $,default,
isk-Kinship-fathersbrothersdaughter-1,,isk,Kinship-fathersbrothersdaughter,bat͡ʃi uduχt,bat͡ʃi_uduχt,b a tʃ i + u d u χ t,,hindukush,,,^ b a t͡ʃ i _ u d u χ t $,default,
isk-Kinship-fatherssistersson-1,,isk,Kinship-fatherssistersson,ama zuːs,ama_zuːs,a m a + z uː s,,hindukush,,,^ a m a _ z uː s $,default,
isk-Kinship-fatherssistersdaughter-1,,isk,Kinship-fatherssistersdaughter,ama zuːs uduχt,ama_zuːs_uduχt,a m a + z uː s + u d u χ t,,hindukush,,,^ a m a _ z uː s _ u d u χ t $,default,
isk-Kinship-mothersbrothersson-1,,isk,Kinship-mothersbrothersson,χələk zuːs,χələk_zuːs,χ ə l ə k + z uː s,,hindukush,,,^ χ ə l ə k _ z uː s $,default,
isk-Kinship-mothersbrothersdaughter-1,,isk,Kinship-mothersbrothersdaughter,χələk zuːs uduχt,χələk_zuːs_uduχt,χ ə l ə k + z uː s + u d u χ t,,hindukush,,,^ χ ə l ə k _ z uː s _ u d u χ t $,default,
isk-Kinship-motherssistersson-1,,isk,Kinship-motherssistersson,χuːla zuːs,χuːla_zuːs,χ uː l a + z uː s,,hindukush,,,^ χ uː l a _ z uː s $,default,
isk-Kinship-motherssistersdaughter-1,,isk,Kinship-motherssistersdaughter,χuːla uduχt,χuːla_uduχt,χ uː l a + u d u χ t,,hindukush,,,^ χ uː l a _ u d u χ t $,default,
isk-Kinship-relative-1,,isk,Kinship-relative,"aqɑːriːb, χeːʃ",aqɑːriːb,a q ɑː r iː b,,hindukush,,,^ a q ɑː r iː b $,default,
isk-Kinship-relative-2,,isk,Kinship-relative,"aqɑːriːb, χeːʃ",χeːʃ,χ eː ʃ,,hindukush,,,^ χ eː ʃ $,default,
isk-Kinship-affinalrelative-1,,isk,Kinship-affinalrelative,χeːʃ,χeːʃ,χ eː ʃ,,hindukush,,,^ χ eː ʃ $,default,
isk-Kinship-bloodrelative-1,,isk,Kinship-bloodrelative,aqɑːriːbi weːniː,aqɑːriːbi_weːniː,a q ɑː r iː b i + w eː n iː,,hindukush,,,^ a q ɑː r iː b i _ w eː n iː $,default,
isk-Kinship-wifesrelatives-1,,isk,Kinship-wifesrelatives,χəsər,χəsər,χ ə s ə r,,hindukush,,,^ χ ə s ə r $,default,
isk-Kinship-headofhousehold-1,,isk,Kinship-headofhousehold,katai fɑːmil,katai_fɑːmil,k a t ai + f ɑː m i l,,hindukush,,,^ k a t ai _ f ɑː m i l $,default,
isk-Kinship-headofclan-1,,isk,Kinship-headofclan,katai qawm,katai_qawm,k a t ai + q a w m,,hindukush,,,^ k a t ai _ q a w m $,default,
isk-Kinship-headoftribe-1,,isk,Kinship-headoftribe,katai qabila,katai_qabila,k a t ai + q a b i l a,,hindukush,,,^ k a t ai _ q a b i l a $,default,
isk-Kinship-halfsistersamefatherdifferentmother-1,,isk,Kinship-halfsistersamefatherdifferentmother,iχɑːi za t͡sa tɑː wɑːki t͡sa nɑːn d͡ʒədɑː,iχɑːi_za_t͡sa_tɑː_wɑːki_t͡sa_nɑːn_d͡ʒədɑː,i χ ɑː i + z a + ts a + t ɑː + w ɑː k i + ts a + n ɑː n + dʒ ə d ɑː,,hindukush,,,^ i χ ɑːi _ z a _ t͡s a _ t ɑː _ w ɑː k i _ t͡s a _ n ɑː n _ d͡ʒ ə d ɑː $,default,
isk-Kinship-halfbrothersamefatherdifferentmother-1,,isk,Kinship-halfbrothersamefatherdifferentmother,vruwi za t͡sa tɑː wɑːki t͡sa nɑːn d͡ʒədɑː,vruwi_za_t͡sa_tɑː_wɑːki_t͡sa_nɑːn_d͡ʒədɑː,v r u w i + z a + ts a + t ɑː + w ɑː k i + ts a + n ɑː n + dʒ ə d ɑː,,hindukush,,,^ v r u w i _ z a _ t͡s a _ t ɑː _ w ɑː k i _ t͡s a _ n ɑː n _ d͡ʒ ə d ɑː $,default,
isk-Kinship-halfsistersamemotherdifferentfather-1,,isk,Kinship-halfsistersamemotherdifferentfather,iχɑːi za t͡sa nɑːn wɑːki t͡sa tɑː d͡ʒədɑː,iχɑːi_za_t͡sa_nɑːn_wɑːki_t͡sa_tɑː_d͡ʒədɑː,i χ ɑː i + z a + ts a + n ɑː n + w ɑː k i + ts a + t ɑː + dʒ ə d ɑː,,hindukush,,,^ i χ ɑːi _ z a _ t͡s a _ n ɑː n _ w ɑː k i _ t͡s a _ t ɑː _ d͡ʒ ə d ɑː $,default,
isk-Kinship-halfbrothersamemotherdifferentfather-1,,isk,Kinship-halfbrothersamemotherdifferentfather,vrɑːjiki t͡sa nɑːn wɑːki t͡sa nɑːn tɑː d͡ʒədɑː,vrɑːjiki_t͡sa_nɑːn_wɑːki_t͡sa_nɑːn_tɑː_d͡ʒədɑː,v r ɑː j i k i + ts a + n ɑː n + w ɑː k i + ts a + n ɑː n + t ɑː + dʒ ə d ɑː,,hindukush,,,^ v r ɑː j i k i _ t͡s a _ n ɑː n _ w ɑː k i _ t͡s a _ n ɑː n _ t ɑː _ d͡ʒ ə d ɑː $,default,
kls-Kinship-father-1,,kls,Kinship-father,daːda,daːda,d aː d a,,hindukush,,,^ d aː d a $,default,
kls-Kinship-mother-1,,kls,Kinship-mother,aːja,aːja,aː j a,,hindukush,,,^ aː j a $,default,
kls-Kinship-parent-1,,kls,Kinship-parent,"daːda ʒe aːja, nantat",daːda_ʒe_aːja,d aː d a + ʒ e + aː j a,,hindukush,,,^ d aː d a _ ʒ e _ aː j a $,default,
kls-Kinship-parent-2,,kls,Kinship-parent,"daːda ʒe aːja, nantat",nantat,n a n t a t,,hindukush,,,^ n a n t a t $,default,
kls-Kinship-son-1,,kls,Kinship-son,putr,putr,p u t r,,hindukush,,,^ p u t r $,default,
kls-Kinship-daughter-1,,kls,Kinship-daughter,t͡ʃʰu,t͡ʃʰu,tʃʰ u,,hindukush,,,^ t͡ʃʰ u $,default,
kls-Kinship-ownchild-1,,kls,Kinship-ownchild,maj aʒeːli,maj_aʒeːli,m a j + a ʒ eː l i,,hindukush,,,^ m a j _ a ʒ eː l i $,default,
kls-Kinship-brother-1,,kls,Kinship-brother,baja,baja,b a j a,,hindukush,,,^ b a j a $,default,
kls-Kinship-sister-1,,kls,Kinship-sister,baba,baba,b a b a,,hindukush,,,^ b a b a $,default,
kls-Kinship-olderbrother-1,,kls,Kinship-olderbrother,gaɖa bajas,gaɖa_bajas,g a ɖ a + b a j a s,,hindukush,,,^ g a ɖ a _ b a j a s $,default,
kls-Kinship-youngerbrother-1,,kls,Kinship-youngerbrother,t͡ʃʰuːʈjak baja,t͡ʃʰuːʈjak_baja,tʃʰ uː ʈ j a k + b a j a,,hindukush,,,^ t͡ʃʰ uː ʈ j a k _ b a j a $,default,
kls-Kinship-oldersister-1,,kls,Kinship-oldersister,gaɖa baba,gaɖa_baba,g a ɖ a + b a b a,,hindukush,,,^ g a ɖ a _ b a b a $,default,
kls-Kinship-youngersister-1,,kls,Kinship-youngersister,t͡ʃʰuːʈjak baba,t͡ʃʰuːʈjak_baba,tʃʰ uː ʈ j a k + b a b a,,hindukush,,,^ t͡ʃʰ uː ʈ j a k _ b a b a $,default,
kls-Kinship-fathersfather-1,,kls,Kinship-fathersfather,wawa,wawa,w a w a,,hindukush,,,^ w a w a $,default,
kls-Kinship-fathersmother-1,,kls,Kinship-fathersmother,awa,awa,a w a,,hindukush,,,^ a w a $,default,
kls-Kinship-mothersfather-1,,kls,Kinship-mothersfather,wawa,wawa,w a w a,,hindukush,,,^ w a w a $,default,
kls-Kinship-mothersmother-1,,kls,Kinship-mothersmother,awa,awa,a w a,,hindukush,,,^ a w a $,default,
kls-Kinship-sonsson-1,,kls,Kinship-sonsson,nawaw,nawaw,n a w a w,,hindukush,,,^ n a w a w $,default,
kls-Kinship-sonsdaughter-1,,kls,Kinship-sonsdaughter,nawaːlik,nawaːlik,n a w aː l i k,,hindukush,,,^ n a w aː l i k $,default,
kls-Kinship-daughtersson-1,,kls,Kinship-daughtersson,moaso,moaso,m o a s o,,hindukush,,,^ m oa s o $,default,
kls-Kinship-daughtersdaughter-1,,kls,Kinship-daughtersdaughter,iʃpoʃi,iʃpoʃi,i ʃ p o ʃ i,,hindukush,,,^ i ʃ p o ʃ i $,default,
kls-Kinship-fathersbrother-1,,kls,Kinship-fathersbrother,moːa,moːa,m oː a,,hindukush,,,^ m oːa $,default,
kls-Kinship-fathersolderbrother-1,,kls,Kinship-fathersolderbrother,gaɖa daːda,gaɖa_daːda,g a ɖ a + d aː d a,,hindukush,,,^ g a ɖ a _ d aː d a $,default,
kls-Kinship-fathersyoungerbrother-1,,kls,Kinship-fathersyoungerbrother,t͡ʃʰuːtjak daːda,t͡ʃʰuːtjak_daːda,tʃʰ uː t j a k + d aː d a,,hindukush,,,^ t͡ʃʰ uː t j a k _ d aː d a $,default,
kls-Kinship-fatherssister-1,,kls,Kinship-fatherssister,naːna,naːna,n aː n a,,hindukush,,,^ n aː n a $,default,
kls-Kinship-fathersoldersister-1,,kls,Kinship-fathersoldersister,gaɖa naːna,gaɖa_naːna,g a ɖ a + n aː n a,,hindukush,,,^ g a ɖ a _ n aː n a $,default,
kls-Kinship-fathersyoungersister-1,,kls,Kinship-fathersyoungersister,t͡ʃʰuːtjak naːna,t͡ʃʰuːtjak_naːna,tʃʰ uː t j a k + n aː n a,,hindukush,,,^ t͡ʃʰ uː t j a k _ n aː n a $,default,
kls-Kinship-mothersbrother-1,,kls,Kinship-mothersbrother,moːa,moːa,m oː a,,hindukush,,,^ m oːa $,default,
kls-Kinship-mothersolderbrother-1,,kls,Kinship-mothersolderbrother,gaɖeːrak moːa,gaɖeːrak_moːa,g a ɖ eː r a k + m oː a,,hindukush,,,^ g a ɖ eː r a k _ m oːa $,default,
kls-Kinship-mothersyoungerbrother-1,,kls,Kinship-mothersyoungerbrother,mat͡ʃumaːri moːa,mat͡ʃumaːri_moːa,m a tʃ u m aː r i + m oː a,,hindukush,,,^ m a t͡ʃ u m aː r i _ m oːa $,default,
kls-Kinship-motherssister-1,,kls,Kinship-motherssister,naːna,naːna,n aː n a,,hindukush,,,^ n aː n a $,default,
kls-Kinship-mothersoldersister-1,,kls,Kinship-mothersoldersister,gaɖa naːna,gaɖa_naːna,g a ɖ a + n aː n a,,hindukush,,,^ g a ɖ a _ n aː n a $,default,
kls-Kinship-mothersyoungersister-1,,kls,Kinship-mothersyoungersister,t͡ʃʰuːtjak naːna,t͡ʃʰuːtjak_naːna,tʃʰ uː t j a k + n aː n a,,hindukush,,,^ t͡ʃʰ uː t j a k _ n aː n a $,default,
kls-Kinship-brothersson-1,,kls,Kinship-brothersson,putr,putr,p u t r,,hindukush,,,^ p u t r $,default,
kls-Kinship-brothersdaughter-1,,kls,Kinship-brothersdaughter,t͡ʃʰuː,t͡ʃʰuː,tʃʰ uː,,hindukush,,,^ t͡ʃʰ uː $,default,
kls-Kinship-sistersson-1,,kls,Kinship-sistersson,moaso,moaso,m o a s o,,hindukush,,,^ m oa s o $,default,
kls-Kinship-sistersdaughter-1,,kls,Kinship-sistersdaughter,iʃpoʃi,iʃpoʃi,i ʃ p o ʃ i,,hindukush,,,^ i ʃ p o ʃ i $,default,
kls-Kinship-husband-1,,kls,Kinship-husband,beːru,beːru,b eː r u,,hindukush,,,^ b eː r u $,default,
kls-Kinship-wife-1,,kls,Kinship-wife,d͡ʒa,d͡ʒa,dʒ a,,hindukush,,,^ d͡ʒ a $,default,
kls-Kinship-fathersolderbrotherswife-1,,kls,Kinship-fathersolderbrotherswife,naːna,naːna,n aː n a,,hindukush,,,^ n aː n a $,default,
kls-Kinship-fathersyoungerbrotherswife-1,,kls,Kinship-fathersyoungerbrotherswife,naːna,naːna,n aː n a,,hindukush,,,^ n aː n a $,default,
kls-Kinship-fatherssistershusband-1,,kls,Kinship-fatherssistershusband,daduk,daduk,d a d u k,,hindukush,,,^ d a d u k $,default,
kls-Kinship-mothersbrotherswife-1,,kls,Kinship-mothersbrotherswife,bajaːja,bajaːja,b a j aː j a,,hindukush,,,^ b a j aː j a $,default,
kls-Kinship-motherssistershusband-1,,kls,Kinship-motherssistershusband,daduk,daduk,d a d u k,,hindukush,,,^ d a d u k $,default,
kls-Kinship-sonswife-1,,kls,Kinship-sonswife,bau,bau,b au,,hindukush,,,^ b au $,default,
kls-Kinship-daughtershusband-1,,kls,Kinship-daughtershusband,d͡ʒamow,d͡ʒamow,dʒ a m o w,,hindukush,,,^ d͡ʒ a m o w $,default,
kls-Kinship-brotherswifemaleego-1,,kls,Kinship-brotherswifemaleego,weːwaj,weːwaj,w eː w a j,,hindukush,,,^ w eː w a j $,default,
kls-Kinship-brotherswifefemaleego-1,,kls,Kinship-brotherswifefemaleego,pred͡ʒaj,pred͡ʒaj,p r e dʒ a j,,hindukush,,,^ p r e d͡ʒ a j $,default,
kls-Kinship-sistershusbandfemaleego-1,,kls,Kinship-sistershusbandfemaleego,d͡ʒamow,d͡ʒamow,dʒ a m o w,,hindukush,,,^ d͡ʒ a m o w $,default,
kls-Kinship-wifesfather-1,,kls,Kinship-wifesfather,iʃpaːʃur,iʃpaːʃur,i ʃ p aː ʃ u r,,hindukush,,,^ i ʃ p aː ʃ u r $,default,
kls-Kinship-wifesmother-1,,kls,Kinship-wifesmother,d͡ʒeʂʈaːli,d͡ʒeʂʈaːli,dʒ e ʂ ʈ aː l i,,hindukush,,,^ d͡ʒ e ʂ ʈ aː l i $,default,
kls-Kinship-husbandsfather-1,,kls,Kinship-husbandsfather,iʃpaːʃur,iʃpaːʃur,i ʃ p aː ʃ u r,,hindukush,,,^ i ʃ p aː ʃ u r $,default,
kls-Kinship-husbandsmother-1,,kls,Kinship-husbandsmother,ispres,ispres,i s p r e s,,hindukush,,,^ i s p r e s $,default,
kls-Kinship-husbandsbrother-1,,kls,Kinship-husbandsbrother,dijoːr,dijoːr,d i j oː r,,hindukush,,,^ d i j oː r $,default,
kls-Kinship-husbandssister-1,,kls,Kinship-husbandssister,d͡ʒoːmi,d͡ʒoːmi,dʒ oː m i,,hindukush,,,^ d͡ʒ oː m i $,default,
kls-Kinship-wifesbrother-1,,kls,Kinship-wifesbrother,weːwaj,weːwaj,w eː w a j,,hindukush,,,^ w eː w a j $,default,
kls-Kinship-wifessister-1,,kls,Kinship-wifessister,pred͡ʒaj,pred͡ʒaj,p r e dʒ a j,,hindukush,,,^ p r e d͡ʒ a j $,default,
kls-Kinship-husbandsbrotherswife-1,,kls,Kinship-husbandsbrotherswife,duroːju,duroːju,d u r oː j u,,hindukush,,,^ d u r oː j u $,default,
kls-Kinship-husbandssistershusband-1,,kls,Kinship-husbandssistershusband,baja,baja,b a j a,,hindukush,,,^ b a j a $,default,
kls-Kinship-wifesbrotherswife-1,,kls,Kinship-wifesbrotherswife,d͡ʒeʂʈaːli,d͡ʒeʂʈaːli,dʒ e ʂ ʈ aː l i,,hindukush,,,^ d͡ʒ e ʂ ʈ aː l i $,default,
kls-Kinship-cowife-1,,kls,Kinship-cowife,d͡ʒaːdi,d͡ʒaːdi,dʒ aː d i,,hindukush,,,^ d͡ʒ aː d i $,default,
kls-Kinship-sonswifesfather-1,,kls,Kinship-sonswifesfather,χaltabar,χaltabar,χ a l t a b a r,,hindukush,,,^ χ a l t a b a r $,default,
kls-Kinship-sonswifesmother-1,,kls,Kinship-sonswifesmother,χaltabar istriːʒa,χaltabar_istriːʒa,χ a l t a b a r + i s t r iː ʒ a,,hindukush,,,^ χ a l t a b a r _ i s t r iː ʒ a $,default,
kls-Kinship-daughtershusbandsfather-1,,kls,Kinship-daughtershusbandsfather,bilai,bilai,b i l ai,,hindukush,,,^ b i l ai $,default,
kls-Kinship-daughtershusbandsmother-1,,kls,Kinship-daughtershusbandsmother,χaltabar,χaltabar,χ a l t a b a r,,hindukush,,,^ χ a l t a b a r $,default,
kls-Kinship-stepmother-1,,kls,Kinship-stepmother,nanbeːli,nanbeːli,n a n b eː l i,,hindukush,,,^ n a n b eː l i $,default,
kls-Kinship-fathersfathersfather-1,,kls,Kinship-fathersfathersfather,paːr waːwa,paːr_waːwa,p aː r + w aː w a,,hindukush,,,^ p aː r _ w aː w a $,default,
kls-Kinship-mothersmothersmother-1,,kls,Kinship-mothersmothersmother,paːr aːwa,paːr_aːwa,p aː r + aː w a,,hindukush,,,^ p aː r _ aː w a $,default,
kls-Kinship-forefather-1,,kls,Kinship-forefather,t͡ʃimbar waːwa,t͡ʃimbar_waːwa,tʃ i m b a r + w aː w a,,hindukush,,,^ t͡ʃ i m b a r _ w aː w a $,default,
kls-Kinship-foremother-1,,kls,Kinship-foremother,t͡ʃimbar aːwa,t͡ʃimbar_aːwa,tʃ i m b a r + aː w a,,hindukush,,,^ t͡ʃ i m b a r _ aː w a $,default,
kls-Kinship-fathersbrothersson-1,,kls,Kinship-fathersbrothersson,baja,baja,b a j a,,hindukush,,,^ b a j a $,default,
kls-Kinship-fathersbrothersdaughter-1,,kls,Kinship-fathersbrothersdaughter,baba,baba,b a b a,,hindukush,,,^ b a b a $,default,
kls-Kinship-fatherssistersson-1,,kls,Kinship-fatherssistersson,baja,baja,b a j a,,hindukush,,,^ b a j a $,default,
kls-Kinship-fatherssistersdaughter-1,,kls,Kinship-fatherssistersdaughter,baba,baba,b a b a,,hindukush,,,^ b a b a $,default,
kls-Kinship-mothersbrothersson-1,,kls,Kinship-mothersbrothersson,baja,baja,b a j a,,hindukush,,,^ b a j a $,default,
kls-Kinship-relative-1,,kls,Kinship-relative,"riʃtadar, d͡ʒaːmiliʃiːr",riʃtadar,r i ʃ t a d a r,,hindukush,,,^ r i ʃ t a d a r $,default,
kls-Kinship-relative-2,,kls,Kinship-relative,"riʃtadar, d͡ʒaːmiliʃiːr",d͡ʒaːmiliʃiːr,dʒ aː m i l i ʃ iː r,,hindukush,,,^ d͡ʒ aː m i l i ʃ iː r $,default,
kls-Kinship-bloodrelative-1,,kls,Kinship-bloodrelative,lujaːni riʃtadar,lujaːni_riʃtadar,l u j aː n i + r i ʃ t a d a r,,hindukush,,,^ l u j aː n i _ r i ʃ t a d a r $,default,
kls-Kinship-wifesrelatives-1,,kls,Kinship-wifesrelatives,iʃpaːʃur balo,iʃpaːʃur_balo,i ʃ p aː ʃ u r + b a l o,,hindukush,,,^ i ʃ p aː ʃ u r _ b a l o $,default,
kls-Kinship-headofhousehold-1,,kls,Kinship-headofhousehold,duraj maɖiːri,duraj_maɖiːri,d u r a j + m a ɖ iː r i,,hindukush,,,^ d u r a j _ m a ɖ iː r i $,default,
kls-Kinship-headofclan-1,,kls,Kinship-headofclan,gaɖeːrak,gaɖeːrak,g a ɖ eː r a k,,hindukush,,,^ g a ɖ eː r a k $,default,
kls-Kinship-headoftribe-1,,kls,Kinship-headoftribe,qazi,qazi,q a z i,,hindukush,,,^ q a z i $,default,
xka-Kinship-father-1,,xka,Kinship-father,"bʰab, mʰaːl",bʰab,bʰ a b,,hindukush,,,^ bʰ a b $,default,
xka-Kinship-father-2,,xka,Kinship-father,"bʰab, mʰaːl",mʰaːl,mʰ aː l,,hindukush,,,^ mʰ aː l $,default,
xka-Kinship-mother-1,,xka,Kinship-mother,"jeh, mʰeːl",jeh,j e h,,hindukush,,,^ j e h $,default,
xka-Kinship-mother-2,,xka,Kinship-mother,"jeh, mʰeːl",mʰeːl,mʰ eː l,,hindukush,,,^ mʰ eː l $,default,
xka-Kinship-parent-1,,xka,Kinship-parent,jeh teː bʰab,jeh_teː_bʰab,j e h + t eː + bʰ a b,,hindukush,,,^ j e h _ t eː _ bʰ a b $,default,
xka-Kinship-son-1,,xka,Kinship-son,pʰuː,pʰuː,pʰ uː,,hindukush,,,^ pʰ uː $,default,
xka-Kinship-daughter-1,,xka,Kinship-daughter,"pʰeː, diː",pʰeː,pʰ eː,,hindukush,,,^ pʰ eː $,default,
xka-Kinship-daughter-2,,xka,Kinship-daughter,"pʰeː, diː",diː,d iː,,hindukush,,,^ d iː $,default,
xka-Kinship-ownchild-1,,xka,Kinship-ownchild,tani laɽkor,tani_laɽkor,t a n i + l a ɽ k o r,,hindukush,,,^ t a n i _ l a ɽ k o r $,default,
xka-Kinship-brother-1,,xka,Kinship-brother,drah,drah,d r a h,,hindukush,,,^ d r a h $,default,
xka-Kinship-sister-1,,xka,Kinship-sister,bãːʔn̥,bãːʔn̥,b ãː ʔ n̥,,hindukush,,,^ b ãː ʔ n̥ $,default,
xka-Kinship-olderbrother-1,,xka,Kinship-olderbrother,gan drah,gan_drah,g a n + d r a h,,hindukush,,,^ g a n _ d r a h $,default,
xka-Kinship-youngerbrother-1,,xka,Kinship-youngerbrother,log drah,log_drah,l o g + d r a h,,hindukush,,,^ l o g _ d r a h $,default,
xka-Kinship-oldersister-1,,xka,Kinship-oldersister,geːn baːn,geːn_baːn,g eː n + b aː n,,hindukush,,,^ g eː n _ b aː n $,default,
xka-Kinship-youngersister-1,,xka,Kinship-youngersister,leːg baːn,leːg_baːn,l eː g + b aː n,,hindukush,,,^ l eː g _ b aː n $,default,
xka-Kinship-fathersfather-1,,xka,Kinship-fathersfather,daːd,daːd,d aː d,,hindukush,,,^ d aː d $,default,
xka-Kinship-fathersmother-1,,xka,Kinship-fathersmother,deːd,deːd,d eː d,,hindukush,,,^ d eː d $,default,
xka-Kinship-mothersfather-1,,xka,Kinship-mothersfather,maːm,maːm,m aː m,,hindukush,,,^ m aː m $,default,
xka-Kinship-mothersmother-1,,xka,Kinship-mothersmother,meːm,meːm,m eː m,,hindukush,,,^ m eː m $,default,
xka-Kinship-sonsson-1,,xka,Kinship-sonsson,"poːtʰ, nuseː",poːtʰ,p oː tʰ,,hindukush,,,^ p oː tʰ $,default,
xka-Kinship-sonsson-2,,xka,Kinship-sonsson,"poːtʰ, nuseː",nuseː,n u s eː,,hindukush,,,^ n u s eː $,default,
xka-Kinship-sonsdaughter-1,,xka,Kinship-sonsdaughter,"peːtʰ, nuseː",peːtʰ,p eː tʰ,,hindukush,,,^ p eː tʰ $,default,
xka-Kinship-sonsdaughter-2,,xka,Kinship-sonsdaughter,"peːtʰ, nuseː",nuseː,n u s eː,,hindukush,,,^ n u s eː $,default,
xka-Kinship-daughtersson-1,,xka,Kinship-daughtersson,duːr,duːr,d uː r,,hindukush,,,^ d uː r $,default,
xka-Kinship-daughtersdaughter-1,,xka,Kinship-daughtersdaughter,diːr,diːr,d iː r,,hindukush,,,^ d iː r $,default,
xka-Kinship-fathersbrother-1,,xka,Kinship-fathersbrother,pitri,pitri,p i t r i,,hindukush,,,^ p i t r i $,default,
xka-Kinship-fathersolderbrother-1,,xka,Kinship-fathersolderbrother,gan bʰab,gan_bʰab,g a n + bʰ a b,,hindukush,,,^ g a n _ bʰ a b $,default,
xka-Kinship-fathersyoungerbrother-1,,xka,Kinship-fathersyoungerbrother,lukuʈ bʰab,lukuʈ_bʰab,l u k u ʈ + bʰ a b,,hindukush,,,^ l u k u ʈ _ bʰ a b $,default,
xka-Kinship-fatherssister-1,,xka,Kinship-fatherssister,pʰeːp,pʰeːp,pʰ eː p,,hindukush,,,^ pʰ eː p $,default,
xka-Kinship-fathersoldersister-1,,xka,Kinship-fathersoldersister,geːn pʰeːp,geːn_pʰeːp,g eː n + pʰ eː p,,hindukush,,,^ g eː n _ pʰ eː p $,default,
xka-Kinship-fathersyoungersister-1,,xka,Kinship-fathersyoungersister,likiʈ pʰeːp,likiʈ_pʰeːp,l i k i ʈ + pʰ eː p,,hindukush,,,^ l i k i ʈ _ pʰ eː p $,default,
xka-Kinship-mothersbrother-1,,xka,Kinship-mothersbrother,moːl,moːl,m oː l,,hindukush,,,^ m oː l $,default,
xka-Kinship-mothersolderbrother-1,,xka,Kinship-mothersolderbrother,gan moːl,gan_moːl,g a n + m oː l,,hindukush,,,^ g a n _ m oː l $,default,
xka-Kinship-mothersyoungerbrother-1,,xka,Kinship-mothersyoungerbrother,log moːl,log_moːl,l o g + m oː l,,hindukush,,,^ l o g _ m oː l $,default,
xka-Kinship-motherssister-1,,xka,Kinship-motherssister,meːʃ,meːʃ,m eː ʃ,,hindukush,,,^ m eː ʃ $,default,
xka-Kinship-mothersoldersister-1,,xka,Kinship-mothersoldersister,geːn meːʃ,geːn_meːʃ,g eː n + m eː ʃ,,hindukush,,,^ g eː n _ m eː ʃ $,default,
xka-Kinship-mothersyoungersister-1,,xka,Kinship-mothersyoungersister,leːg meːʃ,leːg_meːʃ,l eː g + m eː ʃ,,hindukush,,,^ l eː g _ m eː ʃ $,default,
xka-Kinship-brothersson-1,,xka,Kinship-brothersson,drʰuːt,drʰuːt,d rʰ uː t,,hindukush,,,^ d rʰ uː t $,default,
xka-Kinship-brothersdaughter-1,,xka,Kinship-brothersdaughter,"drʰiːt, draːdi",drʰiːt,d rʰ iː t,,hindukush,,,^ d rʰ iː t $,default,
xka-Kinship-brothersdaughter-2,,xka,Kinship-brothersdaughter,"drʰiːt, draːdi",draːdi,d r aː d i,,hindukush,,,^ d r aː d i $,default,
xka-Kinship-sistersson-1,,xka,Kinship-sistersson,χoreː,χoreː,χ o r eː,,hindukush,,,^ χ o r eː $,default,
xka-Kinship-sistersdaughter-1,,xka,Kinship-sistersdaughter,χoreːr,χoreːr,χ o r eː r,,hindukush,,,^ χ o r eː r $,default,
xka-Kinship-husband-1,,xka,Kinship-husband,barah,barah,b a r a h,,hindukush,,,^ b a r a h $,default,
xka-Kinship-wife-1,,xka,Kinship-wife,kʰama,kʰama,kʰ a m a,,hindukush,,,^ kʰ a m a $,default,
xka-Kinship-fathersolderbrotherswife-1,,xka,Kinship-fathersolderbrotherswife,geːn jeh,geːn_jeh,g eː n + j e h,,hindukush,,,^ g eː n _ j e h $,default,
xka-Kinship-fathersyoungerbrotherswife-1,,xka,Kinship-fathersyoungerbrotherswife,likiʈ jeh,likiʈ_jeh,l i k i ʈ + j e h,,hindukush,,,^ l i k i ʈ _ j e h $,default,
xka-Kinship-fatherssistershusband-1,,xka,Kinship-fatherssistershusband,pʰaːp,pʰaːp,pʰ aː p,,hindukush,,,^ pʰ aː p $,default,
xka-Kinship-mothersbrotherswife-1,,xka,Kinship-mothersbrotherswife,muleːn,muleːn,m u l eː n,,hindukush,,,^ m u l eː n $,default,
xka-Kinship-motherssistershusband-1,,xka,Kinship-motherssistershusband,"maːʃ, jieːl",maːʃ,m aː ʃ,,hindukush,,,^ m aː ʃ $,default,
xka-Kinship-motherssistershusband-2,,xka,Kinship-motherssistershusband,"maːʃ, jieːl",jieːl,j i eː l,,hindukush,,,^ j ieː l $,default,
xka-Kinship-sonswife-1,,xka,Kinship-sonswife,bʰoː,bʰoː,bʰ oː,,hindukush,,,^ bʰ oː $,default,
xka-Kinship-daughtershusband-1,,xka,Kinship-daughtershusband,d͡ʒaːmaːt,d͡ʒaːmaːt,dʒ aː m aː t,,hindukush,,,^ d͡ʒ aː m aː t $,default,
xka-Kinship-brotherswifemaleego-1,,xka,Kinship-brotherswifemaleego,draːd͡ʒeː,draːd͡ʒeː,d r aː dʒ eː,,hindukush,,,^ d r aː d͡ʒ eː $,default,
xka-Kinship-wifesfather-1,,xka,Kinship-wifesfather,ʃoːr,ʃoːr,ʃ oː r,,hindukush,,,^ ʃ oː r $,default,
xka-Kinship-wifesmother-1,,xka,Kinship-wifesmother,iːr peʂ,iːr_peʂ,iː r + p e ʂ,,hindukush,,,^ iː r _ p e ʂ $,default,
xka-Kinship-husbandsfather-1,,xka,Kinship-husbandsfather,ʃoːr,ʃoːr,ʃ oː r,,hindukush,,,^ ʃ oː r $,default,
xka-Kinship-husbandsmother-1,,xka,Kinship-husbandsmother,iːr peʂ,iːr_peʂ,iː r + p e ʂ,,hindukush,,,^ iː r _ p e ʂ $,default,
xka-Kinship-husbandsbrother-1,,xka,Kinship-husbandsbrother,daːr,daːr,d aː r,,hindukush,,,^ d aː r $,default,
xka-Kinship-husbandssister-1,,xka,Kinship-husbandssister,d͡ʒeːmel,d͡ʒeːmel,dʒ eː m e l,,hindukush,,,^ d͡ʒ eː m e l $,default,
xka-Kinship-wifesbrother-1,,xka,Kinship-wifesbrother,ʃa͡ir,ʃa͡ir,ʃ aɪ r,,hindukush,,,^ ʃ a͡i r $,default,
xka-Kinship-wifessister-1,,xka,Kinship-wifessister,saːreːn,saːreːn,s aː r eː n,,hindukush,,,^ s aː r eː n $,default,
xka-Kinship-husbandsbrotherswife-1,,xka,Kinship-husbandsbrotherswife,draːd͡ʒeː,draːd͡ʒeː,d r aː dʒ eː,,hindukush,,,^ d r aː d͡ʒ eː $,default,
xka-Kinship-husbandssistershusband-1,,xka,Kinship-husbandssistershusband,d͡ʒaːmaːt,d͡ʒaːmaːt,dʒ aː m aː t,,hindukush,,,^ d͡ʒ aː m aː t $,default,
xka-Kinship-wifesbrotherswife-1,,xka,Kinship-wifesbrotherswife,ʃa͡ir treːr,ʃa͡ir_treːr,ʃ aɪ r + t r eː r,,hindukush,,,^ ʃ a͡i r _ t r eː r $,default,
xka-Kinship-cowife-1,,xka,Kinship-cowife,saːraːn,saːraːn,s aː r aː n,,hindukush,,,^ s aː r aː n $,default,
xka-Kinship-sonswifesfather-1,,xka,Kinship-sonswifesfather,d͡ʒaːmaːt,d͡ʒaːmaːt,dʒ aː m aː t,,hindukush,,,^ d͡ʒ aː m aː t $,default,
xka-Kinship-sonswifesmother-1,,xka,Kinship-sonswifesmother,naːtr,naːtr,n aː t r,,hindukush,,,^ n aː t r $,default,
xka-Kinship-daughtershusbandsfather-1,,xka,Kinship-daughtershusbandsfather,natriːn*,natriːn*,n a t r iː n,,hindukush,,,^ n a t r iː n * $,default,
xka-Kinship-daughtershusbandsmother-1,,xka,Kinship-daughtershusbandsmother,naːtr,naːtr,n aː t r,,hindukush,,,^ n aː t r $,default,
xka-Kinship-stepsisternosharedparent-1,,xka,Kinship-stepsisternosharedparent,natriːn,natriːn,n a t r iː n,,hindukush,,,^ n a t r iː n $,default,
xka-Kinship-stepbrothernosharedparent-1,,xka,Kinship-stepbrothernosharedparent,aχrat baːn,aχrat_baːn,a χ r a t + b aː n,,hindukush,,,^ a χ r a t _ b aː n $,default,
xka-Kinship-stepmother-1,,xka,Kinship-stepmother,aχrat draː,aχrat_draː,a χ r a t + d r aː,,hindukush,,,^ a χ r a t _ d r aː $,default,
xka-Kinship-stepfather-1,,xka,Kinship-stepfather,dieːr jeh,dieːr_jeh,d i eː r + j e h,,hindukush,,,^ d ieː r _ j e h $,default,
xka-Kinship-stepson-1,,xka,Kinship-stepson,dioːr bʰab,dioːr_bʰab,d i oː r + bʰ a b,,hindukush,,,^ d ioː r _ bʰ a b $,default,
xka-Kinship-stepdaughter-1,,xka,Kinship-stepdaughter,dioːr puː,dioːr_puː,d i oː r + p uː,,hindukush,,,^ d ioː r _ p uː $,default,
xka-Kinship-fathersfathersfather-1,,xka,Kinship-fathersfathersfather,dieːr,dieːr,d i eː r,,hindukush,,,^ d ieː r $,default,
xka-Kinship-mothersmothersmother-1,,xka,Kinship-mothersmothersmother,pardaːd,pardaːd,p a r d aː d,,hindukush,,,^ p a r d aː d $,default,
xka-Kinship-forefather-1,,xka,Kinship-forefather,pardeːd,pardeːd,p a r d eː d,,hindukush,,,^ p a r d eː d $,default,
xka-Kinship-foremother-1,,xka,Kinship-foremother,bʰab daːd,bʰab_daːd,bʰ a b + d aː d,,hindukush,,,^ bʰ a b _ d aː d $,default,
xka-Kinship-fathersbrothersson-1,,xka,Kinship-fathersbrothersson,pitriː puː,pitriː_puː,p i t r iː + p uː,,hindukush,,,^ p i t r iː _ p uː $,default,
xka-Kinship-fathersbrothersdaughter-1,,xka,Kinship-fathersbrothersdaughter,pitriː peː,pitriː_peː,p i t r iː + p eː,,hindukush,,,^ p i t r iː _ p eː $,default,
xka-Kinship-fatherssistersson-1,,xka,Kinship-fatherssistersson,pʰeːp puː,pʰeːp_puː,pʰ eː p + p uː,,hindukush,,,^ pʰ eː p _ p uː $,default,
xka-Kinship-fatherssistersdaughter-1,,xka,Kinship-fatherssistersdaughter,pʰeːp peː,pʰeːp_peː,pʰ eː p + p eː,,hindukush,,,^ pʰ eː p _ p eː $,default,
xka-Kinship-mothersbrothersson-1,,xka,Kinship-mothersbrothersson,moːl puː,moːl_puː,m oː l + p uː,,hindukush,,,^ m oː l _ p uː $,default,
xka-Kinship-mothersbrothersdaughter-1,,xka,Kinship-mothersbrothersdaughter,moːl peː,moːl_peː,m oː l + p eː,,hindukush,,,^ m oː l _ p eː $,default,
xka-Kinship-motherssistersson-1,,xka,Kinship-motherssistersson,meːʃ puː,meːʃ_puː,m eː ʃ + p uː,,hindukush,,,^ m eː ʃ _ p uː $,default,
xka-Kinship-motherssistersdaughter-1,,xka,Kinship-motherssistersdaughter,meːʃ peː,meːʃ_peː,m eː ʃ + p eː,,hindukush,,,^ m eː ʃ _ p eː $,default,
xka-Kinship-affinalrelative-1,,xka,Kinship-affinalrelative,"tani, aʁrabaːr",tani,t a n i,,hindukush,,,^ t a n i $,default,
xka-Kinship-affinalrelative-2,,xka,Kinship-affinalrelative,"tani, aʁrabaːr",aʁrabaːr,a ʁ r a b aː r,,hindukush,,,^ a ʁ r a b aː r $,default,
xka-Kinship-bloodrelative-1,,xka,Kinship-bloodrelative,rat tani waːl,rat_tani_waːl,r a t + t a n i + w aː l,,hindukush,,,^ r a t _ t a n i _ w aː l $,default,
xka-Kinship-wifesrelatives-1,,xka,Kinship-wifesrelatives,ʃoːrʃairaːl,ʃoːrʃairaːl,ʃ oː r ʃ ai r aː l,,hindukush,,,^ ʃ oː rʃ ai r aː l $,default,
xka-Kinship-headofhousehold-1,,xka,Kinship-headofhousehold,ʃiː gan,ʃiː_gan,ʃ iː + g a n,,hindukush,,,^ ʃ iː _ g a n $,default,
xka-Kinship-headofclan-1,,xka,Kinship-headofclan,mlik,mlik,m l i k,,hindukush,,,^ m l i k $,default,
xka-Kinship-headoftribe-1,,xka,Kinship-headoftribe,duːm gan,duːm_gan,d uː m + g a n,,hindukush,,,^ d uː m _ g a n $,default,
xka-Kinship-halfsistersamefatherdifferentmother-1,,xka,Kinship-halfsistersamefatherdifferentmother,bʰab d͡ʒah,bʰab_d͡ʒah,bʰ a b + dʒ a h,,hindukush,,,^ bʰ a b _ d͡ʒ a h $,default,
xka-Kinship-halfbrothersamefatherdifferentmother-1,,xka,Kinship-halfbrothersamefatherdifferentmother,bʰab d͡ʒah,bʰab_d͡ʒah,bʰ a b + dʒ a h,,hindukush,,,^ bʰ a b _ d͡ʒ a h $,default,
xka-Kinship-halfsistersamemotherdifferentfather-1,,xka,Kinship-halfsistersamemotherdifferentfather,jeh d͡ʒeː,jeh_d͡ʒeː,j e h + dʒ eː,,hindukush,,,^ j e h _ d͡ʒ eː $,default,
xka-Kinship-halfbrothersamemotherdifferentfather-1,,xka,Kinship-halfbrothersamemotherdifferentfather,jeh d͡ʒeː,jeh_d͡ʒeː,j e h + dʒ eː,,hindukush,,,^ j e h _ d͡ʒ eː $,default,
xvi-Kinship-father-1,,xvi,Kinship-father,toːt,toːt,t oː t,,hindukush,,,^ t oː t $,default,
xvi-Kinship-mother-1,,xvi,Kinship-mother,nuː,nuː,n uː,,hindukush,,,^ n uː $,default,
xvi-Kinship-parent-1,,xvi,Kinship-parent,nuː toːt,nuː_toːt,n uː + t oː t,,hindukush,,,^ n uː _ t oː t $,default,
xvi-Kinship-son-1,,xvi,Kinship-son,aːɽiː,aːɽiː,aː ɽ iː,,hindukush,,,^ aː ɽ iː $,default,
xvi-Kinship-daughter-1,,xvi,Kinship-daughter,d͡ʒuk,d͡ʒuk,dʒ u k,,hindukush,,,^ d͡ʒ u k $,default,
xvi-Kinship-ownchild-1,,xvi,Kinship-ownchild,parmə,parmə,p a r m ə,,hindukush,,,^ p a r m ə $,default,
xvi-Kinship-brother-1,,xvi,Kinship-brother,bɻoː,bɻoː,b ɻ oː,,hindukush,,,^ b ɻ oː $,default,
xvi-Kinship-sister-1,,xvi,Kinship-sister,sus,sus,s u s,,hindukush,,,^ s u s $,default,
xvi-Kinship-olderbrother-1,,xvi,Kinship-olderbrother,d͡ʒeʂt bɻoː,d͡ʒeʂt_bɻoː,dʒ e ʂ t + b ɻ oː,,hindukush,,,^ d͡ʒ e ʂ t _ b ɻ oː $,default,
xvi-Kinship-youngerbrother-1,,xvi,Kinship-youngerbrother,kaːʂtə bɻoː,kaːʂtə_bɻoː,k aː ʂ t ə + b ɻ oː,,hindukush,,,^ k aː ʂ t ə _ b ɻ oː $,default,
xvi-Kinship-oldersister-1,,xvi,Kinship-oldersister,d͡ʒeʂti sus,d͡ʒeʂti_sus,dʒ e ʂ t i + s u s,,hindukush,,,^ d͡ʒ e ʂ t i _ s u s $,default,
xvi-Kinship-youngersister-1,,xvi,Kinship-youngersister,kaːʂti sus,kaːʂti_sus,k aː ʂ t i + s u s,,hindukush,,,^ k aː ʂ t i _ s u s $,default,
xvi-Kinship-fathersfather-1,,xvi,Kinship-fathersfather,woː,woː,w oː,,hindukush,,,^ w oː $,default,
xvi-Kinship-fathersmother-1,,xvi,Kinship-fathersmother,wajiː,wajiː,w a j iː,,hindukush,,,^ w a j iː $,default,
xvi-Kinship-mothersfather-1,,xvi,Kinship-mothersfather,toːt poːru wajiː,toːt_poːru_wajiː,t oː t + p oː r u + w a j iː,,hindukush,,,^ t oː t _ p oː r u _ w a j iː $,default,
xvi-Kinship-mothersmother-1,,xvi,Kinship-mothersmother,nuː poːru wajiː,nuː_poːru_wajiː,n uː + p oː r u + w a j iː,,hindukush,,,^ n uː _ p oː r u _ w a j iː $,default,
xvi-Kinship-sonsson-1,,xvi,Kinship-sonsson,aːɽiː poːru nawiː,aːɽiː_poːru_nawiː,aː ɽ iː + p oː r u + n a w iː,,hindukush,,,^ aː ɽ iː _ p oː r u _ n a w iː $,default,
xvi-Kinship-sonsdaughter-1,,xvi,Kinship-sonsdaughter,"peːtrəs stə d͡ʒuk, nut",peːtrəs_stə_d͡ʒuk,p eː t r ə s + s t ə + dʒ u k,,hindukush,,,^ p eː t r ə s _ s t ə _ d͡ʒ u k $,default,
xvi-Kinship-sonsdaughter-2,,xvi,Kinship-sonsdaughter,"peːtrəs stə d͡ʒuk, nut",nut,n u t,,hindukush,,,^ n u t $,default,
xvi-Kinship-daughtersson-1,,xvi,Kinship-daughtersson,d͡ʒuk poːru nawoː,d͡ʒuk_poːru_nawoː,dʒ u k + p oː r u + n a w oː,,hindukush,,,^ d͡ʒ u k _ p oː r u _ n a w oː $,default,
xvi-Kinship-daughtersdaughter-1,,xvi,Kinship-daughtersdaughter,"d͡ʒuk stə d͡ʒuk, nut",d͡ʒuk_stə_d͡ʒuk,dʒ u k + s t ə + dʒ u k,,hindukush,,,^ d͡ʒ u k _ s t ə _ d͡ʒ u k $,default,
xvi-Kinship-daughtersdaughter-2,,xvi,Kinship-daughtersdaughter,"d͡ʒuk stə d͡ʒuk, nut",nut,n u t,,hindukush,,,^ n u t $,default,
xvi-Kinship-fathersbrother-1,,xvi,Kinship-fathersbrother,"kaːʂtoːt, d͡ʒeʂtoːt",kaːʂtoːt,k aː ʂ t oː t,,hindukush,,,^ k aː ʂ t oː t $,default,
xvi-Kinship-fathersbrother-2,,xvi,Kinship-fathersbrother,"kaːʂtoːt, d͡ʒeʂtoːt",d͡ʒeʂtoːt,dʒ e ʂ t oː t,,hindukush,,,^ d͡ʒ e ʂ t oː t $,default,
xvi-Kinship-fathersolderbrother-1,,xvi,Kinship-fathersolderbrother,d͡ʒeʂtoːt,d͡ʒeʂtoːt,dʒ e ʂ t oː t,,hindukush,,,^ d͡ʒ e ʂ t oː t $,default,
xvi-Kinship-fathersyoungerbrother-1,,xvi,Kinship-fathersyoungerbrother,kaːʂtoːt,kaːʂtoːt,k aː ʂ t oː t,,hindukush,,,^ k aː ʂ t oː t $,default,
xvi-Kinship-fatherssister-1,,xvi,Kinship-fatherssister,kaːʂti nu d͡ʒeɽnu toːt poːru,kaːʂti_nu_d͡ʒeɽnu_toːt_poːru,k aː ʂ t i + n u + dʒ e ɽ n u + t oː t + p oː r u,,hindukush,,,^ k aː ʂ t i _ n u _ d͡ʒ e ɽ n u _ t oː t _ p oː r u $,default,
xvi-Kinship-fathersoldersister-1,,xvi,Kinship-fathersoldersister,d͡ʒeɽnu toːt poːru,d͡ʒeɽnu_toːt_poːru,dʒ e ɽ n u + t oː t + p oː r u,,hindukush,,,^ d͡ʒ e ɽ n u _ t oː t _ p oː r u $,default,
xvi-Kinship-fathersyoungersister-1,,xvi,Kinship-fathersyoungersister,kaːʂti toːt poːru,kaːʂti_toːt_poːru,k aː ʂ t i + t oː t + p oː r u,,hindukush,,,^ k aː ʂ t i _ t oː t _ p oː r u $,default,
xvi-Kinship-mothersbrother-1,,xvi,Kinship-mothersbrother,mam gilə,mam_gilə,m a m + g i l ə,,hindukush,,,^ m a m _ g i l ə $,default,
xvi-Kinship-mothersolderbrother-1,,xvi,Kinship-mothersolderbrother,d͡ʒeʂtə mam,d͡ʒeʂtə_mam,dʒ e ʂ t ə + m a m,,hindukush,,,^ d͡ʒ e ʂ t ə _ m a m $,default,
xvi-Kinship-mothersyoungerbrother-1,,xvi,Kinship-mothersyoungerbrother,kaːʂtə mam,kaːʂtə_mam,k aː ʂ t ə + m a m,,hindukush,,,^ k aː ʂ t ə _ m a m $,default,
xvi-Kinship-motherssister-1,,xvi,Kinship-motherssister,nuː poːru d͡ʒeɽnu kaːʂtinu,nuː_poːru_d͡ʒeɽnu_kaːʂtinu,n uː + p oː r u + dʒ e ɽ n u + k aː ʂ t i n u,,hindukush,,,^ n uː _ p oː r u _ d͡ʒ e ɽ n u _ k aː ʂ t i n u $,default,
xvi-Kinship-mothersoldersister-1,,xvi,Kinship-mothersoldersister,d͡ʒeɽnu nuː poːru,d͡ʒeɽnu_nuː_poːru,dʒ e ɽ n u + n uː + p oː r u,,hindukush,,,^ d͡ʒ e ɽ n u _ n uː _ p oː r u $,default,
xvi-Kinship-mothersyoungersister-1,,xvi,Kinship-mothersyoungersister,kaːʂtinu nuː poːru,kaːʂtinu_nuː_poːru,k aː ʂ t i n u + n uː + p oː r u,,hindukush,,,^ k aː ʂ t i n u _ n uː _ p oː r u $,default,
xvi-Kinship-brothersson-1,,xvi,Kinship-brothersson,"orth: bɻaː guːɽ, audio: bɻoː ɻu",orth:_bɻaː_guːɽ,o r tʰː + b ɻ aː + g uː ɽ,,hindukush,,,^ o r th: _ b ɻ aː _ g uː ɽ $,default,
xvi-Kinship-brothersson-2,,xvi,Kinship-brothersson,"orth: bɻaː guːɽ, audio: bɻoː ɻu",audio:_bɻoː_ɻu,au d i oː + b ɻ oː + ɻ u,,hindukush,,,^ au d io: _ b ɻ oː _ ɻ u $,default,
xvi-Kinship-brothersdaughter-1,,xvi,Kinship-brothersdaughter,bɻoː d͡ʒi,bɻoː_d͡ʒi,b ɻ oː + dʒ i,,hindukush,,,^ b ɻ oː _ d͡ʒ i $,default,
xvi-Kinship-sistersson-1,,xvi,Kinship-sistersson,ʃap ʃi,ʃap_ʃi,ʃ a p + ʃ i,,hindukush,,,^ ʃ a p _ ʃ i $,default,
xvi-Kinship-sistersdaughter-1,,xvi,Kinship-sistersdaughter,ʃap ʃi,ʃap_ʃi,ʃ a p + ʃ i,,hindukush,,,^ ʃ a p _ ʃ i $,default,
xvi-Kinship-husband-1,,xvi,Kinship-husband,moːt͡ʃ,moːt͡ʃ,m oː tʃ,,hindukush,,,^ m oː t͡ʃ $,default,
xvi-Kinship-wife-1,,xvi,Kinship-wife,ʃtriː,ʃtriː,ʃ t r iː,,hindukush,,,^ ʃ t r iː $,default,
xvi-Kinship-fathersolderbrotherswife-1,,xvi,Kinship-fathersolderbrotherswife,d͡ʒeʂtoːt ʃtriːz,d͡ʒeʂtoːt_ʃtriːz,dʒ e ʂ t oː t + ʃ t r iː z,,hindukush,,,^ d͡ʒ e ʂ t oː t _ ʃ t r iː z $,default,
xvi-Kinship-fathersyoungerbrotherswife-1,,xvi,Kinship-fathersyoungerbrotherswife,kaːʂtoːt ʃtriːz,kaːʂtoːt_ʃtriːz,k aː ʂ t oː t + ʃ t r iː z,,hindukush,,,^ k aː ʂ t oː t _ ʃ t r iː z $,default,
xvi-Kinship-fatherssistershusband-1,,xvi,Kinship-fatherssistershusband,toːt poːru d͡ʒeɽnu moːt͡ʃiːz,toːt_poːru_d͡ʒeɽnu_moːt͡ʃiːz,t oː t + p oː r u + dʒ e ɽ n u + m oː tʃ iː z,,hindukush,,,^ t oː t _ p oː r u _ d͡ʒ e ɽ n u _ m oː t͡ʃ iː z $,default,
xvi-Kinship-mothersbrotherswife-1,,xvi,Kinship-mothersbrotherswife,mam ʃtriːz,mam_ʃtriːz,m a m + ʃ t r iː z,,hindukush,,,^ m a m _ ʃ t r iː z $,default,
xvi-Kinship-motherssistershusband-1,,xvi,Kinship-motherssistershusband,nuː poːru d͡ʒeɽnu moːt͡ʃiːz,nuː_poːru_d͡ʒeɽnu_moːt͡ʃiːz,n uː + p oː r u + dʒ e ɽ n u + m oː tʃ iː z,,hindukush,,,^ n uː _ p oː r u _ d͡ʒ e ɽ n u _ m oː t͡ʃ iː z $,default,
xvi-Kinship-sonswife-1,,xvi,Kinship-sonswife,uː,uː,uː,,hindukush,,,^ uː $,default,
xvi-Kinship-daughtershusband-1,,xvi,Kinship-daughtershusband,zamoː,zamoː,z a m oː,,hindukush,,,^ z a m oː $,default,
xvi-Kinship-brotherswifemaleego-1,,xvi,Kinship-brotherswifemaleego,moːt͡ʃiːz bɻoːs ʃtriːz,moːt͡ʃiːz_bɻoːs_ʃtriːz,m oː tʃ iː z + b ɻ oː s + ʃ t r iː z,,hindukush,,,^ m oː t͡ʃ iː z _ b ɻ oː s _ ʃ t r iː z $,default,
xvi-Kinship-brotherswifefemaleego-1,,xvi,Kinship-brotherswifefemaleego,bɻoːs ʃtriːz,bɻoːs_ʃtriːz,b ɻ oː s + ʃ t r iː z,,hindukush,,,^ b ɻ oː s _ ʃ t r iː z $,default,
xvi-Kinship-sistershusbandmaleego-1,,xvi,Kinship-sistershusbandmaleego,suzus moːt͡ʃiːz,suzus_moːt͡ʃiːz,s u z u s + m oː tʃ iː z,,hindukush,,,^ s u z u s _ m oː t͡ʃ iː z $,default,
xvi-Kinship-sistershusbandfemaleego-1,,xvi,Kinship-sistershusbandfemaleego,ʃtriːstu suzus moːt͡ʃiːz,ʃtriːstu_suzus_moːt͡ʃiːz,ʃ t r iː s t u + s u z u s + m oː tʃ iː z,,hindukush,,,^ ʃ t r iː s t u _ s u z u s _ m oː t͡ʃ iː z $,default,
xvi-Kinship-wifesfather-1,,xvi,Kinship-wifesfather,t͡suɻ,t͡suɻ,ts u ɻ,,hindukush,,,^ t͡s u ɻ $,default,
xvi-Kinship-wifesmother-1,,xvi,Kinship-wifesmother,ʈ͡ʂut͡ʃ,ʈ͡ʂut͡ʃ,ʈʂ u tʃ,,hindukush,,,^ ʈ͡ʂ u t͡ʃ $,default,
xvi-Kinship-husbandsfather-1,,xvi,Kinship-husbandsfather,t͡suɻ,t͡suɻ,ts u ɻ,,hindukush,,,^ t͡s u ɻ $,default,
xvi-Kinship-husbandsmother-1,,xvi,Kinship-husbandsmother,ʈ͡ʂut͡ʃ,ʈ͡ʂut͡ʃ,ʈʂ u tʃ,,hindukush,,,^ ʈ͡ʂ u t͡ʃ $,default,
xvi-Kinship-husbandsbrother-1,,xvi,Kinship-husbandsbrother,moːt͡ʃiɻ bɻoː,moːt͡ʃiɻ_bɻoː,m oː tʃ i ɻ + b ɻ oː,,hindukush,,,^ m oː t͡ʃ i ɻ _ b ɻ oː $,default,
xvi-Kinship-husbandssister-1,,xvi,Kinship-husbandssister,moːt͡ʃiːz suzus,moːt͡ʃiːz_suzus,m oː tʃ iː z + s u z u s,,hindukush,,,^ m oː t͡ʃ iː z _ s u z u s $,default,
xvi-Kinship-wifesbrother-1,,xvi,Kinship-wifesbrother,ʒami,ʒami,ʒ a m i,,hindukush,,,^ ʒ a m i $,default,
xvi-Kinship-wifessister-1,,xvi,Kinship-wifessister,ʃtriːz suzus,ʃtriːz_suzus,ʃ t r iː z + s u z u s,,hindukush,,,^ ʃ t r iː z _ s u z u s $,default,
xvi-Kinship-husbandsbrotherswife-1,,xvi,Kinship-husbandsbrotherswife,moːt͡ʃiːz stə bɻoː ʃtriːz,moːt͡ʃiːz_stə_bɻoː_ʃtriːz,m oː tʃ iː z + s t ə + b ɻ oː + ʃ t r iː z,,hindukush,,,^ m oː t͡ʃ iː z _ s t ə _ b ɻ oː _ ʃ t r iː z $,default,
xvi-Kinship-husbandssistershusband-1,,xvi,Kinship-husbandssistershusband,moːt͡ʃiːz stə suzus moːt͡ʃiːz,moːt͡ʃiːz_stə_suzus_moːt͡ʃiːz,m oː tʃ iː z + s t ə + s u z u s + m oː tʃ iː z,,hindukush,,,^ m oː t͡ʃ iː z _ s t ə _ s u z u s _ m oː t͡ʃ iː z $,default,
xvi-Kinship-wifesbrotherswife-1,,xvi,Kinship-wifesbrotherswife,ʒamis ʃtriːz,ʒamis_ʃtriːz,ʒ a m i s + ʃ t r iː z,,hindukush,,,^ ʒ a m i s _ ʃ t r iː z $,default,
xvi-Kinship-wifessistershusband-1,,xvi,Kinship-wifessistershusband,ʃtriːz stə suzus moːt͡ʃiːz,ʃtriːz_stə_suzus_moːt͡ʃiːz,ʃ t r iː z + s t ə + s u z u s + m oː tʃ iː z,,hindukush,,,^ ʃ t r iː z _ s t ə _ s u z u s _ m oː t͡ʃ iː z $,default,
xvi-Kinship-cowife-1,,xvi,Kinship-cowife,jari,jari,j a r i,,hindukush,,,^ j a r i $,default,
xvi-Kinship-sonswifesfather-1,,xvi,Kinship-sonswifesfather,ʃtriːz stə t͡suɻz,ʃtriːz_stə_t͡suɻz,ʃ t r iː z + s t ə + ts u ɻ z,,hindukush,,,^ ʃ t r iː z _ s t ə _ t͡s u ɻ z $,default,
xvi-Kinship-sonswifesmother-1,,xvi,Kinship-sonswifesmother,ʃtriːz stə ʈ͡ʂut͡ʃus,ʃtriːz_stə_ʈ͡ʂut͡ʃus,ʃ t r iː z + s t ə + ʈʂ u tʃ u s,,hindukush,,,^ ʃ t r iː z _ s t ə _ ʈ͡ʂ u t͡ʃ u s $,default,
xvi-Kinship-daughtershusbandsfather-1,,xvi,Kinship-daughtershusbandsfather,d͡ʒus stə t͡suɻz,d͡ʒus_stə_t͡suɻz,dʒ u s + s t ə + ts u ɻ z,,hindukush,,,^ d͡ʒ u s _ s t ə _ t͡s u ɻ z $,default,
xvi-Kinship-daughtershusbandsmother-1,,xvi,Kinship-daughtershusbandsmother,d͡ʒus stə ʈ͡ʂut͡ʃus,d͡ʒus_stə_ʈ͡ʂut͡ʃus,dʒ u s + s t ə + ʈʂ u tʃ u s,,hindukush,,,^ d͡ʒ u s _ s t ə _ ʈ͡ʂ u t͡ʃ u s $,default,
xvi-Kinship-stepsisternosharedparent-1,,xvi,Kinship-stepsisternosharedparent,jari nu stə ware moːtoː d͡ʒuk,jari_nu_stə_ware_moːtoː_d͡ʒuk,j a r i + n u + s t ə + w a r e + m oː t oː + dʒ u k,,hindukush,,,^ j a r i _ n u _ s t ə _ w a r e _ m oː t oː _ d͡ʒ u k $,default,
xvi-Kinship-stepbrothernosharedparent-1,,xvi,Kinship-stepbrothernosharedparent,jari nu stə ware moːtoː aːɽiː,jari_nu_stə_ware_moːtoː_aːɽiː,j a r i + n u + s t ə + w a r e + m oː t oː + aː ɽ iː,,hindukush,,,^ j a r i _ n u _ s t ə _ w a r e _ m oː t oː _ aː ɽ iː $,default,
xvi-Kinship-stepmother-1,,xvi,Kinship-stepmother,jari nu,jari_nu,j a r i + n u,,hindukush,,,^ j a r i _ n u $,default,
xvi-Kinship-stepfather-1,,xvi,Kinship-stepfather,kijuːɻ toːt [kʲyːɻ],kijuːɻ_toːt_,k i j uː ɻ + t oː t +,,hindukush,,,^ k i j uː ɻ _ t oː t _ $,default,
xvi-Kinship-stepson-1,,xvi,Kinship-stepson,jariz aːɽiː,jariz_aːɽiː,j a r i z + aː ɽ iː,,hindukush,,,^ j a r i z _ aː ɽ iː $,default,
xvi-Kinship-stepdaughter-1,,xvi,Kinship-stepdaughter,jari d͡ʒuk,jari_d͡ʒuk,j a r i + dʒ u k,,hindukush,,,^ j a r i _ d͡ʒ u k $,default,
xvi-Kinship-fathersfathersfather-1,,xvi,Kinship-fathersfathersfather,par woː,par_woː,p a r + w oː,,hindukush,,,^ p a r _ w oː $,default,
xvi-Kinship-mothersmothersmother-1,,xvi,Kinship-mothersmothersmother,par wiː,par_wiː,p a r + w iː,,hindukush,,,^ p a r _ w iː $,default,
xvi-Kinship-forefather-1,,xvi,Kinship-forefather,woː,woː,w oː,,hindukush,,,^ w oː $,default,
xvi-Kinship-foremother-1,,xvi,Kinship-foremother,wajiː,wajiː,w a j iː,,hindukush,,,^ w a j iː $,default,
xvi-Kinship-fathersbrothersson-1,,xvi,Kinship-fathersbrothersson,kaːʂtoːt kuɻ,kaːʂtoːt_kuɻ,k aː ʂ t oː t + k u ɻ,,hindukush,,,^ k aː ʂ t oː t _ k u ɻ $,default,
xvi-Kinship-fathersbrothersdaughter-1,,xvi,Kinship-fathersbrothersdaughter,kaːʂtoːt d͡ʒuj,kaːʂtoːt_d͡ʒuj,k aː ʂ t oː t + dʒ u j,,hindukush,,,^ k aː ʂ t oː t _ d͡ʒ u j $,default,
xvi-Kinship-fatherssistersson-1,,xvi,Kinship-fatherssistersson,toːt stə suzus aːɽiː,toːt_stə_suzus_aːɽiː,t oː t + s t ə + s u z u s + aː ɽ iː,,hindukush,,,^ t oː t _ s t ə _ s u z u s _ aː ɽ iː $,default,
xvi-Kinship-fatherssistersdaughter-1,,xvi,Kinship-fatherssistersdaughter,toːt stə suzus d͡ʒuk,toːt_stə_suzus_d͡ʒuk,t oː t + s t ə + s u z u s + dʒ u k,,hindukush,,,^ t oː t _ s t ə _ s u z u s _ d͡ʒ u k $,default,
xvi-Kinship-mothersbrothersson-1,,xvi,Kinship-mothersbrothersson,mam aːɽiː,mam_aːɽiː,m a m + aː ɽ iː,,hindukush,,,^ m a m _ aː ɽ iː $,default,
xvi-Kinship-mothersbrothersdaughter-1,,xvi,Kinship-mothersbrothersdaughter,mam d͡ʒuk,mam_d͡ʒuk,m a m + dʒ u k,,hindukush,,,^ m a m _ d͡ʒ u k $,default,
xvi-Kinship-motherssistersson-1,,xvi,Kinship-motherssistersson,nuː stə suzus aːɽiː,nuː_stə_suzus_aːɽiː,n uː + s t ə + s u z u s + aː ɽ iː,,hindukush,,,^ n uː _ s t ə _ s u z u s _ aː ɽ iː $,default,
xvi-Kinship-motherssistersdaughter-1,,xvi,Kinship-motherssistersdaughter,nuː stə suzus d͡ʒuk,nuː_stə_suzus_d͡ʒuk,n uː + s t ə + s u z u s + dʒ u k,,hindukush,,,^ n uː _ s t ə _ s u z u s _ d͡ʒ u k $,default,
xvi-Kinship-relative-1,,xvi,Kinship-relative,zoːtrə,zoːtrə,z oː t r ə,,hindukush,,,^ z oː t r ə $,default,
xvi-Kinship-affinalrelative-1,,xvi,Kinship-affinalrelative,t͡suːdarə,t͡suːdarə,ts uː d a r ə,,hindukush,,,^ t͡s uː d a r ə $,default,
xvi-Kinship-bloodrelative-1,,xvi,Kinship-bloodrelative,eː pa lu stə,eː_pa_lu_stə,eː + p a + l u + s t ə,,hindukush,,,^ eː _ p a _ l u _ s t ə $,default,
xvi-Kinship-wifesrelatives-1,,xvi,Kinship-wifesrelatives,t͡suːdarə,t͡suːdarə,ts uː d a r ə,,hindukush,,,^ t͡s uː d a r ə $,default,
xvi-Kinship-headofhousehold-1,,xvi,Kinship-headofhousehold,oːlə pamoːmand͡ʒi,oːlə_pamoːmand͡ʒi,oː l ə + p a m oː m a n dʒ i,,hindukush,,,^ oː l ə _ p a m oː m a n d͡ʒ i $,default,
xvi-Kinship-headofclan-1,,xvi,Kinship-headofclan,uːrə,uːrə,uː r ə,,hindukush,,,^ uː r ə $,default,
xvi-Kinship-headoftribe-1,,xvi,Kinship-headoftribe,uːr d͡ʒeʂt,uːr_d͡ʒeʂt,uː r + dʒ e ʂ t,,hindukush,,,^ uː r _ d͡ʒ e ʂ t $,default,
xvi-Kinship-halfsistersamefatherdifferentmother-1,,xvi,Kinship-halfsistersamefatherdifferentmother,toːt eː wa sus,toːt_eː_wa_sus,t oː t + eː + w a + s u s,,hindukush,,,^ t oː t _ eː _ w a _ s u s $,default,
xvi-Kinship-halfbrothersamefatherdifferentmother-1,,xvi,Kinship-halfbrothersamefatherdifferentmother,toːt eː wo bɻoː,toːt_eː_wo_bɻoː,t oː t + eː + w o + b ɻ oː,,hindukush,,,^ t oː t _ eː _ w o _ b ɻ oː $,default,
xvi-Kinship-halfsistersamemotherdifferentfather-1,,xvi,Kinship-halfsistersamemotherdifferentfather,nuː eː wa sus,nuː_eː_wa_sus,n uː + eː + w a + s u s,,hindukush,,,^ n uː _ eː _ w a _ s u s $,default,
xvi-Kinship-halfbrothersamemotherdifferentfather-1,,xvi,Kinship-halfbrothersamemotherdifferentfather,nuː eː wo bɻoː,nuː_eː_wo_bɻoː,n uː + eː + w o + b ɻ oː,,hindukush,,,^ n uː _ eː _ w o _ b ɻ oː $,default,
kas_i-Kinship-father-1,,kas_i,Kinship-father,moːl,moːl,m oː l,,hindukush,,,^ m oː l $,default,
kas_i-Kinship-mother-1,,kas_i,Kinship-mother,moːd͡ʒ,moːd͡ʒ,m oː dʒ,,hindukush,,,^ m oː d͡ʒ $,default,
kas_i-Kinship-parent-1,,kas_i,Kinship-parent,moːlmoːd͡ʒ,moːlmoːd͡ʒ,m oː l m oː dʒ,,hindukush,,,^ m oː l m oː d͡ʒ $,default,
kas_i-Kinship-son-1,,kas_i,Kinship-son,net͡ʃu,net͡ʃu,n e tʃ u,,hindukush,,,^ n e t͡ʃ u $,default,
kas_i-Kinship-daughter-1,,kas_i,Kinship-daughter,kuːr,kuːr,k uː r,,hindukush,,,^ k uː r $,default,
kas_i-Kinship-ownchild-1,,kas_i,Kinship-ownchild,panun ʃur,panun_ʃur,p a n u n + ʃ u r,,hindukush,,,^ p a n u n _ ʃ u r $,default,
kas_i-Kinship-brother-1,,kas_i,Kinship-brother,boːj,boːj,b oː j,,hindukush,,,^ b oː j $,default,
kas_i-Kinship-sister-1,,kas_i,Kinship-sister,beni,beni,b e n i,,hindukush,,,^ b e n i $,default,
kas_i-Kinship-olderbrother-1,,kas_i,Kinship-olderbrother,bɔɖ boːj,bɔɖ_boːj,b ɔ ɖ + b oː j,,hindukush,,,^ b ɔ ɖ _ b oː j $,default,
kas_i-Kinship-youngerbrother-1,,kas_i,Kinship-youngerbrother,lakuʈ boːj,lakuʈ_boːj,l a k u ʈ + b oː j,,hindukush,,,^ l a k u ʈ _ b oː j $,default,
kas_i-Kinship-oldersister-1,,kas_i,Kinship-oldersister,bəɖ beni,bəɖ_beni,b ə ɖ + b e n i,,hindukush,,,^ b ə ɖ _ b e n i $,default,
kas_i-Kinship-youngersister-1,,kas_i,Kinship-youngersister,lakuʈ beɲ,lakuʈ_beɲ,l a k u ʈ + b e ɲ,,hindukush,,,^ l a k u ʈ _ b e ɲ $,default,
kas_i-Kinship-fathersfather-1,,kas_i,Kinship-fathersfather,bɨɖi bab,bɨɖi_bab,b ɨ ɖ i + b a b,,hindukush,,,^ b ɨ ɖ i _ b a b $,default,
kas_i-Kinship-fathersmother-1,,kas_i,Kinship-fathersmother,naːnʲ,naːnʲ,n aː nʲ,,hindukush,,,^ n aː nʲ $,default,
kas_i-Kinship-mothersfather-1,,kas_i,Kinship-mothersfather,maːd͡ʒi bɨɖi bab,maːd͡ʒi_bɨɖi_bab,m aː dʒ i + b ɨ ɖ i + b a b,,hindukush,,,^ m aː d͡ʒ i _ b ɨ ɖ i _ b a b $,default,
kas_i-Kinship-mothersmother-1,,kas_i,Kinship-mothersmother,maːd͡ʒi naːnʲ,maːd͡ʒi_naːnʲ,m aː dʒ i + n aː nʲ,,hindukush,,,^ m aː d͡ʒ i _ n aː nʲ $,default,
kas_i-Kinship-sonsson-1,,kas_i,Kinship-sonsson,zur,zur,z u r,,hindukush,,,^ z u r $,default,
kas_i-Kinship-sonsdaughter-1,,kas_i,Kinship-sonsdaughter,zur,zur,z u r,,hindukush,,,^ z u r $,default,
kas_i-Kinship-daughtersson-1,,kas_i,Kinship-daughtersson,zur,zur,z u r,,hindukush,,,^ z u r $,default,
kas_i-Kinship-daughtersdaughter-1,,kas_i,Kinship-daughtersdaughter,zur,zur,z u r,,hindukush,,,^ z u r $,default,
kas_i-Kinship-fathersbrother-1,,kas_i,Kinship-fathersbrother,petɨr,petɨr,p e t ɨ r,,hindukush,,,^ p e t ɨ r $,default,
kas_i-Kinship-fathersolderbrother-1,,kas_i,Kinship-fathersolderbrother,petɨr,petɨr,p e t ɨ r,,hindukush,,,^ p e t ɨ r $,default,
kas_i-Kinship-fathersyoungerbrother-1,,kas_i,Kinship-fathersyoungerbrother,petɨr,petɨr,p e t ɨ r,,hindukush,,,^ p e t ɨ r $,default,
kas_i-Kinship-fatherssister-1,,kas_i,Kinship-fatherssister,pɔpʰ,pɔpʰ,p ɔ pʰ,,hindukush,,,^ p ɔ pʰ $,default,
kas_i-Kinship-fathersoldersister-1,,kas_i,Kinship-fathersoldersister,pɔpʰ,pɔpʰ,p ɔ pʰ,,hindukush,,,^ p ɔ pʰ $,default,
kas_i-Kinship-fathersyoungersister-1,,kas_i,Kinship-fathersyoungersister,pɔpʰ,pɔpʰ,p ɔ pʰ,,hindukush,,,^ p ɔ pʰ $,default,
kas_i-Kinship-mothersbrother-1,,kas_i,Kinship-mothersbrother,maːm,maːm,m aː m,,hindukush,,,^ m aː m $,default,
kas_i-Kinship-mothersolderbrother-1,,kas_i,Kinship-mothersolderbrother,maːm,maːm,m aː m,,hindukush,,,^ m aː m $,default,
kas_i-Kinship-mothersyoungerbrother-1,,kas_i,Kinship-mothersyoungerbrother,maːm,maːm,m aː m,,hindukush,,,^ m aː m $,default,
kas_i-Kinship-motherssister-1,,kas_i,Kinship-motherssister,maːs,maːs,m aː s,,hindukush,,,^ m aː s $,default,
kas_i-Kinship-mothersoldersister-1,,kas_i,Kinship-mothersoldersister,maːs,maːs,m aː s,,hindukush,,,^ m aː s $,default,
kas_i-Kinship-mothersyoungersister-1,,kas_i,Kinship-mothersyoungersister,maːs,maːs,m aː s,,hindukush,,,^ m aː s $,default,
kas_i-Kinship-brothersson-1,,kas_i,Kinship-brothersson,baːbtʰɨr,baːbtʰɨr,b aː b tʰ ɨ r,,hindukush,,,^ b aː b tʰ ɨ r $,default,
kas_i-Kinship-brothersdaughter-1,,kas_i,Kinship-brothersdaughter,baːwzɨ,baːwzɨ,b aː w z ɨ,,hindukush,,,^ b aː w z ɨ $,default,
kas_i-Kinship-sistersson-1,,kas_i,Kinship-sistersson,bentʰɨr,bentʰɨr,b e n tʰ ɨ r,,hindukush,,,^ b e n tʰ ɨ r $,default,
kas_i-Kinship-sistersdaughter-1,,kas_i,Kinship-sistersdaughter,benzɨ,benzɨ,b e n z ɨ,,hindukush,,,^ b e n z ɨ $,default,
kas_i-Kinship-husband-1,,kas_i,Kinship-husband,"ruːn, kʰaːndaːr",ruːn,r uː n,,hindukush,,,^ r uː n $,default,
kas_i-Kinship-husband-2,,kas_i,Kinship-husband,"ruːn, kʰaːndaːr",kʰaːndaːr,kʰ aː n d aː r,,hindukush,,,^ kʰ aː n d aː r $,default,
kas_i-Kinship-wife-1,,kas_i,Kinship-wife,zanaːn,zanaːn,z a n aː n,,hindukush,,,^ z a n aː n $,default,
kas_i-Kinship-fathersolderbrotherswife-1,,kas_i,Kinship-fathersolderbrotherswife,bəɖ bəj kaːkənʲ,bəɖ_bəj_kaːkənʲ,b ə ɖ + b ə j + k aː k ə nʲ,,hindukush,,,^ b ə ɖ _ b ə j _ k aː k ə nʲ $,default,
kas_i-Kinship-fathersyoungerbrotherswife-1,,kas_i,Kinship-fathersyoungerbrotherswife,lakɨʈ bəj kaːkənʲ,lakɨʈ_bəj_kaːkənʲ,l a k ɨ ʈ + b ə j + k aː k ə nʲ,,hindukush,,,^ l a k ɨ ʈ _ b ə j _ k aː k ə nʲ $,default,
kas_i-Kinship-fatherssistershusband-1,,kas_i,Kinship-fatherssistershusband,beːmɨ,beːmɨ,b eː m ɨ,,hindukush,,,^ b eː m ɨ $,default,
kas_i-Kinship-mothersbrotherswife-1,,kas_i,Kinship-mothersbrotherswife,bəjkaːkənʲ,bəjkaːkənʲ,b ə j k aː k ə nʲ,,hindukush,,,^ b ə j k aː k ə nʲ $,default,
kas_i-Kinship-motherssistershusband-1,,kas_i,Kinship-motherssistershusband,beːmɨ,beːmɨ,b eː m ɨ,,hindukush,,,^ b eː m ɨ $,default,
kas_i-Kinship-sonswife-1,,kas_i,Kinship-sonswife,nɔʃ,nɔʃ,n ɔ ʃ,,hindukush,,,^ n ɔ ʃ $,default,
kas_i-Kinship-daughtershusband-1,,kas_i,Kinship-daughtershusband,zaːmtur,zaːmtur,z aː m t u r,,hindukush,,,^ z aː m t u r $,default,
kas_i-Kinship-brotherswifemaleego-1,,kas_i,Kinship-brotherswifemaleego,bəjkaːkənʲ,bəjkaːkənʲ,b ə j k aː k ə nʲ,,hindukush,,,^ b ə j k aː k ə nʲ $,default,
kas_i-Kinship-brotherswifefemaleego-1,,kas_i,Kinship-brotherswifefemaleego,bəjkaːkənʲ,bəjkaːkənʲ,b ə j k aː k ə nʲ,,hindukush,,,^ b ə j k aː k ə nʲ $,default,
kas_i-Kinship-sistershusbandmaleego-1,,kas_i,Kinship-sistershusbandmaleego,beːmɨ,beːmɨ,b eː m ɨ,,hindukush,,,^ b eː m ɨ $,default,
kas_i-Kinship-sistershusbandfemaleego-1,,kas_i,Kinship-sistershusbandfemaleego,beːmɨ,beːmɨ,b eː m ɨ,,hindukush,,,^ b eː m ɨ $,default,
kas_i-Kinship-wifesfather-1,,kas_i,Kinship-wifesfather,həhərɨ bab,həhərɨ_bab,h ə h ə r ɨ + b a b,,hindukush,,,^ h ə h ə r ɨ _ b a b $,default,
kas_i-Kinship-wifesmother-1,,kas_i,Kinship-wifesmother,haʃ,haʃ,h a ʃ,,hindukush,,,^ h a ʃ $,default,
kas_i-Kinship-husbandsfather-1,,kas_i,Kinship-husbandsfather,həhərɨ bab,həhərɨ_bab,h ə h ə r ɨ + b a b,,hindukush,,,^ h ə h ə r ɨ _ b a b $,default,
kas_i-Kinship-husbandsmother-1,,kas_i,Kinship-husbandsmother,haʃ,haʃ,h a ʃ,,hindukush,,,^ h a ʃ $,default,
kas_i-Kinship-husbandsbrother-1,,kas_i,Kinship-husbandsbrother,druj,druj,d r u j,,hindukush,,,^ d r u j $,default,
kas_i-Kinship-husbandssister-1,,kas_i,Kinship-husbandssister,zaːm,zaːm,z aː m,,hindukush,,,^ z aː m $,default,
kas_i-Kinship-wifesbrother-1,,kas_i,Kinship-wifesbrother,həhər,həhər,h ə h ə r,,hindukush,,,^ h ə h ə r $,default,
kas_i-Kinship-wifessister-1,,kas_i,Kinship-wifessister,saːl,saːl,s aː l,,hindukush,,,^ s aː l $,default,
kas_i-Kinship-husbandsbrotherswife-1,,kas_i,Kinship-husbandsbrotherswife,dɨrkaːkənʲ,dɨrkaːkənʲ,d ɨ r k aː k ə nʲ,,hindukush,,,^ d ɨ r k aː k ə nʲ $,default,
kas_i-Kinship-husbandssistershusband-1,,kas_i,Kinship-husbandssistershusband,zəːmi,zəːmi,z əː m i,,hindukush,,,^ z əː m i $,default,
kas_i-Kinship-wifesbrotherswife-1,,kas_i,Kinship-wifesbrotherswife,həhərɨ baːj,həhərɨ_baːj,h ə h ə r ɨ + b aː j,,hindukush,,,^ h ə h ə r ɨ _ b aː j $,default,
kas_i-Kinship-wifessistershusband-1,,kas_i,Kinship-wifessistershusband,səːd͡ʒwu,səːd͡ʒwu,s əː d u,,hindukush,,,^ s əː d͡ʒw u $,default,
kas_i-Kinship-cowife-1,,kas_i,Kinship-cowife,sɔn,sɔn,s ɔ n,,hindukush,,,^ s ɔ n $,default,
kas_i-Kinship-sonswifesfather-1,,kas_i,Kinship-sonswifesfather,sonʲ,sonʲ,s o nʲ,,hindukush,,,^ s o nʲ $,default,
kas_i-Kinship-sonswifesmother-1,,kas_i,Kinship-sonswifesmother,sonʲ,sonʲ,s o nʲ,,hindukush,,,^ s o nʲ $,default,
kas_i-Kinship-daughtershusbandsfather-1,,kas_i,Kinship-daughtershusbandsfather,həhərɨ bab,həhərɨ_bab,h ə h ə r ɨ + b a b,,hindukush,,,^ h ə h ə r ɨ _ b a b $,default,
kas_i-Kinship-daughtershusbandsmother-1,,kas_i,Kinship-daughtershusbandsmother,haʃ,haʃ,h a ʃ,,hindukush,,,^ h a ʃ $,default,
kas_i-Kinship-stepsisternosharedparent-1,,kas_i,Kinship-stepsisternosharedparent,wɔrɨ beni,wɔrɨ_beni,w ɔ r ɨ + b e n i,,hindukush,,,^ w ɔ r ɨ _ b e n i $,default,
kas_i-Kinship-stepbrothernosharedparent-1,,kas_i,Kinship-stepbrothernosharedparent,wɔrɨ boːj,wɔrɨ_boːj,w ɔ r ɨ + b oː j,,hindukush,,,^ w ɔ r ɨ _ b oː j $,default,
kas_i-Kinship-stepmother-1,,kas_i,Kinship-stepmother,wɔrɨ moːd͡ʒ,wɔrɨ_moːd͡ʒ,w ɔ r ɨ + m oː dʒ,,hindukush,,,^ w ɔ r ɨ _ m oː d͡ʒ $,default,
kas_i-Kinship-stepfather-1,,kas_i,Kinship-stepfather,wɔrɨ moːl,wɔrɨ_moːl,w ɔ r ɨ + m oː l,,hindukush,,,^ w ɔ r ɨ _ m oː l $,default,
kas_i-Kinship-stepson-1,,kas_i,Kinship-stepson,wɔrɨ net͡ʃu,wɔrɨ_net͡ʃu,w ɔ r ɨ + n e tʃ u,,hindukush,,,^ w ɔ r ɨ _ n e t͡ʃ u $,default,
kas_i-Kinship-stepdaughter-1,,kas_i,Kinship-stepdaughter,wɔrɨ kuːr,wɔrɨ_kuːr,w ɔ r ɨ + k uː r,,hindukush,,,^ w ɔ r ɨ _ k uː r $,default,
kas_i-Kinship-fathersfathersfather-1,,kas_i,Kinship-fathersfathersfather,bəɖ bɨɖi bab,bəɖ_bɨɖi_bab,b ə ɖ + b ɨ ɖ i + b a b,,hindukush,,,^ b ə ɖ _ b ɨ ɖ i _ b a b $,default,
kas_i-Kinship-mothersmothersmother-1,,kas_i,Kinship-mothersmothersmother,bəɖ naːnʲ,bəɖ_naːnʲ,b ə ɖ + n aː nʲ,,hindukush,,,^ b ə ɖ _ n aː nʲ $,default,
kas_i-Kinship-forefather-1,,kas_i,Kinship-forefather,d͡ʒadɨ bɨɖi bab,d͡ʒadɨ_bɨɖi_bab,dʒ a d ɨ + b ɨ ɖ i + b a b,,hindukush,,,^ d͡ʒ a d ɨ _ b ɨ ɖ i _ b a b $,default,
kas_i-Kinship-foremother-1,,kas_i,Kinship-foremother,d͡ʒadɨ naːnʲ,d͡ʒadɨ_naːnʲ,dʒ a d ɨ + n aː nʲ,,hindukush,,,^ d͡ʒ a d ɨ _ n aː nʲ $,default,
kas_i-Kinship-fathersbrothersson-1,,kas_i,Kinship-fathersbrothersson,pitur boːj,pitur_boːj,p i t u r + b oː j,,hindukush,,,^ p i t u r _ b oː j $,default,
kas_i-Kinship-fathersbrothersdaughter-1,,kas_i,Kinship-fathersbrothersdaughter,pitɨr beni,pitɨr_beni,p i t ɨ r + b e n i,,hindukush,,,^ p i t ɨ r _ b e n i $,default,
kas_i-Kinship-fatherssistersson-1,,kas_i,Kinship-fatherssistersson,pɔpʰ tur boːj,pɔpʰ_tur_boːj,p ɔ pʰ + t u r + b oː j,,hindukush,,,^ p ɔ pʰ _ t u r _ b oː j $,default,
kas_i-Kinship-fatherssistersdaughter-1,,kas_i,Kinship-fatherssistersdaughter,pɔpʰ tɨr beni,pɔpʰ_tɨr_beni,p ɔ pʰ + t ɨ r + b e n i,,hindukush,,,^ p ɔ pʰ _ t ɨ r _ b e n i $,default,
kas_i-Kinship-mothersbrothersson-1,,kas_i,Kinship-mothersbrothersson,maːmtur boːj,maːmtur_boːj,m aː m t u r + b oː j,,hindukush,,,^ m aː m t u r _ b oː j $,default,
kas_i-Kinship-mothersbrothersdaughter-1,,kas_i,Kinship-mothersbrothersdaughter,maːmtɨr beni,maːmtɨr_beni,m aː m t ɨ r + b e n i,,hindukush,,,^ m aː m t ɨ r _ b e n i $,default,
kas_i-Kinship-motherssistersson-1,,kas_i,Kinship-motherssistersson,maːstur boːj,maːstur_boːj,m aː s t u r + b oː j,,hindukush,,,^ m aː s t u r _ b oː j $,default,
kas_i-Kinship-motherssistersdaughter-1,,kas_i,Kinship-motherssistersdaughter,maːstɨr beni,maːstɨr_beni,m aː s t ɨ r + b e n i,,hindukush,,,^ m aː s t ɨ r _ b e n i $,default,
kas_i-Kinship-relative-1,,kas_i,Kinship-relative,əːʃnaːw,əːʃnaːw,əː ʃ n aː w,,hindukush,,,^ əː ʃ n aː w $,default,
kas_i-Kinship-affinalrelative-1,,kas_i,Kinship-affinalrelative,əːʃnaːw,əːʃnaːw,əː ʃ n aː w,,hindukush,,,^ əː ʃ n aː w $,default,
kas_i-Kinship-bloodrelative-1,,kas_i,Kinship-bloodrelative,əːʃnaːw,əːʃnaːw,əː ʃ n aː w,,hindukush,,,^ əː ʃ n aː w $,default,
kas_i-Kinship-wifesrelatives-1,,kas_i,Kinship-wifesrelatives,hoːwɨrʲ,hoːwɨrʲ,h oː w ɨ rʲ,,hindukush,,,^ h oː w ɨ rʲ $,default,
kas_i-Kinship-headofhousehold-1,,kas_i,Kinship-headofhousehold,kʰaːndaːr,kʰaːndaːr,kʰ aː n d aː r,,hindukush,,,^ kʰ aː n d aː r $,default,
kas_i-Kinship-headofclan-1,,kas_i,Kinship-headofclan,zʲuʈʰ,zʲuʈʰ,zʲ u ʈʰ,,hindukush,,,^ zʲ u ʈʰ $,default,
kas_i-Kinship-headoftribe-1,,kas_i,Kinship-headoftribe,zʲuʈʰ,zʲuʈʰ,zʲ u ʈʰ,,hindukush,,,^ zʲ u ʈʰ $,default,
kas_i-Kinship-halfsistersamefatherdifferentmother-1,,kas_i,Kinship-halfsistersamefatherdifferentmother,wɔrɨ beni,wɔrɨ_beni,w ɔ r ɨ + b e n i,,hindukush,,,^ w ɔ r ɨ _ b e n i $,default,
kas_i-Kinship-halfbrothersamefatherdifferentmother-1,,kas_i,Kinship-halfbrothersamefatherdifferentmother,wɔrɨ boːj,wɔrɨ_boːj,w ɔ r ɨ + b oː j,,hindukush,,,^ w ɔ r ɨ _ b oː j $,default,
kas_i-Kinship-halfsistersamemotherdifferentfather-1,,kas_i,Kinship-halfsistersamemotherdifferentfather,maːd͡ʒi beni,maːd͡ʒi_beni,m aː dʒ i + b e n i,,hindukush,,,^ m aː d͡ʒ i _ b e n i $,default,
kas_i-Kinship-halfbrothersamemotherdifferentfather-1,,kas_i,Kinship-halfbrothersamemotherdifferentfather,maːd͡ʒi boːj,maːd͡ʒi_boːj,m aː dʒ i + b oː j,,hindukush,,,^ m aː d͡ʒ i _ b oː j $,default,
kas_p-Kinship-father-1,,kas_p,Kinship-father,moːl,moːl,m oː l,,hindukush,,,^ m oː l $,default,
kas_p-Kinship-mother-1,,kas_p,Kinship-mother,mɨːd͡ʒ,mɨːd͡ʒ,m ɨː dʒ,,hindukush,,,^ m ɨː d͡ʒ $,default,
kas_p-Kinship-parent-1,,kas_p,Kinship-parent,moːltɨmɨːd͡ʒ,moːltɨmɨːd͡ʒ,m oː l t ɨ m ɨː dʒ,,hindukush,,,^ m oː l t ɨ m ɨː d͡ʒ $,default,
kas_p-Kinship-son-1,,kas_p,Kinship-son,nit͡ʃo,nit͡ʃo,n i tʃ o,,hindukush,,,^ n i t͡ʃ o $,default,
kas_p-Kinship-daughter-1,,kas_p,Kinship-daughter,koːɽ,koːɽ,k oː ɽ,,hindukush,,,^ k oː ɽ $,default,
kas_p-Kinship-ownchild-1,,kas_p,Kinship-ownchild,panun nit͡ʃo,panun_nit͡ʃo,p a n u n + n i tʃ o,,hindukush,,,^ p a n u n _ n i t͡ʃ o $,default,
kas_p-Kinship-brother-1,,kas_p,Kinship-brother,boːj,boːj,b oː j,,hindukush,,,^ b oː j $,default,
kas_p-Kinship-sister-1,,kas_p,Kinship-sister,beɲ,beɲ,b e ɲ,,hindukush,,,^ b e ɲ $,default,
kas_p-Kinship-olderbrother-1,,kas_p,Kinship-olderbrother,boɽ boːj,boɽ_boːj,b o ɽ + b oː j,,hindukush,,,^ b o ɽ _ b oː j $,default,
kas_p-Kinship-youngerbrother-1,,kas_p,Kinship-youngerbrother,lɔkɔʈ boːj,lɔkɔʈ_boːj,l ɔ k ɔ ʈ + b oː j,,hindukush,,,^ l ɔ k ɔ ʈ _ b oː j $,default,
kas_p-Kinship-oldersister-1,,kas_p,Kinship-oldersister,bɨɽ beɲ,bɨɽ_beɲ,b ɨ ɽ + b e ɲ,,hindukush,,,^ b ɨ ɽ _ b e ɲ $,default,
kas_p-Kinship-youngersister-1,,kas_p,Kinship-youngersister,lɔkɨʈ beɲ,lɔkɨʈ_beɲ,l ɔ k ɨ ʈ + b e ɲ,,hindukush,,,^ l ɔ k ɨ ʈ _ b e ɲ $,default,
kas_p-Kinship-fathersfather-1,,kas_p,Kinship-fathersfather,baːbɨ,baːbɨ,b aː b ɨ,,hindukush,,,^ b aː b ɨ $,default,
kas_p-Kinship-fathersmother-1,,kas_p,Kinship-fathersmother,deːd,deːd,d eː d,,hindukush,,,^ d eː d $,default,
kas_p-Kinship-mothersfather-1,,kas_p,Kinship-mothersfather,nãːɲɨ,nãːɲɨ,n ãː ɲ ɨ,,hindukush,,,^ n ãː ɲ ɨ $,default,
kas_p-Kinship-sonsson-1,,kas_p,Kinship-sonsson,poːtor,poːtor,p oː t o r,,hindukush,,,^ p oː t o r $,default,
kas_p-Kinship-sonsdaughter-1,,kas_p,Kinship-sonsdaughter,poːtɨr,poːtɨr,p oː t ɨ r,,hindukush,,,^ p oː t ɨ r $,default,
kas_p-Kinship-daughtersson-1,,kas_p,Kinship-daughtersson,djuːtor,djuːtor,d j uː t o r,,hindukush,,,^ d j uː t o r $,default,
kas_p-Kinship-daughtersdaughter-1,,kas_p,Kinship-daughtersdaughter,djuːtɨr,djuːtɨr,d j uː t ɨ r,,hindukush,,,^ d j uː t ɨ r $,default,
kas_p-Kinship-fathersbrother-1,,kas_p,Kinship-fathersbrother,pitɨr,pitɨr,p i t ɨ r,,hindukush,,,^ p i t ɨ r $,default,
kas_p-Kinship-fathersolderbrother-1,,kas_p,Kinship-fathersolderbrother,t͡ʃit͡ʃbaːbɨ,t͡ʃit͡ʃbaːbɨ,tʃ i tʃ b aː b ɨ,,hindukush,,,^ t͡ʃ i t͡ʃ b aː b ɨ $,default,
kas_p-Kinship-fathersyoungerbrother-1,,kas_p,Kinship-fathersyoungerbrother,nikə t͡ʃit͡ʃə,nikə_t͡ʃit͡ʃə,n i k ə + tʃ i tʃ ə,,hindukush,,,^ n i k ə _ t͡ʃ i t͡ʃ ə $,default,
kas_p-Kinship-fatherssister-1,,kas_p,Kinship-fatherssister,pɔpʰ,pɔpʰ,p ɔ pʰ,,hindukush,,,^ p ɔ pʰ $,default,
kas_p-Kinship-fathersoldersister-1,,kas_p,Kinship-fathersoldersister,pɔpʰ,pɔpʰ,p ɔ pʰ,,hindukush,,,^ p ɔ pʰ $,default,
kas_p-Kinship-fathersyoungersister-1,,kas_p,Kinship-fathersyoungersister,pɔpʰ,pɔpʰ,p ɔ pʰ,,hindukush,,,^ p ɔ pʰ $,default,
kas_p-Kinship-mothersbrother-1,,kas_p,Kinship-mothersbrother,maːm,maːm,m aː m,,hindukush,,,^ m aː m $,default,
kas_p-Kinship-mothersolderbrother-1,,kas_p,Kinship-mothersolderbrother,maːmɨ,maːmɨ,m aː m ɨ,,hindukush,,,^ m aː m ɨ $,default,
kas_p-Kinship-motherssister-1,,kas_p,Kinship-motherssister,maːs,maːs,m aː s,,hindukush,,,^ m aː s $,default,
kas_p-Kinship-brothersson-1,,kas_p,Kinship-brothersson,baːbtʰɨr,baːbtʰɨr,b aː b tʰ ɨ r,,hindukush,,,^ b aː b tʰ ɨ r $,default,
kas_p-Kinship-brothersdaughter-1,,kas_p,Kinship-brothersdaughter,baːwɨz,baːwɨz,b aː w ɨ z,,hindukush,,,^ b aː w ɨ z $,default,
kas_p-Kinship-sistersson-1,,kas_p,Kinship-sistersson,bintʰɨr,bintʰɨr,b i n tʰ ɨ r,,hindukush,,,^ b i n tʰ ɨ r $,default,
kas_p-Kinship-sistersdaughter-1,,kas_p,Kinship-sistersdaughter,binɨz,binɨz,b i n ɨ z,,hindukush,,,^ b i n ɨ z $,default,
kas_p-Kinship-husband-1,,kas_p,Kinship-husband,"garwoːl, kʰãːwond",garwoːl,g a r w oː l,,hindukush,,,^ g a rw oː l $,default,
kas_p-Kinship-husband-2,,kas_p,Kinship-husband,"garwoːl, kʰãːwond",kʰãːwond,kʰ ãː w o n d,,hindukush,,,^ kʰ ãː w o n d $,default,
kas_p-Kinship-wife-1,,kas_p,Kinship-wife,zanaːnɨ,zanaːnɨ,z a n aː n ɨ,,hindukush,,,^ z a n aː n ɨ $,default,
kas_p-Kinship-fathersolderbrotherswife-1,,kas_p,Kinship-fathersolderbrotherswife,pet͡ʃẽj,pet͡ʃẽj,p e tʃ ẽ j,,hindukush,,,^ p e t͡ʃ ẽ j $,default,
kas_p-Kinship-fatherssistershusband-1,,kas_p,Kinship-fatherssistershusband,pɔpʰo,pɔpʰo,p ɔ pʰ o,,hindukush,,,^ p ɔ pʰ o $,default,
kas_p-Kinship-mothersbrotherswife-1,,kas_p,Kinship-mothersbrotherswife,maːmãj,maːmãj,m aː m ã j,,hindukush,,,^ m aː m ã j $,default,
kas_p-Kinship-motherssistershusband-1,,kas_p,Kinship-motherssistershusband,maːso,maːso,m aː s o,,hindukush,,,^ m aː s o $,default,
kas_p-Kinship-sonswife-1,,kas_p,Kinship-sonswife,nɔʃ,nɔʃ,n ɔ ʃ,,hindukush,,,^ n ɔ ʃ $,default,
kas_p-Kinship-daughtershusband-1,,kas_p,Kinship-daughtershusband,zaːmtor,zaːmtor,z aː m t o r,,hindukush,,,^ z aː m t o r $,default,
kas_p-Kinship-brotherswifemaleego-1,,kas_p,Kinship-brotherswifemaleego,bəj kaːkãj,bəj_kaːkãj,b ə j + k aː k ã j,,hindukush,,,^ b ə j _ k aː k ã j $,default,
kas_p-Kinship-brotherswifefemaleego-1,,kas_p,Kinship-brotherswifefemaleego,bəj kaːkãj,bəj_kaːkãj,b ə j + k aː k ã j,,hindukush,,,^ b ə j _ k aː k ã j $,default,
kas_p-Kinship-sistershusbandmaleego-1,,kas_p,Kinship-sistershusbandmaleego,beːmɨ,beːmɨ,b eː m ɨ,,hindukush,,,^ b eː m ɨ $,default,
kas_p-Kinship-wifesfather-1,,kas_p,Kinship-wifesfather,hehɔr,hehɔr,h e h ɔ r,,hindukush,,,^ h e h ɔ r $,default,
kas_p-Kinship-wifesmother-1,,kas_p,Kinship-wifesmother,haʃ,haʃ,h a ʃ,,hindukush,,,^ h a ʃ $,default,
kas_p-Kinship-husbandsfather-1,,kas_p,Kinship-husbandsfather,hehɔr,hehɔr,h e h ɔ r,,hindukush,,,^ h e h ɔ r $,default,
kas_p-Kinship-husbandsmother-1,,kas_p,Kinship-husbandsmother,haʃ,haʃ,h a ʃ,,hindukush,,,^ h a ʃ $,default,
kas_p-Kinship-husbandsbrother-1,,kas_p,Kinship-husbandsbrother,drɨj,drɨj,d r ɨ j,,hindukush,,,^ d r ɨ j $,default,
kas_p-Kinship-husbandssister-1,,kas_p,Kinship-husbandssister,zaːm,zaːm,z aː m,,hindukush,,,^ z aː m $,default,
kas_p-Kinship-wifesbrother-1,,kas_p,Kinship-wifesbrother,hahar,hahar,h a h a r,,hindukush,,,^ h a h a r $,default,
kas_p-Kinship-wifessister-1,,kas_p,Kinship-wifessister,saːl,saːl,s aː l,,hindukush,,,^ s aː l $,default,
kas_p-Kinship-husbandsbrotherswife-1,,kas_p,Kinship-husbandsbrotherswife,dɨrkaːkãj,dɨrkaːkãj,d ɨ r k aː k ã j,,hindukush,,,^ d ɨ r k aː k ã j $,default,
kas_p-Kinship-wifessistershusband-1,,kas_p,Kinship-wifessistershusband,saːnɖu,saːnɖu,s aː n ɖ u,,hindukush,,,^ s aː n ɖ u $,default,
kas_p-Kinship-cowife-1,,kas_p,Kinship-cowife,sɔn,sɔn,s ɔ n,,hindukush,,,^ s ɔ n $,default,
kas_p-Kinship-stepsisternosharedparent-1,,kas_p,Kinship-stepsisternosharedparent,wɔr beɲ,wɔr_beɲ,w ɔ r + b e ɲ,,hindukush,,,^ w ɔ r _ b e ɲ $,default,
kas_p-Kinship-stepbrothernosharedparent-1,,kas_p,Kinship-stepbrothernosharedparent,wɔr boːj,wɔr_boːj,w ɔ r + b oː j,,hindukush,,,^ w ɔ r _ b oː j $,default,
kas_p-Kinship-stepmother-1,,kas_p,Kinship-stepmother,wɔr mɨːd͡ʒ,wɔr_mɨːd͡ʒ,w ɔ r + m ɨː dʒ,,hindukush,,,^ w ɔ r _ m ɨː d͡ʒ $,default,
kas_p-Kinship-stepfather-1,,kas_p,Kinship-stepfather,wɔr moːl,wɔr_moːl,w ɔ r + m oː l,,hindukush,,,^ w ɔ r _ m oː l $,default,
kas_p-Kinship-stepson-1,,kas_p,Kinship-stepson,wɔr nit͡ʃo,wɔr_nit͡ʃo,w ɔ r + n i tʃ o,,hindukush,,,^ w ɔ r _ n i t͡ʃ o $,default,
kas_p-Kinship-stepdaughter-1,,kas_p,Kinship-stepdaughter,wɔr koːɽ,wɔr_koːɽ,w ɔ r + k oː ɽ,,hindukush,,,^ w ɔ r _ k oː ɽ $,default,
kas_p-Kinship-fathersfathersfather-1,,kas_p,Kinship-fathersfathersfather,paɽ daːdɨ,paɽ_daːdɨ,p a ɽ + d aː d ɨ,,hindukush,,,^ p a ɽ _ d aː d ɨ $,default,
kas_p-Kinship-mothersmothersmother-1,,kas_p,Kinship-mothersmothersmother,paɽ nãːj,paɽ_nãːj,p a ɽ + n ãː j,,hindukush,,,^ p a ɽ _ n ãː j $,default,
kas_p-Kinship-forefather-1,,kas_p,Kinship-forefather,ləkɨɽ daːdɨ,ləkɨɽ_daːdɨ,l ə k ɨ ɽ + d aː d ɨ,,hindukush,,,^ l ə k ɨ ɽ _ d aː d ɨ $,default,
kas_p-Kinship-foremother-1,,kas_p,Kinship-foremother,ləkɨɽ dɨːdʲ,ləkɨɽ_dɨːdʲ,l ə k ɨ ɽ + d ɨː dʲ,,hindukush,,,^ l ə k ɨ ɽ _ d ɨː dʲ $,default,
kas_p-Kinship-fathersbrothersson-1,,kas_p,Kinship-fathersbrothersson,pitor boːj,pitor_boːj,p i t o r + b oː j,,hindukush,,,^ p i t o r _ b oː j $,default,
kas_p-Kinship-fathersbrothersdaughter-1,,kas_p,Kinship-fathersbrothersdaughter,pitɨr beɲ,pitɨr_beɲ,p i t ɨ r + b e ɲ,,hindukush,,,^ p i t ɨ r _ b e ɲ $,default,
kas_p-Kinship-fatherssistersson-1,,kas_p,Kinship-fatherssistersson,pɔpʰtor boːj,pɔpʰtor_boːj,p ɔ pʰ t o r + b oː j,,hindukush,,,^ p ɔ pʰ t o r _ b oː j $,default,
kas_p-Kinship-fatherssistersdaughter-1,,kas_p,Kinship-fatherssistersdaughter,pɔpʰtɨr beɲ,pɔpʰtɨr_beɲ,p ɔ pʰ t ɨ r + b e ɲ,,hindukush,,,^ p ɔ pʰ t ɨ r _ b e ɲ $,default,
kas_p-Kinship-mothersbrothersson-1,,kas_p,Kinship-mothersbrothersson,maːmtor boːj,maːmtor_boːj,m aː m t o r + b oː j,,hindukush,,,^ m aː m t o r _ b oː j $,default,
kas_p-Kinship-mothersbrothersdaughter-1,,kas_p,Kinship-mothersbrothersdaughter,maːmtɨr beɲ,maːmtɨr_beɲ,m aː m t ɨ r + b e ɲ,,hindukush,,,^ m aː m t ɨ r _ b e ɲ $,default,
kas_p-Kinship-motherssistersson-1,,kas_p,Kinship-motherssistersson,maːstor boːj,maːstor_boːj,m aː s t o r + b oː j,,hindukush,,,^ m aː s t o r _ b oː j $,default,
kas_p-Kinship-motherssistersdaughter-1,,kas_p,Kinship-motherssistersdaughter,maːstɨr beɲ,maːstɨr_beɲ,m aː s t ɨ r + b e ɲ,,hindukush,,,^ m aː s t ɨ r _ b e ɲ $,default,
kas_p-Kinship-relative-1,,kas_p,Kinship-relative,riʃtɨdaːr,riʃtɨdaːr,r i ʃ t ɨ d aː r,,hindukush,,,^ r i ʃ t ɨ d aː r $,default,
kas_p-Kinship-bloodrelative-1,,kas_p,Kinship-bloodrelative,haɖəl,haɖəl,h a ɖ ə l,,hindukush,,,^ h a ɖ ə l $,default,
kas_p-Kinship-wifesrelatives-1,,kas_p,Kinship-wifesrelatives,wɨːrjũ,wɨːrjũ,w ɨː r j ũ,,hindukush,,,^ w ɨː r j ũ $,default,
kas_p-Kinship-headofhousehold-1,,kas_p,Kinship-headofhousehold,zuʈʰ,zuʈʰ,z u ʈʰ,,hindukush,,,^ z u ʈʰ $,default,
kas_p-Kinship-headofclan-1,,kas_p,Kinship-headofclan,zuʈʰ,zuʈʰ,z u ʈʰ,,hindukush,,,^ z u ʈʰ $,default,
kas_p-Kinship-halfsistersamefatherdifferentmother-1,,kas_p,Kinship-halfsistersamefatherdifferentmother,wɔr beɲ,wɔr_beɲ,w ɔ r + b e ɲ,,hindukush,,,^ w ɔ r _ b e ɲ $,default,
kas_p-Kinship-halfbrothersamefatherdifferentmother-1,,kas_p,Kinship-halfbrothersamefatherdifferentmother,wɔr boːj,wɔr_boːj,w ɔ r + b oː j,,hindukush,,,^ w ɔ r _ b oː j $,default,
bsh_e-Kinship-father-1,,bsh_e,Kinship-father,tɑː,tɑː,t ɑː,,hindukush,,,^ t ɑː $,default,
bsh_e-Kinship-mother-1,,bsh_e,Kinship-mother,nuː,nuː,n uː,,hindukush,,,^ n uː $,default,
bsh_e-Kinship-parent-1,,bsh_e,Kinship-parent,nuːtɑːt,nuːtɑːt,n uː t ɑː t,,hindukush,,,^ n uː t ɑː t $,default,
bsh_e-Kinship-son-1,,bsh_e,Kinship-son,məɽə,məɽə,m ə ɽ ə,,hindukush,,,^ m ə ɽ ə $,default,
bsh_e-Kinship-daughter-1,,bsh_e,Kinship-daughter,d͡ʒuk,d͡ʒuk,dʒ u k,,hindukush,,,^ d͡ʒ u k $,default,
bsh_e-Kinship-ownchild-1,,bsh_e,Kinship-ownchild,pərməɽ,pərməɽ,p ə r m ə ɽ,,hindukush,,,^ p ə r m ə ɽ $,default,
bsh_e-Kinship-brother-1,,bsh_e,Kinship-brother,bɻɑː,bɻɑː,b ɻ ɑː,,hindukush,,,^ b ɻ ɑː $,default,
bsh_e-Kinship-sister-1,,bsh_e,Kinship-sister,sus,sus,s u s,,hindukush,,,^ s u s $,default,
bsh_e-Kinship-olderbrother-1,,bsh_e,Kinship-olderbrother,d͡ʒiʂt bɻɑː,d͡ʒiʂt_bɻɑː,dʒ i ʂ t + b ɻ ɑː,,hindukush,,,^ d͡ʒ i ʂ t _ b ɻ ɑː $,default,
bsh_e-Kinship-youngerbrother-1,,bsh_e,Kinship-youngerbrother,pərməɽ bɻɑː,pərməɽ_bɻɑː,p ə r m ə ɽ + b ɻ ɑː,,hindukush,,,^ p ə r m ə ɽ _ b ɻ ɑː $,default,
bsh_e-Kinship-oldersister-1,,bsh_e,Kinship-oldersister,aːli sus,aːli_sus,aː l i + s u s,,hindukush,,,^ aː l i _ s u s $,default,
bsh_e-Kinship-youngersister-1,,bsh_e,Kinship-youngersister,pərməɽiː sus,pərməɽiː_sus,p ə r m ə ɽ iː + s u s,,hindukush,,,^ p ə r m ə ɽ iː _ s u s $,default,
bsh_e-Kinship-fathersfather-1,,bsh_e,Kinship-fathersfather,altɑːtiː stə tɑːtəs,altɑːtiː_stə_tɑːtəs,a l t ɑː t iː + s t ə + t ɑː t ə s,,hindukush,,,^ a l t ɑː t iː _ s t ə _ t ɑː t ə s $,default,
bsh_e-Kinship-fathersmother-1,,bsh_e,Kinship-fathersmother,aːli nuː susus,aːli_nuː_susus,aː l i + n uː + s u s u s,,hindukush,,,^ aː l i _ n uː _ s u s u s $,default,
bsh_e-Kinship-mothersfather-1,,bsh_e,Kinship-mothersfather,puːru wɑː nuː stə tɑːtəs,puːru_wɑː_nuː_stə_tɑːtəs,p uː r u + w ɑː + n uː + s t ə + t ɑː t ə s,,hindukush,,,^ p uː r u _ w ɑː _ n uː _ s t ə _ t ɑː t ə s $,default,
bsh_e-Kinship-mothersmother-1,,bsh_e,Kinship-mothersmother,puːru wɑː nuː stə wajs,puːru_wɑː_nuː_stə_wajs,p uː r u + w ɑː + n uː + s t ə + w a j s,,hindukush,,,^ p uː r u _ w ɑː _ n uː _ s t ə _ w a js $,default,
bsh_e-Kinship-sonsson-1,,bsh_e,Kinship-sonsson,nawɑ,nawɑ,n a w ɑ,,hindukush,,,^ n a w ɑ $,default,
bsh_e-Kinship-sonsdaughter-1,,bsh_e,Kinship-sonsdaughter,d͡ʒuk pɑːr nawɑ,d͡ʒuk_pɑːr_nawɑ,dʒ u k + p ɑː r + n a w ɑ,,hindukush,,,^ d͡ʒ u k _ p ɑː r _ n a w ɑ $,default,
bsh_e-Kinship-daughtersson-1,,bsh_e,Kinship-daughtersson,d͡ʒuk mərə nawɑ,d͡ʒuk_mərə_nawɑ,dʒ u k + m ə r ə + n a w ɑ,,hindukush,,,^ d͡ʒ u k _ m ə r ə _ n a w ɑ $,default,
bsh_e-Kinship-daughtersdaughter-1,,bsh_e,Kinship-daughtersdaughter,"d͡ʒuk stə d͡ʒuk, nut",d͡ʒuk_stə_d͡ʒuk,dʒ u k + s t ə + dʒ u k,,hindukush,,,^ d͡ʒ u k _ s t ə _ d͡ʒ u k $,default,
bsh_e-Kinship-daughtersdaughter-2,,bsh_e,Kinship-daughtersdaughter,"d͡ʒuk stə d͡ʒuk, nut",nut,n u t,,hindukush,,,^ n u t $,default,
bsh_e-Kinship-fathersbrother-1,,bsh_e,Kinship-fathersbrother,mad͡ʒimtɑː,mad͡ʒimtɑː,m a dʒ i m t ɑː,,hindukush,,,^ m a d͡ʒ i m t ɑː $,default,
bsh_e-Kinship-fathersolderbrother-1,,bsh_e,Kinship-fathersolderbrother,d͡ʒiʂtɑː,d͡ʒiʂtɑː,dʒ i ʂ t ɑː,,hindukush,,,^ d͡ʒ i ʂ t ɑː $,default,
bsh_e-Kinship-fathersyoungerbrother-1,,bsh_e,Kinship-fathersyoungerbrother,kaːʂtɑː,kaːʂtɑː,k aː ʂ t ɑː,,hindukush,,,^ k aː ʂ t ɑː $,default,
bsh_e-Kinship-fatherssister-1,,bsh_e,Kinship-fatherssister,mad͡ʒmiː nuː tɑːtiː susus,mad͡ʒmiː_nuː_tɑːtiː_susus,m a dʒ m iː + n uː + t ɑː t iː + s u s u s,,hindukush,,,^ m a d͡ʒ m iː _ n uː _ t ɑː t iː _ s u s u s $,default,
bsh_e-Kinship-fathersoldersister-1,,bsh_e,Kinship-fathersoldersister,d͡ʒiʂt nuː tɑːtiː susus,d͡ʒiʂt_nuː_tɑːtiː_susus,dʒ i ʂ t + n uː + t ɑː t iː + s u s u s,,hindukush,,,^ d͡ʒ i ʂ t _ n uː _ t ɑː t iː _ s u s u s $,default,
bsh_e-Kinship-fathersyoungersister-1,,bsh_e,Kinship-fathersyoungersister,kaːʂti nuː tɑːtiː susus,kaːʂti_nuː_tɑːtiː_susus,k aː ʂ t i + n uː + t ɑː t iː + s u s u s,,hindukush,,,^ k aː ʂ t i _ n uː _ t ɑː t iː _ s u s u s $,default,
bsh_e-Kinship-mothersbrother-1,,bsh_e,Kinship-mothersbrother,mam,mam,m a m,,hindukush,,,^ m a m $,default,
bsh_e-Kinship-mothersolderbrother-1,,bsh_e,Kinship-mothersolderbrother,mam,mam,m a m,,hindukush,,,^ m a m $,default,
bsh_e-Kinship-mothersyoungerbrother-1,,bsh_e,Kinship-mothersyoungerbrother,mam,mam,m a m,,hindukush,,,^ m a m $,default,
bsh_e-Kinship-motherssister-1,,bsh_e,Kinship-motherssister,mad͡ʒmiː nuː susus,mad͡ʒmiː_nuː_susus,m a dʒ m iː + n uː + s u s u s,,hindukush,,,^ m a d͡ʒ m iː _ n uː _ s u s u s $,default,
bsh_e-Kinship-mothersoldersister-1,,bsh_e,Kinship-mothersoldersister,d͡ʒiʂt nuː naː susus,d͡ʒiʂt_nuː_naː_susus,dʒ i ʂ t + n uː + n aː + s u s u s,,hindukush,,,^ d͡ʒ i ʂ t _ n uː _ n aː _ s u s u s $,default,
bsh_e-Kinship-mothersyoungersister-1,,bsh_e,Kinship-mothersyoungersister,nuː stə kaːʂti sus,nuː_stə_kaːʂti_sus,n uː + s t ə + k aː ʂ t i + s u s,,hindukush,,,^ n uː _ s t ə _ k aː ʂ t i _ s u s $,default,
bsh_e-Kinship-brothersson-1,,bsh_e,Kinship-brothersson,bɻɑː mərə,bɻɑː_mərə,b ɻ ɑː + m ə r ə,,hindukush,,,^ b ɻ ɑː _ m ə r ə $,default,
bsh_e-Kinship-brothersdaughter-1,,bsh_e,Kinship-brothersdaughter,bɻɑː d͡ʒuk,bɻɑː_d͡ʒuk,b ɻ ɑː + dʒ u k,,hindukush,,,^ b ɻ ɑː _ d͡ʒ u k $,default,
bsh_e-Kinship-sistersson-1,,bsh_e,Kinship-sistersson,susə məɽə,susə_məɽə,s u s ə + m ə ɽ ə,,hindukush,,,^ s u s ə _ m ə ɽ ə $,default,
bsh_e-Kinship-sistersdaughter-1,,bsh_e,Kinship-sistersdaughter,susə d͡ʒuk,susə_d͡ʒuk,s u s ə + dʒ u k,,hindukush,,,^ s u s ə _ d͡ʒ u k $,default,
bsh_e-Kinship-husband-1,,bsh_e,Kinship-husband,mɑːt͡ʃ,mɑːt͡ʃ,m ɑː tʃ,,hindukush,,,^ m ɑː t͡ʃ $,default,
bsh_e-Kinship-wife-1,,bsh_e,Kinship-wife,ʃtəriː,ʃtəriː,ʃ t ə r iː,,hindukush,,,^ ʃ t ə r iː $,default,
bsh_e-Kinship-fathersolderbrotherswife-1,,bsh_e,Kinship-fathersolderbrotherswife,mad͡ʒimtɑːteː ʃtəriːs,mad͡ʒimtɑːteː_ʃtəriːs,m a dʒ i m t ɑː t eː + ʃ t ə r iː s,,hindukush,,,^ m a d͡ʒ i m t ɑː t eː _ ʃ t ə r iː s $,default,
bsh_e-Kinship-fathersyoungerbrotherswife-1,,bsh_e,Kinship-fathersyoungerbrotherswife,kaːʂtɑːteː ʃtəriːs,kaːʂtɑːteː_ʃtəriːs,k aː ʂ t ɑː t eː + ʃ t ə r iː s,,hindukush,,,^ k aː ʂ t ɑː t eː _ ʃ t ə r iː s $,default,
bsh_e-Kinship-fatherssistershusband-1,,bsh_e,Kinship-fatherssistershusband,mad͡ʒmiː nuː mɑːt͡ʃiːs,mad͡ʒmiː_nuː_mɑːt͡ʃiːs,m a dʒ m iː + n uː + m ɑː tʃ iː s,,hindukush,,,^ m a d͡ʒ m iː _ n uː _ m ɑː t͡ʃ iː s $,default,
bsh_e-Kinship-mothersbrotherswife-1,,bsh_e,Kinship-mothersbrotherswife,mameː ʃtəriːs,mameː_ʃtəriːs,m a m eː + ʃ t ə r iː s,,hindukush,,,^ m a m eː _ ʃ t ə r iː s $,default,
bsh_e-Kinship-motherssistershusband-1,,bsh_e,Kinship-motherssistershusband,naː susus mɑːt͡ʃiːs,naː_susus_mɑːt͡ʃiːs,n aː + s u s u s + m ɑː tʃ iː s,,hindukush,,,^ n aː _ s u s u s _ m ɑː t͡ʃ iː s $,default,
bsh_e-Kinship-sonswife-1,,bsh_e,Kinship-sonswife,wuː,wuː,w uː,,hindukush,,,^ w uː $,default,
bsh_e-Kinship-daughtershusband-1,,bsh_e,Kinship-daughtershusband,zəmɑː,zəmɑː,z ə m ɑː,,hindukush,,,^ z ə m ɑː $,default,
bsh_e-Kinship-brotherswifemaleego-1,,bsh_e,Kinship-brotherswifemaleego,bɻɑː ʃtəriːs,bɻɑː_ʃtəriːs,b ɻ ɑː + ʃ t ə r iː s,,hindukush,,,^ b ɻ ɑː _ ʃ t ə r iː s $,default,
bsh_e-Kinship-brotherswifefemaleego-1,,bsh_e,Kinship-brotherswifefemaleego,bɻɑː ʃtəriːs,bɻɑː_ʃtəriːs,b ɻ ɑː + ʃ t ə r iː s,,hindukush,,,^ b ɻ ɑː _ ʃ t ə r iː s $,default,
bsh_e-Kinship-sistershusbandmaleego-1,,bsh_e,Kinship-sistershusbandmaleego,ʒami,ʒami,ʒ a m i,,hindukush,,,^ ʒ a m i $,default,
bsh_e-Kinship-sistershusbandfemaleego-1,,bsh_e,Kinship-sistershusbandfemaleego,ʒami,ʒami,ʒ a m i,,hindukush,,,^ ʒ a m i $,default,
bsh_e-Kinship-wifesfather-1,,bsh_e,Kinship-wifesfather,sijuɻ,sijuɻ,s i j u ɻ,,hindukush,,,^ s i j u ɻ $,default,
bsh_e-Kinship-wifesmother-1,,bsh_e,Kinship-wifesmother,ʈ͡ʂut͡ʃ,ʈ͡ʂut͡ʃ,ʈʂ u tʃ,,hindukush,,,^ ʈ͡ʂ u t͡ʃ $,default,
bsh_e-Kinship-husbandsfather-1,,bsh_e,Kinship-husbandsfather,sijuɻ,sijuɻ,s i j u ɻ,,hindukush,,,^ s i j u ɻ $,default,
bsh_e-Kinship-husbandsmother-1,,bsh_e,Kinship-husbandsmother,ʈ͡ʂut͡ʃ,ʈ͡ʂut͡ʃ,ʈʂ u tʃ,,hindukush,,,^ ʈ͡ʂ u t͡ʃ $,default,
bsh_e-Kinship-husbandsbrother-1,,bsh_e,Kinship-husbandsbrother,mɑːt͡ʃi bɻɑː,mɑːt͡ʃi_bɻɑː,m ɑː tʃ i + b ɻ ɑː,,hindukush,,,^ m ɑː t͡ʃ i _ b ɻ ɑː $,default,
bsh_e-Kinship-husbandssister-1,,bsh_e,Kinship-husbandssister,mɑːt͡ʃiː sus,mɑːt͡ʃiː_sus,m ɑː tʃ iː + s u s,,hindukush,,,^ m ɑː t͡ʃ iː _ s u s $,default,
bsh_e-Kinship-wifesbrother-1,,bsh_e,Kinship-wifesbrother,ʒami,ʒami,ʒ a m i,,hindukush,,,^ ʒ a m i $,default,
bsh_e-Kinship-wifessister-1,,bsh_e,Kinship-wifessister,ʒami,ʒami,ʒ a m i,,hindukush,,,^ ʒ a m i $,default,
bsh_e-Kinship-husbandsbrotherswife-1,,bsh_e,Kinship-husbandsbrotherswife,mɑːt͡ʃiː bɻɑː ʃtəriː,mɑːt͡ʃiː_bɻɑː_ʃtəriː,m ɑː tʃ iː + b ɻ ɑː + ʃ t ə r iː,,hindukush,,,^ m ɑː t͡ʃ iː _ b ɻ ɑː _ ʃ t ə r iː $,default,
bsh_e-Kinship-husbandssistershusband-1,,bsh_e,Kinship-husbandssistershusband,mɑːt͡ʃiː stə susus mɑːt͡ʃiːs,mɑːt͡ʃiː_stə_susus_mɑːt͡ʃiːs,m ɑː tʃ iː + s t ə + s u s u s + m ɑː tʃ iː s,,hindukush,,,^ m ɑː t͡ʃ iː _ s t ə _ s u s u s _ m ɑː t͡ʃ iː s $,default,
bsh_e-Kinship-wifesbrotherswife-1,,bsh_e,Kinship-wifesbrotherswife,ʒami ʃtəriːs,ʒami_ʃtəriːs,ʒ a m i + ʃ t ə r iː s,,hindukush,,,^ ʒ a m i _ ʃ t ə r iː s $,default,
bsh_e-Kinship-wifessistershusband-1,,bsh_e,Kinship-wifessistershusband,ʃtəriː stə susus mɑːt͡ʃiːs,ʃtəriː_stə_susus_mɑːt͡ʃiːs,ʃ t ə r iː + s t ə + s u s u s + m ɑː tʃ iː s,,hindukush,,,^ ʃ t ə r iː _ s t ə _ s u s u s _ m ɑː t͡ʃ iː s $,default,
bsh_e-Kinship-cowife-1,,bsh_e,Kinship-cowife,jari,jari,j a r i,,hindukush,,,^ j a r i $,default,
bsh_e-Kinship-sonswifesfather-1,,bsh_e,Kinship-sonswifesfather,mərə sijuɻs,mərə_sijuɻs,m ə r ə + s i j u ɻ s,,hindukush,,,^ m ə r ə _ s i j u ɻs $,default,
bsh_e-Kinship-sonswifesmother-1,,bsh_e,Kinship-sonswifesmother,mərə ʈ͡ʂut͡ʃus,mərə_ʈ͡ʂut͡ʃus,m ə r ə + ʈʂ u tʃ u s,,hindukush,,,^ m ə r ə _ ʈ͡ʂ u t͡ʃ u s $,default,
bsh_e-Kinship-daughtershusbandsfather-1,,bsh_e,Kinship-daughtershusbandsfather,d͡ʒukə sijuɻs,d͡ʒukə_sijuɻs,dʒ u k ə + s i j u ɻ s,,hindukush,,,^ d͡ʒ u k ə _ s i j u ɻs $,default,
bsh_e-Kinship-daughtershusbandsmother-1,,bsh_e,Kinship-daughtershusbandsmother,d͡ʒukə ʈ͡ʂut͡ʃus,d͡ʒukə_ʈ͡ʂut͡ʃus,dʒ u k ə + ʈʂ u tʃ u s,,hindukush,,,^ d͡ʒ u k ə _ ʈ͡ʂ u t͡ʃ u s $,default,
bsh_e-Kinship-stepsisternosharedparent-1,,bsh_e,Kinship-stepsisternosharedparent,jari nuː stə war mɑːt͡ʃi taː d͡ʒuk,jari_nuː_stə_war_mɑːt͡ʃi_taː_d͡ʒuk,j a r i + n uː + s t ə + w a r + m ɑː tʃ i + t aː + dʒ u k,,hindukush,,,^ j a r i _ n uː _ s t ə _ w a r _ m ɑː t͡ʃ i _ t aː _ d͡ʒ u k $,default,
bsh_e-Kinship-stepbrothernosharedparent-1,,bsh_e,Kinship-stepbrothernosharedparent,jari nuː stə war mɑːt͡ʃi taː məɽə,jari_nuː_stə_war_mɑːt͡ʃi_taː_məɽə,j a r i + n uː + s t ə + w a r + m ɑː tʃ i + t aː + m ə ɽ ə,,hindukush,,,^ j a r i _ n uː _ s t ə _ w a r _ m ɑː t͡ʃ i _ t aː _ m ə ɽ ə $,default,
bsh_e-Kinship-stepmother-1,,bsh_e,Kinship-stepmother,jari nu,jari_nu,j a r i + n u,,hindukush,,,^ j a r i _ n u $,default,
bsh_e-Kinship-stepfather-1,,bsh_e,Kinship-stepfather,war tɑː,war_tɑː,w a r + t ɑː,,hindukush,,,^ w a r _ t ɑː $,default,
bsh_e-Kinship-stepson-1,,bsh_e,Kinship-stepson,jari məɽə,jari_məɽə,j a r i + m ə ɽ ə,,hindukush,,,^ j a r i _ m ə ɽ ə $,default,
bsh_e-Kinship-stepdaughter-1,,bsh_e,Kinship-stepdaughter,jari d͡ʒuk,jari_d͡ʒuk,j a r i + dʒ u k,,hindukush,,,^ j a r i _ d͡ʒ u k $,default,
bsh_e-Kinship-fathersfathersfather-1,,bsh_e,Kinship-fathersfathersfather,pur wɑː,pur_wɑː,p u r + w ɑː,,hindukush,,,^ p u r _ w ɑː $,default,
bsh_e-Kinship-mothersmothersmother-1,,bsh_e,Kinship-mothersmothersmother,pur waj,pur_waj,p u r + w a j,,hindukush,,,^ p u r _ w a j $,default,
bsh_e-Kinship-forefather-1,,bsh_e,Kinship-forefather,wɑː,wɑː,w ɑː,,hindukush,,,^ w ɑː $,default,
bsh_e-Kinship-foremother-1,,bsh_e,Kinship-foremother,waj,waj,w a j,,hindukush,,,^ w a j $,default,
bsh_e-Kinship-fathersbrothersson-1,,bsh_e,Kinship-fathersbrothersson,mad͡ʒimtɑːteː məɽə,mad͡ʒimtɑːteː_məɽə,m a dʒ i m t ɑː t eː + m ə ɽ ə,,hindukush,,,^ m a d͡ʒ i m t ɑː t eː _ m ə ɽ ə $,default,
bsh_e-Kinship-fathersbrothersdaughter-1,,bsh_e,Kinship-fathersbrothersdaughter,mad͡ʒimtɑːteː d͡ʒuk,mad͡ʒimtɑːteː_d͡ʒuk,m a dʒ i m t ɑː t eː + dʒ u k,,hindukush,,,^ m a d͡ʒ i m t ɑː t eː _ d͡ʒ u k $,default,
bsh_e-Kinship-fatherssistersson-1,,bsh_e,Kinship-fatherssistersson,mad͡ʒmiː naː məɽə,mad͡ʒmiː_naː_məɽə,m a dʒ m iː + n aː + m ə ɽ ə,,hindukush,,,^ m a d͡ʒ m iː _ n aː _ m ə ɽ ə $,default,
bsh_e-Kinship-fatherssistersdaughter-1,,bsh_e,Kinship-fatherssistersdaughter,mad͡ʒmiː naː d͡ʒuk,mad͡ʒmiː_naː_d͡ʒuk,m a dʒ m iː + n aː + dʒ u k,,hindukush,,,^ m a d͡ʒ m iː _ n aː _ d͡ʒ u k $,default,
bsh_e-Kinship-mothersbrothersson-1,,bsh_e,Kinship-mothersbrothersson,mameː məɽə,mameː_məɽə,m a m eː + m ə ɽ ə,,hindukush,,,^ m a m eː _ m ə ɽ ə $,default,
bsh_e-Kinship-mothersbrothersdaughter-1,,bsh_e,Kinship-mothersbrothersdaughter,mameː d͡ʒuk,mameː_d͡ʒuk,m a m eː + dʒ u k,,hindukush,,,^ m a m eː _ d͡ʒ u k $,default,
bsh_e-Kinship-motherssistersson-1,,bsh_e,Kinship-motherssistersson,kaːʂti naː məɽə,kaːʂti_naː_məɽə,k aː ʂ t i + n aː + m ə ɽ ə,,hindukush,,,^ k aː ʂ t i _ n aː _ m ə ɽ ə $,default,
bsh_e-Kinship-motherssistersdaughter-1,,bsh_e,Kinship-motherssistersdaughter,kaːʂti naː d͡ʒuk,kaːʂti_naː_d͡ʒuk,k aː ʂ t i + n aː + dʒ u k,,hindukush,,,^ k aː ʂ t i _ n aː _ d͡ʒ u k $,default,
bsh_e-Kinship-relative-1,,bsh_e,Kinship-relative,zɑːtər,zɑːtər,z ɑː t ə r,,hindukush,,,^ z ɑː t ə r $,default,
bsh_e-Kinship-affinalrelative-1,,bsh_e,Kinship-affinalrelative,sijuɻdarə,sijuɻdarə,s i j u ɻ d a r ə,,hindukush,,,^ s i j u ɻ d a r ə $,default,
bsh_e-Kinship-bloodrelative-1,,bsh_e,Kinship-bloodrelative,əluːtaːstə,əluːtaːstə,ə l uː t aː s t ə,,hindukush,,,^ ə l uː t aː s t ə $,default,
bsh_e-Kinship-wifesrelatives-1,,bsh_e,Kinship-wifesrelatives,ʒami darə,ʒami_darə,ʒ a m i + d a r ə,,hindukush,,,^ ʒ a m i _ d a r ə $,default,
bsh_e-Kinship-headofhousehold-1,,bsh_e,Kinship-headofhousehold,almant͡ʃɑː aməɻwaj,almant͡ʃɑː_aməɻwaj,a l m a n tʃ ɑː + a m ə ɻ w a j,,hindukush,,,^ a l m a n t͡ʃ ɑː _ a m ə ɻw a j $,default,
bsh_e-Kinship-headofclan-1,,bsh_e,Kinship-headofclan,altɑːtbɻɑː,altɑːtbɻɑː,a l t ɑː t b ɻ ɑː,,hindukush,,,^ a l t ɑː t b ɻ ɑː $,default,
bsh_e-Kinship-headoftribe-1,,bsh_e,Kinship-headoftribe,gamd͡ʒiʂt,gamd͡ʒiʂt,g a m dʒ i ʂ t,,hindukush,,,^ g a m d͡ʒ i ʂ t $,default,
bsh_e-Kinship-halfsistersamefatherdifferentmother-1,,bsh_e,Kinship-halfsistersamefatherdifferentmother,tɑː eː waj sus,tɑː_eː_waj_sus,t ɑː + eː + w a j + s u s,,hindukush,,,^ t ɑː _ eː _ w a j _ s u s $,default,
bsh_e-Kinship-halfbrothersamefatherdifferentmother-1,,bsh_e,Kinship-halfbrothersamefatherdifferentmother,tɑː eː wɑː bɻɑː,tɑː_eː_wɑː_bɻɑː,t ɑː + eː + w ɑː + b ɻ ɑː,,hindukush,,,^ t ɑː _ eː _ w ɑː _ b ɻ ɑː $,default,
bsh_e-Kinship-halfsistersamemotherdifferentfather-1,,bsh_e,Kinship-halfsistersamemotherdifferentfather,nuː eː waj sus,nuː_eː_waj_sus,n uː + eː + w a j + s u s,,hindukush,,,^ n uː _ eː _ w a j _ s u s $,default,
bsh_e-Kinship-halfbrothersamemotherdifferentfather-1,,bsh_e,Kinship-halfbrothersamemotherdifferentfather,nuː eː wɑː bɻɑː,nuː_eː_wɑː_bɻɑː,n uː + eː + w ɑː + b ɻ ɑː,,hindukush,,,^ n uː _ eː _ w ɑː _ b ɻ ɑː $,default,
bsh_w-Kinship-father-1,,bsh_w,Kinship-father,tɑː,tɑː,t ɑː,,hindukush,,,^ t ɑː $,default,
bsh_w-Kinship-mother-1,,bsh_w,Kinship-mother,nu,nu,n u,,hindukush,,,^ n u $,default,
bsh_w-Kinship-parent-1,,bsh_w,Kinship-parent,nutɑːt,nutɑːt,n u t ɑː t,,hindukush,,,^ n u t ɑː t $,default,
bsh_w-Kinship-son-1,,bsh_w,Kinship-son,je pitrə,je_pitrə,j e + p i t r ə,,hindukush,,,^ j e _ p i t r ə $,default,
bsh_w-Kinship-daughter-1,,bsh_w,Kinship-daughter,je d͡ʒuk,je_d͡ʒuk,j e + dʒ u k,,hindukush,,,^ j e _ d͡ʒ u k $,default,
bsh_w-Kinship-ownchild-1,,bsh_w,Kinship-ownchild,mrə,mrə,m r ə,,hindukush,,,^ m r ə $,default,
bsh_w-Kinship-brother-1,,bsh_w,Kinship-brother,bɻɑː,bɻɑː,b ɻ ɑː,,hindukush,,,^ b ɻ ɑː $,default,
bsh_w-Kinship-sister-1,,bsh_w,Kinship-sister,sus,sus,s u s,,hindukush,,,^ s u s $,default,
bsh_w-Kinship-olderbrother-1,,bsh_w,Kinship-olderbrother,d͡ʒiʃt bɻɑː,d͡ʒiʃt_bɻɑː,dʒ i ʃ t + b ɻ ɑː,,hindukush,,,^ d͡ʒ i ʃ t _ b ɻ ɑː $,default,
bsh_w-Kinship-youngerbrother-1,,bsh_w,Kinship-youngerbrother,kɻiʃtə bɻɑː,kɻiʃtə_bɻɑː,k ɻ i ʃ t ə + b ɻ ɑː,,hindukush,,,^ k ɻ i ʃ t ə _ b ɻ ɑː $,default,
bsh_w-Kinship-oldersister-1,,bsh_w,Kinship-oldersister,d͡ʒiʃt sus,d͡ʒiʃt_sus,dʒ i ʃ t + s u s,,hindukush,,,^ d͡ʒ i ʃ t _ s u s $,default,
bsh_w-Kinship-youngersister-1,,bsh_w,Kinship-youngersister,kɻiʃtə sus,kɻiʃtə_sus,k ɻ i ʃ t ə + s u s,,hindukush,,,^ k ɻ i ʃ t ə _ s u s $,default,
bsh_w-Kinship-fathersfather-1,,bsh_w,Kinship-fathersfather,wɑːw,wɑːw,w ɑː w,,hindukush,,,^ w ɑː w $,default,
bsh_w-Kinship-fathersmother-1,,bsh_w,Kinship-fathersmother,wajiː,wajiː,w a j iː,,hindukush,,,^ w a j iː $,default,
bsh_w-Kinship-mothersfather-1,,bsh_w,Kinship-mothersfather,nuɻaː tɑːtus wɑːw,nuɻaː_tɑːtus_wɑːw,n u ɻ aː + t ɑː t u s + w ɑː w,,hindukush,,,^ n u ɻ aː _ t ɑː t u s _ w ɑː w $,default,
bsh_w-Kinship-mothersmother-1,,bsh_w,Kinship-mothersmother,nuɻaː nuɻus wajiː,nuɻaː_nuɻus_wajiː,n u ɻ aː + n u ɻ u s + w a j iː,,hindukush,,,^ n u ɻ aː _ n u ɻ u s _ w a j iː $,default,
bsh_w-Kinship-sonsson-1,,bsh_w,Kinship-sonsson,"nuwɑːk, nuwɑːka puwat͡s",nuwɑːk,n u w ɑː k,,hindukush,,,^ n u w ɑː k $,default,
bsh_w-Kinship-sonsson-2,,bsh_w,Kinship-sonsson,"nuwɑːk, nuwɑːka puwat͡s",nuwɑːka_puwat͡s,n u w ɑː k a + p u w a ts,,hindukush,,,^ n u w ɑː k a _ p u w a t͡s $,default,
bsh_w-Kinship-sonsdaughter-1,,bsh_w,Kinship-sonsdaughter,"nutuk, puwat͡s",nutuk,n u t u k,,hindukush,,,^ n u t u k $,default,
bsh_w-Kinship-sonsdaughter-2,,bsh_w,Kinship-sonsdaughter,"nutuk, puwat͡s",puwat͡s,p u w a ts,,hindukush,,,^ p u w a t͡s $,default,
bsh_w-Kinship-daughtersson-1,,bsh_w,Kinship-daughtersson,nuwɑːka d͡ʒuk,nuwɑːka_d͡ʒuk,n u w ɑː k a + dʒ u k,,hindukush,,,^ n u w ɑː k a _ d͡ʒ u k $,default,
bsh_w-Kinship-daughtersdaughter-1,,bsh_w,Kinship-daughtersdaughter,nutuka d͡ʒuk,nutuka_d͡ʒuk,n u t u k a + dʒ u k,,hindukush,,,^ n u t u k a _ d͡ʒ u k $,default,
bsh_w-Kinship-fathersbrother-1,,bsh_w,Kinship-fathersbrother,mad͡ʒimtɑː,mad͡ʒimtɑː,m a dʒ i m t ɑː,,hindukush,,,^ m a d͡ʒ i m t ɑː $,default,
bsh_w-Kinship-fathersolderbrother-1,,bsh_w,Kinship-fathersolderbrother,altɑː,altɑː,a l t ɑː,,hindukush,,,^ a l t ɑː $,default,
bsh_w-Kinship-fathersyoungerbrother-1,,bsh_w,Kinship-fathersyoungerbrother,kɻiʃtɑː,kɻiʃtɑː,k ɻ i ʃ t ɑː,,hindukush,,,^ k ɻ i ʃ t ɑː $,default,
bsh_w-Kinship-fatherssister-1,,bsh_w,Kinship-fatherssister,naniː,naniː,n a n iː,,hindukush,,,^ n a n iː $,default,
bsh_w-Kinship-fathersoldersister-1,,bsh_w,Kinship-fathersoldersister,ali naniː,ali_naniː,a l i + n a n iː,,hindukush,,,^ a l i _ n a n iː $,default,
bsh_w-Kinship-fathersyoungersister-1,,bsh_w,Kinship-fathersyoungersister,pumɻiː naniː,pumɻiː_naniː,p u m ɻ iː + n a n iː,,hindukush,,,^ p u m ɻ iː _ n a n iː $,default,
bsh_w-Kinship-mothersbrother-1,,bsh_w,Kinship-mothersbrother,mam,mam,m a m,,hindukush,,,^ m a m $,default,
bsh_w-Kinship-mothersolderbrother-1,,bsh_w,Kinship-mothersolderbrother,alə mam,alə_mam,a l ə + m a m,,hindukush,,,^ a l ə _ m a m $,default,
bsh_w-Kinship-mothersyoungerbrother-1,,bsh_w,Kinship-mothersyoungerbrother,pumɻə mam,pumɻə_mam,p u m ɻ ə + m a m,,hindukush,,,^ p u m ɻ ə _ m a m $,default,
bsh_w-Kinship-motherssister-1,,bsh_w,Kinship-motherssister,naniː,naniː,n a n iː,,hindukush,,,^ n a n iː $,default,
bsh_w-Kinship-mothersoldersister-1,,bsh_w,Kinship-mothersoldersister,ali naniː,ali_naniː,a l i + n a n iː,,hindukush,,,^ a l i _ n a n iː $,default,
bsh_w-Kinship-mothersyoungersister-1,,bsh_w,Kinship-mothersyoungersister,pumɻiː naniː,pumɻiː_naniː,p u m ɻ iː + n a n iː,,hindukush,,,^ p u m ɻ iː _ n a n iː $,default,
bsh_w-Kinship-brothersson-1,,bsh_w,Kinship-brothersson,"bɻatrə, bɻoʃe puwat͡s",bɻatrə,b ɻ a t r ə,,hindukush,,,^ b ɻ a t r ə $,default,
bsh_w-Kinship-brothersson-2,,bsh_w,Kinship-brothersson,"bɻatrə, bɻoʃe puwat͡s",bɻoʃe_puwat͡s,b ɻ o ʃ e + p u w a ts,,hindukush,,,^ b ɻ o ʃ e _ p u w a t͡s $,default,
bsh_w-Kinship-brothersdaughter-1,,bsh_w,Kinship-brothersdaughter,"bɻod͡ʒi, bɻoʃe d͡ʒuk",bɻod͡ʒi,b ɻ o dʒ i,,hindukush,,,^ b ɻ o d͡ʒ i $,default,
bsh_w-Kinship-brothersdaughter-2,,bsh_w,Kinship-brothersdaughter,"bɻod͡ʒi, bɻoʃe d͡ʒuk",bɻoʃe_d͡ʒuk,b ɻ o ʃ e + dʒ u k,,hindukush,,,^ b ɻ o ʃ e _ d͡ʒ u k $,default,
bsh_w-Kinship-sistersson-1,,bsh_w,Kinship-sistersson,susa puwat͡s,susa_puwat͡s,s u s a + p u w a ts,,hindukush,,,^ s u s a _ p u w a t͡s $,default,
bsh_w-Kinship-sistersdaughter-1,,bsh_w,Kinship-sistersdaughter,susa d͡ʒuk,susa_d͡ʒuk,s u s a + dʒ u k,,hindukush,,,^ s u s a _ d͡ʒ u k $,default,
bsh_w-Kinship-husband-1,,bsh_w,Kinship-husband,mɑːt͡ʃ,mɑːt͡ʃ,m ɑː tʃ,,hindukush,,,^ m ɑː t͡ʃ $,default,
bsh_w-Kinship-wife-1,,bsh_w,Kinship-wife,ʃtriː,ʃtriː,ʃ t r iː,,hindukush,,,^ ʃ t r iː $,default,
bsh_w-Kinship-fathersolderbrotherswife-1,,bsh_w,Kinship-fathersolderbrotherswife,alnuː,alnuː,a l n uː,,hindukush,,,^ a l n uː $,default,
bsh_w-Kinship-fathersyoungerbrotherswife-1,,bsh_w,Kinship-fathersyoungerbrotherswife,kɻiʃtinuː,kɻiʃtinuː,k ɻ i ʃ t i n uː,,hindukush,,,^ k ɻ i ʃ t i n uː $,default,
bsh_w-Kinship-fatherssistershusband-1,,bsh_w,Kinship-fatherssistershusband,nanija mɑːt͡ʃis,nanija_mɑːt͡ʃis,n a n i j a + m ɑː tʃ i s,,hindukush,,,^ n a n i j a _ m ɑː t͡ʃ i s $,default,
bsh_w-Kinship-mothersbrotherswife-1,,bsh_w,Kinship-mothersbrotherswife,mamʃe ʃtriːs,mamʃe_ʃtriːs,m a m ʃ e + ʃ t r iː s,,hindukush,,,^ m a mʃ e _ ʃ t r iː s $,default,
bsh_w-Kinship-motherssistershusband-1,,bsh_w,Kinship-motherssistershusband,nanija mɑːt͡ʃis,nanija_mɑːt͡ʃis,n a n i j a + m ɑː tʃ i s,,hindukush,,,^ n a n i j a _ m ɑː t͡ʃ i s $,default,
bsh_w-Kinship-sonswife-1,,bsh_w,Kinship-sonswife,wuw,wuw,w u w,,hindukush,,,^ w u w $,default,
bsh_w-Kinship-daughtershusband-1,,bsh_w,Kinship-daughtershusband,"zəmɑː, zəmɑːs",zəmɑː,z ə m ɑː,,hindukush,,,^ z ə m ɑː $,default,
bsh_w-Kinship-daughtershusband-2,,bsh_w,Kinship-daughtershusband,"zəmɑː, zəmɑːs",zəmɑːs,z ə m ɑː s,,hindukush,,,^ z ə m ɑː s $,default,
bsh_w-Kinship-brotherswifemaleego-1,,bsh_w,Kinship-brotherswifemaleego,bɻoʃa ʃtriːs,bɻoʃa_ʃtriːs,b ɻ o ʃ a + ʃ t r iː s,,hindukush,,,^ b ɻ o ʃ a _ ʃ t r iː s $,default,
bsh_w-Kinship-brotherswifefemaleego-1,,bsh_w,Kinship-brotherswifefemaleego,ʒamiʃe ʃtriːs,ʒamiʃe_ʃtriːs,ʒ a m i ʃ e + ʃ t r iː s,,hindukush,,,^ ʒ a m i ʃ e _ ʃ t r iː s $,default,
bsh_w-Kinship-sistershusbandmaleego-1,,bsh_w,Kinship-sistershusbandmaleego,ʒamiː,ʒamiː,ʒ a m iː,,hindukush,,,^ ʒ a m iː $,default,
bsh_w-Kinship-sistershusbandfemaleego-1,,bsh_w,Kinship-sistershusbandfemaleego,bɑːd͡ʒa,bɑːd͡ʒa,b ɑː dʒ a,,hindukush,,,^ b ɑː d͡ʒ a $,default,
bsh_w-Kinship-wifesfather-1,,bsh_w,Kinship-wifesfather,t͡sət͡siɻu,t͡sət͡siɻu,ts ə ts i ɻ u,,hindukush,,,^ t͡s ə t͡s i ɻ u $,default,
bsh_w-Kinship-wifesmother-1,,bsh_w,Kinship-wifesmother,ʈ͡ʂuːt͡ʃ,ʈ͡ʂuːt͡ʃ,ʈʂ uː tʃ,,hindukush,,,^ ʈ͡ʂ uː t͡ʃ $,default,
bsh_w-Kinship-husbandsfather-1,,bsh_w,Kinship-husbandsfather,t͡sət͡siɻu,t͡sət͡siɻu,ts ə ts i ɻ u,,hindukush,,,^ t͡s ə t͡s i ɻ u $,default,
bsh_w-Kinship-husbandsmother-1,,bsh_w,Kinship-husbandsmother,ʈ͡ʂuːt͡ʃ,ʈ͡ʂuːt͡ʃ,ʈʂ uː tʃ,,hindukush,,,^ ʈ͡ʂ uː t͡ʃ $,default,
bsh_w-Kinship-husbandsbrother-1,,bsh_w,Kinship-husbandsbrother,mɑːt͡ʃis bɻɑːs,mɑːt͡ʃis_bɻɑːs,m ɑː tʃ i s + b ɻ ɑː s,,hindukush,,,^ m ɑː t͡ʃ i s _ b ɻ ɑː s $,default,
bsh_w-Kinship-husbandssister-1,,bsh_w,Kinship-husbandssister,mɑːt͡ʃis susus,mɑːt͡ʃis_susus,m ɑː tʃ i s + s u s u s,,hindukush,,,^ m ɑː t͡ʃ i s _ s u s u s $,default,
bsh_w-Kinship-wifesbrother-1,,bsh_w,Kinship-wifesbrother,ʒamiʃe ʒamis,ʒamiʃe_ʒamis,ʒ a m i ʃ e + ʒ a m i s,,hindukush,,,^ ʒ a m i ʃ e _ ʒ a m i s $,default,
bsh_w-Kinship-wifessister-1,,bsh_w,Kinship-wifessister,ʃtrija susus,ʃtrija_susus,ʃ t r i j a + s u s u s,,hindukush,,,^ ʃ t r i j a _ s u s u s $,default,
bsh_w-Kinship-husbandsbrotherswife-1,,bsh_w,Kinship-husbandsbrotherswife,sarəʈ,sarəʈ,s a r ə ʈ,,hindukush,,,^ s a r ə ʈ $,default,
bsh_w-Kinship-husbandssistershusband-1,,bsh_w,Kinship-husbandssistershusband,mɑːt͡ʃis susus mɑːt͡ʃis,mɑːt͡ʃis_susus_mɑːt͡ʃis,m ɑː tʃ i s + s u s u s + m ɑː tʃ i s,,hindukush,,,^ m ɑː t͡ʃ i s _ s u s u s _ m ɑː t͡ʃ i s $,default,
bsh_w-Kinship-wifesbrotherswife-1,,bsh_w,Kinship-wifesbrotherswife,ʒamiʃe ʃtriːs,ʒamiʃe_ʃtriːs,ʒ a m i ʃ e + ʃ t r iː s,,hindukush,,,^ ʒ a m i ʃ e _ ʃ t r iː s $,default,
bsh_w-Kinship-wifessistershusband-1,,bsh_w,Kinship-wifessistershusband,bɑːd͡ʒa,bɑːd͡ʒa,b ɑː dʒ a,,hindukush,,,^ b ɑː d͡ʒ a $,default,
bsh_w-Kinship-cowife-1,,bsh_w,Kinship-cowife,jarit͡s,jarit͡s,j a r i ts,,hindukush,,,^ j a r i t͡s $,default,
bsh_w-Kinship-sonswifesfather-1,,bsh_w,Kinship-sonswifesfather,wɑːwus tɑːtus,wɑːwus_tɑːtus,w ɑː w u s + t ɑː t u s,,hindukush,,,^ w ɑː w u s _ t ɑː t u s $,default,
bsh_w-Kinship-sonswifesmother-1,,bsh_w,Kinship-sonswifesmother,wɑːwus nuɻus,wɑːwus_nuɻus,w ɑː w u s + n u ɻ u s,,hindukush,,,^ w ɑː w u s _ n u ɻ u s $,default,
bsh_w-Kinship-daughtershusbandsfather-1,,bsh_w,Kinship-daughtershusbandsfather,d͡ʒuka mɑːt͡ʃis tɑːtus,d͡ʒuka_mɑːt͡ʃis_tɑːtus,dʒ u k a + m ɑː tʃ i s + t ɑː t u s,,hindukush,,,^ d͡ʒ u k a _ m ɑː t͡ʃ i s _ t ɑː t u s $,default,
bsh_w-Kinship-daughtershusbandsmother-1,,bsh_w,Kinship-daughtershusbandsmother,d͡ʒuka mɑːt͡ʃis nuɻus,d͡ʒuka_mɑːt͡ʃis_nuɻus,dʒ u k a + m ɑː tʃ i s + n u ɻ u s,,hindukush,,,^ d͡ʒ u k a _ m ɑː t͡ʃ i s _ n u ɻ u s $,default,
bsh_w-Kinship-stepsisternosharedparent-1,,bsh_w,Kinship-stepsisternosharedparent,nuɻus mɑːt͡ʃis d͡ʒuk,nuɻus_mɑːt͡ʃis_d͡ʒuk,n u ɻ u s + m ɑː tʃ i s + dʒ u k,,hindukush,,,^ n u ɻ u s _ m ɑː t͡ʃ i s _ d͡ʒ u k $,default,
bsh_w-Kinship-stepbrothernosharedparent-1,,bsh_w,Kinship-stepbrothernosharedparent,nuɻus mɑːt͡ʃis d͡ʒuk mrə,nuɻus_mɑːt͡ʃis_d͡ʒuk_mrə,n u ɻ u s + m ɑː tʃ i s + dʒ u k + m r ə,,hindukush,,,^ n u ɻ u s _ m ɑː t͡ʃ i s _ d͡ʒ u k _ m r ə $,default,
bsh_w-Kinship-stepmother-1,,bsh_w,Kinship-stepmother,namuliː,namuliː,n a m u l iː,,hindukush,,,^ n a m u l iː $,default,
bsh_w-Kinship-stepfather-1,,bsh_w,Kinship-stepfather,nuɻus mɑːt͡ʃis,nuɻus_mɑːt͡ʃis,n u ɻ u s + m ɑː tʃ i s,,hindukush,,,^ n u ɻ u s _ m ɑː t͡ʃ i s $,default,
bsh_w-Kinship-stepson-1,,bsh_w,Kinship-stepson,namulija puwat͡s,namulija_puwat͡s,n a m u l i j a + p u w a ts,,hindukush,,,^ n a m u l i j a _ p u w a t͡s $,default,
bsh_w-Kinship-stepdaughter-1,,bsh_w,Kinship-stepdaughter,namulija d͡ʒuk,namulija_d͡ʒuk,n a m u l i j a + dʒ u k,,hindukush,,,^ n a m u l i j a _ d͡ʒ u k $,default,
bsh_w-Kinship-fathersfathersfather-1,,bsh_w,Kinship-fathersfathersfather,paruwɑːw,paruwɑːw,p a r u w ɑː w,,hindukush,,,^ p a r u w ɑː w $,default,
bsh_w-Kinship-mothersmothersmother-1,,bsh_w,Kinship-mothersmothersmother,paruwajiː,paruwajiː,p a r u w a j iː,,hindukush,,,^ p a r u w a j iː $,default,
bsh_w-Kinship-forefather-1,,bsh_w,Kinship-forefather,waruwajiː,waruwajiː,w a r u w a j iː,,hindukush,,,^ w a r u w a j iː $,default,
bsh_w-Kinship-foremother-1,,bsh_w,Kinship-foremother,paruwɑːw ʃagliː,paruwɑːw_ʃagliː,p a r u w ɑː w + ʃ a g l iː,,hindukush,,,^ p a r u w ɑː w _ ʃ a g l iː $,default,
bsh_w-Kinship-fathersbrothersson-1,,bsh_w,Kinship-fathersbrothersson,tatək bɻɑː,tatək_bɻɑː,t a t ə k + b ɻ ɑː,,hindukush,,,^ t a t ə k _ b ɻ ɑː $,default,
bsh_w-Kinship-fathersbrothersdaughter-1,,bsh_w,Kinship-fathersbrothersdaughter,tat sus,tat_sus,t a t + s u s,,hindukush,,,^ t a t _ s u s $,default,
bsh_w-Kinship-fatherssistersson-1,,bsh_w,Kinship-fatherssistersson,nan bɻɑː,nan_bɻɑː,n a n + b ɻ ɑː,,hindukush,,,^ n a n _ b ɻ ɑː $,default,
bsh_w-Kinship-fatherssistersdaughter-1,,bsh_w,Kinship-fatherssistersdaughter,nan sus,nan_sus,n a n + s u s,,hindukush,,,^ n a n _ s u s $,default,
bsh_w-Kinship-mothersbrothersson-1,,bsh_w,Kinship-mothersbrothersson,mali bɻɑː,mali_bɻɑː,m a l i + b ɻ ɑː,,hindukush,,,^ m a l i _ b ɻ ɑː $,default,
bsh_w-Kinship-mothersbrothersdaughter-1,,bsh_w,Kinship-mothersbrothersdaughter,mali sus,mali_sus,m a l i + s u s,,hindukush,,,^ m a l i _ s u s $,default,
bsh_w-Kinship-motherssistersson-1,,bsh_w,Kinship-motherssistersson,nan bɻɑː,nan_bɻɑː,n a n + b ɻ ɑː,,hindukush,,,^ n a n _ b ɻ ɑː $,default,
bsh_w-Kinship-motherssistersdaughter-1,,bsh_w,Kinship-motherssistersdaughter,nan sus,nan_sus,n a n + s u s,,hindukush,,,^ n a n _ s u s $,default,
bsh_w-Kinship-relative-1,,bsh_w,Kinship-relative,turə asχud,turə_asχud,t u r ə + a s χ u d,,hindukush,,,^ t u r ə _ a s χ u d $,default,
bsh_w-Kinship-affinalrelative-1,,bsh_w,Kinship-affinalrelative,χuʃɑːwand,χuʃɑːwand,χ u ʃ ɑː w a n d,,hindukush,,,^ χ u ʃ ɑː w a n d $,default,
bsh_w-Kinship-bloodrelative-1,,bsh_w,Kinship-bloodrelative,aʈiː,aʈiː,a ʈ iː,,hindukush,,,^ a ʈ iː $,default,
bsh_w-Kinship-wifesrelatives-1,,bsh_w,Kinship-wifesrelatives,t͡sət͡siɻu dərə asχud,t͡sət͡siɻu_dərə_asχud,ts ə ts i ɻ u + d ə r ə + a s χ u d,,hindukush,,,^ t͡s ə t͡s i ɻ u _ d ə r ə _ a s χ u d $,default,
bsh_w-Kinship-headofhousehold-1,,bsh_w,Kinship-headofhousehold,pamuɻa d͡ʒeʂʈ,pamuɻa_d͡ʒeʂʈ,p a m u ɻ a + dʒ e ʂ ʈ,,hindukush,,,^ p a m u ɻ a _ d͡ʒ e ʂ ʈ $,default,
bsh_w-Kinship-headofclan-1,,bsh_w,Kinship-headofclan,qɑːmu d͡ʒeʂʈ,qɑːmu_d͡ʒeʂʈ,q ɑː m u + dʒ e ʂ ʈ,,hindukush,,,^ q ɑː m u _ d͡ʒ e ʂ ʈ $,default,
bsh_w-Kinship-headoftribe-1,,bsh_w,Kinship-headoftribe,qɑːmu stə alə,qɑːmu_stə_alə,q ɑː m u + s t ə + a l ə,,hindukush,,,^ q ɑː m u _ s t ə _ a l ə $,default,
bsh_w-Kinship-halfsistersamefatherdifferentmother-1,,bsh_w,Kinship-halfsistersamefatherdifferentmother,tɑːd͡ʒe pɑːra sus,tɑːd͡ʒe_pɑːra_sus,t ɑː dʒ e + p ɑː r a + s u s,,hindukush,,,^ t ɑː d͡ʒ e _ p ɑː r a _ s u s $,default,
bsh_w-Kinship-halfbrothersamefatherdifferentmother-1,,bsh_w,Kinship-halfbrothersamefatherdifferentmother,tɑːd͡ʒe pɑːra bɻɑː,tɑːd͡ʒe_pɑːra_bɻɑː,t ɑː dʒ e + p ɑː r a + b ɻ ɑː,,hindukush,,,^ t ɑː d͡ʒ e _ p ɑː r a _ b ɻ ɑː $,default,
bsh_w-Kinship-halfsistersamemotherdifferentfather-1,,bsh_w,Kinship-halfsistersamemotherdifferentfather,nuɻa pɑːra sus,nuɻa_pɑːra_sus,n u ɻ a + p ɑː r a + s u s,,hindukush,,,^ n u ɻ a _ p ɑː r a _ s u s $,default,
bsh_w-Kinship-halfbrothersamemotherdifferentfather-1,,bsh_w,Kinship-halfbrothersamemotherdifferentfather,nuɻa pɑːra bɻɑː,nuɻa_pɑːra_bɻɑː,n u ɻ a + p ɑː r a + b ɻ ɑː,,hindukush,,,^ n u ɻ a _ p ɑː r a _ b ɻ ɑː $,default,
khw-Kinship-father-1,,khw,Kinship-father,tat,tat,t a t,,hindukush,,,^ t a t $,default,
khw-Kinship-mother-1,,khw,Kinship-mother,nan,nan,n a n,,hindukush,,,^ n a n $,default,
khw-Kinship-parent-1,,khw,Kinship-parent,nantat,nantat,n a n t a t,,hindukush,,,^ n a n t a t $,default,
khw-Kinship-son-1,,khw,Kinship-son,ʒaw,ʒaw,ʒ a w,,hindukush,,,^ ʒ a w $,default,
khw-Kinship-daughter-1,,khw,Kinship-daughter,ʒuːr,ʒuːr,ʒ uː r,,hindukush,,,^ ʒ uː r $,default,
khw-Kinship-ownchild-1,,khw,Kinship-ownchild,aʒeːli,aʒeːli,a ʒ eː l i,,hindukush,,,^ a ʒ eː l i $,default,
khw-Kinship-brother-1,,khw,Kinship-brother,braːr,braːr,b r aː r,,hindukush,,,^ b r aː r $,default,
khw-Kinship-sister-1,,khw,Kinship-sister,"ispraːr, ispusaːr",ispraːr,i s p r aː r,,hindukush,,,^ i s p r aː r $,default,
khw-Kinship-sister-2,,khw,Kinship-sister,"ispraːr, ispusaːr",ispusaːr,i s p u s aː r,,hindukush,,,^ i s p u s aː r $,default,
khw-Kinship-olderbrother-1,,khw,Kinship-olderbrother,"zaq, loʈ braːr",zaq,z a q,,hindukush,,,^ z a q $,default,
khw-Kinship-olderbrother-2,,khw,Kinship-olderbrother,"zaq, loʈ braːr",loʈ_braːr,l o ʈ + b r aː r,,hindukush,,,^ l o ʈ _ b r aː r $,default,
khw-Kinship-youngerbrother-1,,khw,Kinship-youngerbrother,"t͡seq, pʰuk braːr",t͡seq,ts e q,,hindukush,,,^ t͡s e q $,default,
khw-Kinship-youngerbrother-2,,khw,Kinship-youngerbrother,"t͡seq, pʰuk braːr",pʰuk_braːr,pʰ u k + b r aː r,,hindukush,,,^ pʰ u k _ b r aː r $,default,
khw-Kinship-oldersister-1,,khw,Kinship-oldersister,"zaq, t͡seq ispraːr, kai",zaq,z a q,,hindukush,,,^ z a q $,default,
khw-Kinship-oldersister-2,,khw,Kinship-oldersister,"zaq, t͡seq ispraːr, kai",t͡seq_ispraːr,ts e q + i s p r aː r,,hindukush,,,^ t͡s e q _ i s p r aː r $,default,
khw-Kinship-oldersister-3,,khw,Kinship-oldersister,"zaq, t͡seq ispraːr, kai",kai,k ai,,hindukush,,,^ k ai $,default,
khw-Kinship-youngersister-1,,khw,Kinship-youngersister,"t͡seq, pʰuk ispraːr, kai",t͡seq,ts e q,,hindukush,,,^ t͡s e q $,default,
khw-Kinship-youngersister-2,,khw,Kinship-youngersister,"t͡seq, pʰuk ispraːr, kai",pʰuk_ispraːr,pʰ u k + i s p r aː r,,hindukush,,,^ pʰ u k _ i s p r aː r $,default,
khw-Kinship-youngersister-3,,khw,Kinship-youngersister,"t͡seq, pʰuk ispraːr, kai",kai,k ai,,hindukush,,,^ k ai $,default,
khw-Kinship-fathersfather-1,,khw,Kinship-fathersfather,bap,bap,b a p,,hindukush,,,^ b a p $,default,
khw-Kinship-fathersmother-1,,khw,Kinship-fathersmother,waw,waw,w a w,,hindukush,,,^ w a w $,default,
khw-Kinship-mothersfather-1,,khw,Kinship-mothersfather,bap,bap,b a p,,hindukush,,,^ b a p $,default,
khw-Kinship-mothersmother-1,,khw,Kinship-mothersmother,waw,waw,w a w,,hindukush,,,^ w a w $,default,
khw-Kinship-sonsson-1,,khw,Kinship-sonsson,noweːs,noweːs,n o w eː s,,hindukush,,,^ n o w eː s $,default,
khw-Kinship-sonsdaughter-1,,khw,Kinship-sonsdaughter,noweːs,noweːs,n o w eː s,,hindukush,,,^ n o w eː s $,default,
khw-Kinship-daughtersson-1,,khw,Kinship-daughtersson,"noweːs, d͡ʒameːli",noweːs,n o w eː s,,hindukush,,,^ n o w eː s $,default,
khw-Kinship-daughtersson-2,,khw,Kinship-daughtersson,"noweːs, d͡ʒameːli",d͡ʒameːli,dʒ a m eː l i,,hindukush,,,^ d͡ʒ a m eː l i $,default,
khw-Kinship-daughtersdaughter-1,,khw,Kinship-daughtersdaughter,"noweːs, d͡ʒameːli",noweːs,n o w eː s,,hindukush,,,^ n o w eː s $,default,
khw-Kinship-daughtersdaughter-2,,khw,Kinship-daughtersdaughter,"noweːs, d͡ʒameːli",d͡ʒameːli,dʒ a m eː l i,,hindukush,,,^ d͡ʒ a m eː l i $,default,
khw-Kinship-fathersbrother-1,,khw,Kinship-fathersbrother,mik,mik,m i k,,hindukush,,,^ m i k $,default,
khw-Kinship-fathersolderbrother-1,,khw,Kinship-fathersolderbrother,mik,mik,m i k,,hindukush,,,^ m i k $,default,
khw-Kinship-fathersyoungerbrother-1,,khw,Kinship-fathersyoungerbrother,mik,mik,m i k,,hindukush,,,^ m i k $,default,
khw-Kinship-fatherssister-1,,khw,Kinship-fatherssister,bet͡ʃ,bet͡ʃ,b e tʃ,,hindukush,,,^ b e t͡ʃ $,default,
khw-Kinship-fathersoldersister-1,,khw,Kinship-fathersoldersister,loʈ bet͡ʃ,loʈ_bet͡ʃ,l o ʈ + b e tʃ,,hindukush,,,^ l o ʈ _ b e t͡ʃ $,default,
khw-Kinship-fathersyoungersister-1,,khw,Kinship-fathersyoungersister,t͡seq bet͡ʃ,t͡seq_bet͡ʃ,ts e q + b e tʃ,,hindukush,,,^ t͡s e q _ b e t͡ʃ $,default,
khw-Kinship-mothersbrother-1,,khw,Kinship-mothersbrother,mik,mik,m i k,,hindukush,,,^ m i k $,default,
khw-Kinship-mothersolderbrother-1,,khw,Kinship-mothersolderbrother,loʈ mik,loʈ_mik,l o ʈ + m i k,,hindukush,,,^ l o ʈ _ m i k $,default,
khw-Kinship-mothersyoungerbrother-1,,khw,Kinship-mothersyoungerbrother,t͡seq mik,t͡seq_mik,ts e q + m i k,,hindukush,,,^ t͡s e q _ m i k $,default,
khw-Kinship-motherssister-1,,khw,Kinship-motherssister,bet͡ʃ,bet͡ʃ,b e tʃ,,hindukush,,,^ b e t͡ʃ $,default,
khw-Kinship-mothersoldersister-1,,khw,Kinship-mothersoldersister,"zaq, loʈ bet͡ʃ",zaq,z a q,,hindukush,,,^ z a q $,default,
khw-Kinship-mothersoldersister-2,,khw,Kinship-mothersoldersister,"zaq, loʈ bet͡ʃ",loʈ_bet͡ʃ,l o ʈ + b e tʃ,,hindukush,,,^ l o ʈ _ b e t͡ʃ $,default,
khw-Kinship-mothersyoungersister-1,,khw,Kinship-mothersyoungersister,t͡seq bet͡ʃ,t͡seq_bet͡ʃ,ts e q + b e tʃ,,hindukush,,,^ t͡s e q _ b e t͡ʃ $,default,
khw-Kinship-brothersson-1,,khw,Kinship-brothersson,noweːs,noweːs,n o w eː s,,hindukush,,,^ n o w eː s $,default,
khw-Kinship-brothersdaughter-1,,khw,Kinship-brothersdaughter,noweːs,noweːs,n o w eː s,,hindukush,,,^ n o w eː s $,default,
khw-Kinship-sistersson-1,,khw,Kinship-sistersson,noweːs,noweːs,n o w eː s,,hindukush,,,^ n o w eː s $,default,
khw-Kinship-sistersdaughter-1,,khw,Kinship-sistersdaughter,noweːs,noweːs,n o w eː s,,hindukush,,,^ n o w eː s $,default,
khw-Kinship-husband-1,,khw,Kinship-husband,moːʃ,moːʃ,m oː ʃ,,hindukush,,,^ m oː ʃ $,default,
khw-Kinship-wife-1,,khw,Kinship-wife,boːk,boːk,b oː k,,hindukush,,,^ b oː k $,default,
khw-Kinship-fathersolderbrotherswife-1,,khw,Kinship-fathersolderbrotherswife,bet͡ʃ,bet͡ʃ,b e tʃ,,hindukush,,,^ b e t͡ʃ $,default,
khw-Kinship-fathersyoungerbrotherswife-1,,khw,Kinship-fathersyoungerbrotherswife,bet͡ʃ,bet͡ʃ,b e tʃ,,hindukush,,,^ b e t͡ʃ $,default,
khw-Kinship-fatherssistershusband-1,,khw,Kinship-fatherssistershusband,mik,mik,m i k,,hindukush,,,^ m i k $,default,
khw-Kinship-mothersbrotherswife-1,,khw,Kinship-mothersbrotherswife,bet͡ʃ,bet͡ʃ,b e tʃ,,hindukush,,,^ b e t͡ʃ $,default,
khw-Kinship-motherssistershusband-1,,khw,Kinship-motherssistershusband,mik,mik,m i k,,hindukush,,,^ m i k $,default,
khw-Kinship-sonswife-1,,khw,Kinship-sonswife,ruʒaju,ruʒaju,r u ʒ a j u,,hindukush,,,^ r u ʒ a j u $,default,
khw-Kinship-daughtershusband-1,,khw,Kinship-daughtershusband,d͡ʒamaːr,d͡ʒamaːr,dʒ a m aː r,,hindukush,,,^ d͡ʒ a m aː r $,default,
khw-Kinship-brotherswifemaleego-1,,khw,Kinship-brotherswifemaleego,briʒaju,briʒaju,b r i ʒ a j u,,hindukush,,,^ b r i ʒ a j u $,default,
khw-Kinship-brotherswifefemaleego-1,,khw,Kinship-brotherswifefemaleego,briʒaju,briʒaju,b r i ʒ a j u,,hindukush,,,^ b r i ʒ a j u $,default,
khw-Kinship-sistershusbandmaleego-1,,khw,Kinship-sistershusbandmaleego,gomit,gomit,g o m i t,,hindukush,,,^ g o m i t $,default,
khw-Kinship-sistershusbandfemaleego-1,,khw,Kinship-sistershusbandfemaleego,gomit,gomit,g o m i t,,hindukush,,,^ g o m i t $,default,
khw-Kinship-wifesfather-1,,khw,Kinship-wifesfather,iʃpaʃuːr,iʃpaʃuːr,i ʃ p a ʃ uː r,,hindukush,,,^ i ʃ p a ʃ uː r $,default,
khw-Kinship-wifesmother-1,,khw,Kinship-wifesmother,iʃpeʃi,iʃpeʃi,i ʃ p e ʃ i,,hindukush,,,^ i ʃ p e ʃ i $,default,
khw-Kinship-husbandsfather-1,,khw,Kinship-husbandsfather,iʃpaʃuːr,iʃpaʃuːr,i ʃ p a ʃ uː r,,hindukush,,,^ i ʃ p a ʃ uː r $,default,
khw-Kinship-husbandsmother-1,,khw,Kinship-husbandsmother,iʃpeʃi,iʃpeʃi,i ʃ p e ʃ i,,hindukush,,,^ i ʃ p e ʃ i $,default,
khw-Kinship-husbandsbrother-1,,khw,Kinship-husbandsbrother,gomit,gomit,g o m i t,,hindukush,,,^ g o m i t $,default,
khw-Kinship-husbandssister-1,,khw,Kinship-husbandssister,briʒaju,briʒaju,b r i ʒ a j u,,hindukush,,,^ b r i ʒ a j u $,default,
khw-Kinship-wifesbrother-1,,khw,Kinship-wifesbrother,gomit,gomit,g o m i t,,hindukush,,,^ g o m i t $,default,
khw-Kinship-wifessister-1,,khw,Kinship-wifessister,briʒaju,briʒaju,b r i ʒ a j u,,hindukush,,,^ b r i ʒ a j u $,default,
khw-Kinship-husbandsbrotherswife-1,,khw,Kinship-husbandsbrotherswife,briʒaju,briʒaju,b r i ʒ a j u,,hindukush,,,^ b r i ʒ a j u $,default,
khw-Kinship-husbandssistershusband-1,,khw,Kinship-husbandssistershusband,gomit,gomit,g o m i t,,hindukush,,,^ g o m i t $,default,
khw-Kinship-wifesbrotherswife-1,,khw,Kinship-wifesbrotherswife,briʒaju,briʒaju,b r i ʒ a j u,,hindukush,,,^ b r i ʒ a j u $,default,
khw-Kinship-wifessistershusband-1,,khw,Kinship-wifessistershusband,gomit,gomit,g o m i t,,hindukush,,,^ g o m i t $,default,
khw-Kinship-cowife-1,,khw,Kinship-cowife,amboχt͡ʃan,amboχt͡ʃan,a m b o χ tʃ a n,,hindukush,,,^ a m b o χ t͡ʃ a n $,default,
khw-Kinship-sonswifesfather-1,,khw,Kinship-sonswifesfather,toχmiran,toχmiran,t o χ m i r a n,,hindukush,,,^ t o χ m i r a n $,default,
khw-Kinship-sonswifesmother-1,,khw,Kinship-sonswifesmother,toχmiran,toχmiran,t o χ m i r a n,,hindukush,,,^ t o χ m i r a n $,default,
khw-Kinship-daughtershusbandsfather-1,,khw,Kinship-daughtershusbandsfather,toχmiran,toχmiran,t o χ m i r a n,,hindukush,,,^ t o χ m i r a n $,default,
khw-Kinship-stepsisternosharedparent-1,,khw,Kinship-stepsisternosharedparent,ispraːrbeːli,ispraːrbeːli,i s p r aː r b eː l i,,hindukush,,,^ i s p r aː r b eː l i $,default,
khw-Kinship-stepbrothernosharedparent-1,,khw,Kinship-stepbrothernosharedparent,braːrbeːli,braːrbeːli,b r aː r b eː l i,,hindukush,,,^ b r aː r b eː l i $,default,
khw-Kinship-stepmother-1,,khw,Kinship-stepmother,nanbeːli,nanbeːli,n a n b eː l i,,hindukush,,,^ n a n b eː l i $,default,
khw-Kinship-stepfather-1,,khw,Kinship-stepfather,tatbeːli,tatbeːli,t a t b eː l i,,hindukush,,,^ t a t b eː l i $,default,
khw-Kinship-stepson-1,,khw,Kinship-stepson,ʒawbeːli,ʒawbeːli,ʒ a w b eː l i,,hindukush,,,^ ʒ a w b eː l i $,default,
khw-Kinship-stepdaughter-1,,khw,Kinship-stepdaughter,ʒuːrbeːli,ʒuːrbeːli,ʒ uː r b eː l i,,hindukush,,,^ ʒ uː r b eː l i $,default,
khw-Kinship-fathersfathersfather-1,,khw,Kinship-fathersfathersfather,loʈ bap,loʈ_bap,l o ʈ + b a p,,hindukush,,,^ l o ʈ _ b a p $,default,
khw-Kinship-mothersmothersmother-1,,khw,Kinship-mothersmothersmother,loʈ waw,loʈ_waw,l o ʈ + w a w,,hindukush,,,^ l o ʈ _ w a w $,default,
khw-Kinship-forefather-1,,khw,Kinship-forefather,"loʈ bap, abawaʒdaːt",loʈ_bap,l o ʈ + b a p,,hindukush,,,^ l o ʈ _ b a p $,default,
khw-Kinship-forefather-2,,khw,Kinship-forefather,"loʈ bap, abawaʒdaːt",abawaʒdaːt,a b a w a ʒ d aː t,,hindukush,,,^ a b a w a ʒ d aː t $,default,
khw-Kinship-foremother-1,,khw,Kinship-foremother,"loʈ waw, abawaʒdaːt",loʈ_waw,l o ʈ + w a w,,hindukush,,,^ l o ʈ _ w a w $,default,
khw-Kinship-foremother-2,,khw,Kinship-foremother,"loʈ waw, abawaʒdaːt",abawaʒdaːt,a b a w a ʒ d aː t,,hindukush,,,^ a b a w a ʒ d aː t $,default,
khw-Kinship-fathersbrothersson-1,,khw,Kinship-fathersbrothersson,"braːr, mikuʒawbraːr",braːr,b r aː r,,hindukush,,,^ b r aː r $,default,
khw-Kinship-fathersbrothersson-2,,khw,Kinship-fathersbrothersson,"braːr, mikuʒawbraːr",mikuʒawbraːr,m i k u ʒ a w b r aː r,,hindukush,,,^ m i k u ʒ a w b r aː r $,default,
khw-Kinship-fathersbrothersdaughter-1,,khw,Kinship-fathersbrothersdaughter,"ispraːr, mikuʒuːrispraːr",ispraːr,i s p r aː r,,hindukush,,,^ i s p r aː r $,default,
khw-Kinship-fathersbrothersdaughter-2,,khw,Kinship-fathersbrothersdaughter,"ispraːr, mikuʒuːrispraːr",mikuʒuːrispraːr,m i k u ʒ uː r i s p r aː r,,hindukush,,,^ m i k u ʒ uː r i s p r aː r $,default,
khw-Kinship-fatherssistersson-1,,khw,Kinship-fatherssistersson,"braːr, bet͡ʃuʒawbraːr",braːr,b r aː r,,hindukush,,,^ b r aː r $,default,
khw-Kinship-fatherssistersson-2,,khw,Kinship-fatherssistersson,"braːr, bet͡ʃuʒawbraːr",bet͡ʃuʒawbraːr,b e tʃ u ʒ a w b r aː r,,hindukush,,,^ b e t͡ʃ u ʒ a w b r aː r $,default,
khw-Kinship-fatherssistersdaughter-1,,khw,Kinship-fatherssistersdaughter,"ispraːr, bet͡ʃuʒuːrispraːr",ispraːr,i s p r aː r,,hindukush,,,^ i s p r aː r $,default,
khw-Kinship-fatherssistersdaughter-2,,khw,Kinship-fatherssistersdaughter,"ispraːr, bet͡ʃuʒuːrispraːr",bet͡ʃuʒuːrispraːr,b e tʃ u ʒ uː r i s p r aː r,,hindukush,,,^ b e t͡ʃ u ʒ uː r i s p r aː r $,default,
khw-Kinship-mothersbrothersson-1,,khw,Kinship-mothersbrothersson,"braːr, mikuʒawbraːr",braːr,b r aː r,,hindukush,,,^ b r aː r $,default,
khw-Kinship-mothersbrothersson-2,,khw,Kinship-mothersbrothersson,"braːr, mikuʒawbraːr",mikuʒawbraːr,m i k u ʒ a w b r aː r,,hindukush,,,^ m i k u ʒ a w b r aː r $,default,
khw-Kinship-mothersbrothersdaughter-1,,khw,Kinship-mothersbrothersdaughter,"ispraːr, mikuʒuːrispraːr",ispraːr,i s p r aː r,,hindukush,,,^ i s p r aː r $,default,
khw-Kinship-mothersbrothersdaughter-2,,khw,Kinship-mothersbrothersdaughter,"ispraːr, mikuʒuːrispraːr",mikuʒuːrispraːr,m i k u ʒ uː r i s p r aː r,,hindukush,,,^ m i k u ʒ uː r i s p r aː r $,default,
khw-Kinship-motherssistersson-1,,khw,Kinship-motherssistersson,"braːr, bet͡ʃuʒawbraːr",braːr,b r aː r,,hindukush,,,^ b r aː r $,default,
khw-Kinship-motherssistersson-2,,khw,Kinship-motherssistersson,"braːr, bet͡ʃuʒawbraːr",bet͡ʃuʒawbraːr,b e tʃ u ʒ a w b r aː r,,hindukush,,,^ b e t͡ʃ u ʒ a w b r aː r $,default,
khw-Kinship-motherssistersdaughter-1,,khw,Kinship-motherssistersdaughter,"ispraːr, bet͡ʃuʒuːrispraːr",ispraːr,i s p r aː r,,hindukush,,,^ i s p r aː r $,default,
khw-Kinship-motherssistersdaughter-2,,khw,Kinship-motherssistersdaughter,"ispraːr, bet͡ʃuʒuːrispraːr",bet͡ʃuʒuːrispraːr,b e tʃ u ʒ uː r i s p r aː r,,hindukush,,,^ b e t͡ʃ u ʒ uː r i s p r aː r $,default,
khw-Kinship-relative-1,,khw,Kinship-relative,riʃtadaːr,riʃtadaːr,r i ʃ t a d aː r,,hindukush,,,^ r i ʃ t a d aː r $,default,
khw-Kinship-affinalrelative-1,,khw,Kinship-affinalrelative,riʃtadaːr,riʃtadaːr,r i ʃ t a d aː r,,hindukush,,,^ r i ʃ t a d aː r $,default,
khw-Kinship-bloodrelative-1,,khw,Kinship-bloodrelative,lejo riʃta,lejo_riʃta,l e j o + r i ʃ t a,,hindukush,,,^ l e j o _ r i ʃ t a $,default,
khw-Kinship-wifesrelatives-1,,khw,Kinship-wifesrelatives,iʃpaʃuːrbalu,iʃpaʃuːrbalu,i ʃ p a ʃ uː r b a l u,,hindukush,,,^ i ʃ p a ʃ uː r b a l u $,default,
khw-Kinship-headofhousehold-1,,khw,Kinship-headofhousehold,loʈʰoroː,loʈʰoroː,l o ʈʰ o r oː,,hindukush,,,^ l o ʈʰ o r oː $,default,
khw-Kinship-headofclan-1,,khw,Kinship-headofclan,loʈʰoroː,loʈʰoroː,l o ʈʰ o r oː,,hindukush,,,^ l o ʈʰ o r oː $,default,
khw-Kinship-headoftribe-1,,khw,Kinship-headoftribe,loʈʰoroː,loʈʰoroː,l o ʈʰ o r oː,,hindukush,,,^ l o ʈʰ o r oː $,default,
khw-Kinship-halfsistersamefatherdifferentmother-1,,khw,Kinship-halfsistersamefatherdifferentmother,ʒuːrbeːli,ʒuːrbeːli,ʒ uː r b eː l i,,hindukush,,,^ ʒ uː r b eː l i $,default,
khw-Kinship-halfbrothersamefatherdifferentmother-1,,khw,Kinship-halfbrothersamefatherdifferentmother,ʒawbeːli,ʒawbeːli,ʒ a w b eː l i,,hindukush,,,^ ʒ a w b eː l i $,default,
khw-Kinship-halfsistersamemotherdifferentfather-1,,khw,Kinship-halfsistersamemotherdifferentfather,ʒuːrbeːli,ʒuːrbeːli,ʒ uː r b eː l i,,hindukush,,,^ ʒ uː r b eː l i $,default,
khw-Kinship-halfbrothersamemotherdifferentfather-1,,khw,Kinship-halfbrothersamemotherdifferentfather,ʒawbeːli,ʒawbeːli,ʒ a w b eː l i,,hindukush,,,^ ʒ a w b eː l i $,default,
plk-Kinship-father-1,,plk,Kinship-father,"mǎːlu̥, bubâː, babâː",mǎːlu̥,m ǎ/aː l u̥,,hindukush,,,^ m ǎː l u̥ $,default,
plk-Kinship-father-2,,plk,Kinship-father,"mǎːlu̥, bubâː, babâː",bubâː,b u b âː/aː,,hindukush,,,^ b u b âː $,default,
plk-Kinship-father-3,,plk,Kinship-father,"mǎːlu̥, bubâː, babâː",babâː,b a b âː/aː,,hindukush,,,^ b a b âː $,default,
plk-Kinship-mother-1,,plk,Kinship-mother,mã̌ː,mã̌ː,m ãː,,hindukush,,,^ m ã̌ː $,default,
plk-Kinship-parent-1,,plk,Kinship-parent,mã̌ː mǎːlu̥,mã̌ː_mǎːlu̥,m ãː + m ǎ/aː l u̥,,hindukush,,,^ m ã̌ː _ m ǎː l u̥ $,default,
plk-Kinship-son-1,,plk,Kinship-son,puʈ͡ʂ,puʈ͡ʂ,p u ʈʂ,,hindukush,,,^ p u ʈ͡ʂ $,default,
plk-Kinship-daughter-1,,plk,Kinship-daughter,dǐː,dǐː,d ǐː/iː,,hindukush,,,^ d ǐː $,default,
plk-Kinship-ownchild-1,,plk,Kinship-ownchild,tómu̥ puʈ͡ʂ,tómu̥_puʈ͡ʂ,t ó/o m u̥ + p u ʈʂ,,hindukush,,,^ t ó m u̥ _ p u ʈ͡ʂ $,default,
plk-Kinship-brother-1,,plk,Kinship-brother,ʐâː,ʐâː,ʐ âː/aː,,hindukush,,,^ ʐ âː $,default,
plk-Kinship-sister-1,,plk,Kinship-sister,sas,sas,s a s,,hindukush,,,^ s a s $,default,
plk-Kinship-olderbrother-1,,plk,Kinship-olderbrother,báɽu̥ ʐâː,báɽu̥_ʐâː,b á/a ɽ u̥ + ʐ âː/aː,,hindukush,,,^ b á ɽ u̥ _ ʐ âː $,default,
plk-Kinship-youngerbrother-1,,plk,Kinship-youngerbrother,lékʰu̥ ʐâː,lékʰu̥_ʐâː,l é/e kʰ u̥ + ʐ âː/aː,,hindukush,,,^ l é kʰ u̥ _ ʐ âː $,default,
plk-Kinship-oldersister-1,,plk,Kinship-oldersister,báɽi̥ sas,báɽi̥_sas,b á/a ɽ i̥ + s a s,,hindukush,,,^ b á ɽ i̥ _ s a s $,default,
plk-Kinship-youngersister-1,,plk,Kinship-youngersister,lékʰi̥ sas,lékʰi̥_sas,l é/e kʰ i̥ + s a s,,hindukush,,,^ l é kʰ i̥ _ s a s $,default,
plk-Kinship-fathersfather-1,,plk,Kinship-fathersfather,dâːdu̥,dâːdu̥,d âː/aː d u̥,,hindukush,,,^ d âː d u̥ $,default,
plk-Kinship-fathersmother-1,,plk,Kinship-fathersmother,dadí,dadí,d a d í/i,,hindukush,,,^ d a d í $,default,
plk-Kinship-mothersfather-1,,plk,Kinship-mothersfather,dâːdu̥,dâːdu̥,d âː/aː d u̥,,hindukush,,,^ d âː d u̥ $,default,
plk-Kinship-mothersmother-1,,plk,Kinship-mothersmother,dadí,dadí,d a d í/i,,hindukush,,,^ d a d í $,default,
plk-Kinship-sonsson-1,,plk,Kinship-sonsson,pôːʈ͡ʂu̥,pôːʈ͡ʂu̥,p ôː/oː ʈʂ u̥,,hindukush,,,^ p ôː ʈ͡ʂ u̥ $,default,
plk-Kinship-sonsdaughter-1,,plk,Kinship-sonsdaughter,pôːʈ͡ʂi̥,pôːʈ͡ʂi̥,p ôː/oː ʈʂ i̥,,hindukush,,,^ p ôː ʈ͡ʂ i̥ $,default,
plk-Kinship-daughtersson-1,,plk,Kinship-daughtersson,pôːʈ͡ʂu̥,pôːʈ͡ʂu̥,p ôː/oː ʈʂ u̥,,hindukush,,,^ p ôː ʈ͡ʂ u̥ $,default,
plk-Kinship-daughtersdaughter-1,,plk,Kinship-daughtersdaughter,pôːʈ͡ʂi̥,pôːʈ͡ʂi̥,p ôː/oː ʈʂ i̥,,hindukush,,,^ p ôː ʈ͡ʂ i̥ $,default,
plk-Kinship-fathersbrother-1,,plk,Kinship-fathersbrother,piʈ͡ʂí,piʈ͡ʂí,p i ʈʂ í/i,,hindukush,,,^ p i ʈ͡ʂ í $,default,
plk-Kinship-fathersolderbrother-1,,plk,Kinship-fathersolderbrother,piʈ͡ʂí,piʈ͡ʂí,p i ʈʂ í/i,,hindukush,,,^ p i ʈ͡ʂ í $,default,
plk-Kinship-fathersyoungerbrother-1,,plk,Kinship-fathersyoungerbrother,lékʰu̥ piʈ͡ʂí,lékʰu̥_piʈ͡ʂí,l é/e kʰ u̥ + p i ʈʂ í/i,,hindukush,,,^ l é kʰ u̥ _ p i ʈ͡ʂ í $,default,
plk-Kinship-fatherssister-1,,plk,Kinship-fatherssister,pʰîːpi̥,pʰîːpi̥,pʰ îː/iː p i̥,,hindukush,,,^ pʰ îː p i̥ $,default,
plk-Kinship-fathersoldersister-1,,plk,Kinship-fathersoldersister,báɽi̥ pʰîːpi̥,báɽi̥_pʰîːpi̥,b á/a ɽ i̥ + pʰ îː/iː p i̥,,hindukush,,,^ b á ɽ i̥ _ pʰ îː p i̥ $,default,
plk-Kinship-fathersyoungersister-1,,plk,Kinship-fathersyoungersister,lékʰi̥ pʰîːpi̥,lékʰi̥_pʰîːpi̥,l é/e kʰ i̥ + pʰ îː/iː p i̥,,hindukush,,,^ l é kʰ i̥ _ pʰ îː p i̥ $,default,
plk-Kinship-mothersbrother-1,,plk,Kinship-mothersbrother,mahúl,mahúl,m a h ú/u l,,hindukush,,,^ m a h ú l $,default,
plk-Kinship-mothersolderbrother-1,,plk,Kinship-mothersolderbrother,báɽu̥ mahúl,báɽu̥_mahúl,b á/a ɽ u̥ + m a h ú/u l,,hindukush,,,^ b á ɽ u̥ _ m a h ú l $,default,
plk-Kinship-mothersyoungerbrother-1,,plk,Kinship-mothersyoungerbrother,lékʰu̥ mahúl,lékʰu̥_mahúl,l é/e kʰ u̥ + m a h ú/u l,,hindukush,,,^ l é kʰ u̥ _ m a h ú l $,default,
plk-Kinship-motherssister-1,,plk,Kinship-motherssister,máfi̥,máfi̥,m á/a f i̥,,hindukush,,,^ m á f i̥ $,default,
plk-Kinship-mothersoldersister-1,,plk,Kinship-mothersoldersister,báɽi̥ máfi̥,báɽi̥_máfi̥,b á/a ɽ i̥ + m á/a f i̥,,hindukush,,,^ b á ɽ i̥ _ m á f i̥ $,default,
plk-Kinship-mothersyoungersister-1,,plk,Kinship-mothersyoungersister,lékʰi̥ máfi̥,lékʰi̥_máfi̥,l é/e kʰ i̥ + m á/a f i̥,,hindukush,,,^ l é kʰ i̥ _ m á f i̥ $,default,
plk-Kinship-brothersson-1,,plk,Kinship-brothersson,hurúʈ͡ʂ,hurúʈ͡ʂ,h u r ú/u ʈʂ,,hindukush,,,^ h u r ú ʈ͡ʂ $,default,
plk-Kinship-brothersdaughter-1,,plk,Kinship-brothersdaughter,huruʈ͡ʂẽ̂ːj,huruʈ͡ʂẽ̂ːj,h u r u ʈʂ ẽː j,,hindukush,,,^ h u r u ʈ͡ʂ ẽ̂ː j $,default,
plk-Kinship-sistersson-1,,plk,Kinship-sistersson,sazuː,sazuː,s a z uː,,hindukush,,,^ s a z uː $,default,
plk-Kinship-sistersdaughter-1,,plk,Kinship-sistersdaughter,sazúj,sazúj,s a z ú/u j,,hindukush,,,^ s a z ú j $,default,
plk-Kinship-husband-1,,plk,Kinship-husband,bariôː,bariôː,b a r i ôː/oː,,hindukush,,,^ b a r iôː $,default,
plk-Kinship-wife-1,,plk,Kinship-wife,t͡ɕej,t͡ɕej,tɕ e j,,hindukush,,,^ t͡ɕ e j $,default,
plk-Kinship-fathersolderbrotherswife-1,,plk,Kinship-fathersolderbrotherswife,báɽi̥ mã̌ː,báɽi̥_mã̌ː,b á/a ɽ i̥ + m ãː,,hindukush,,,^ b á ɽ i̥ _ m ã̌ː $,default,
plk-Kinship-fathersyoungerbrotherswife-1,,plk,Kinship-fathersyoungerbrotherswife,lékʰi̥ mã̌ː,lékʰi̥_mã̌ː,l é/e kʰ i̥ + m ãː,,hindukush,,,^ l é kʰ i̥ _ m ã̌ː $,default,
plk-Kinship-fatherssistershusband-1,,plk,Kinship-fatherssistershusband,pit͡ɕâː,pit͡ɕâː,p i tɕ âː/aː,,hindukush,,,^ p i t͡ɕ âː $,default,
plk-Kinship-mothersbrotherswife-1,,plk,Kinship-mothersbrotherswife,pʰipǒː,pʰipǒː,pʰ i p ǒː/oː,,hindukush,,,^ pʰ i p ǒː $,default,
plk-Kinship-motherssistershusband-1,,plk,Kinship-motherssistershusband,pit͡ɕâː,pit͡ɕâː,p i tɕ âː/aː,,hindukush,,,^ p i t͡ɕ âː $,default,
plk-Kinship-sonswife-1,,plk,Kinship-sonswife,nǔːʂ,nǔːʂ,n ǔː/uː ʂ,,hindukush,,,^ n ǔː ʂ $,default,
plk-Kinship-daughtershusband-1,,plk,Kinship-daughtershusband,d͡ʑamʈ͡ʂó,d͡ʑamʈ͡ʂó,dʑ a m ʈʂ ó/o,,hindukush,,,^ d͡ʑ a m ʈ͡ʂ ó $,default,
plk-Kinship-brotherswifemaleego-1,,plk,Kinship-brotherswifemaleego,d͡ʑaʐáh,d͡ʑaʐáh,dʑ a ʐ á/a h,,hindukush,,,^ d͡ʑ a ʐ á h $,default,
plk-Kinship-brotherswifefemaleego-1,,plk,Kinship-brotherswifefemaleego,d͡ʑaʐáh,d͡ʑaʐáh,dʑ a ʐ á/a h,,hindukush,,,^ d͡ʑ a ʐ á h $,default,
plk-Kinship-sistershusbandmaleego-1,,plk,Kinship-sistershusbandmaleego,sazêː χawán,sazêː_χawán,s a z êː/eː + χ a w á/a n,,hindukush,,,^ s a z êː _ χ a w á n $,default,
plk-Kinship-wifesfather-1,,plk,Kinship-wifesfather,t͡ɕêː bubâː,t͡ɕêː_bubâː,tɕ êː/eː + b u b âː/aː,,hindukush,,,^ t͡ɕ êː _ b u b âː $,default,
plk-Kinship-wifesmother-1,,plk,Kinship-wifesmother,t͡ɕêː mã̌ː,t͡ɕêː_mã̌ː,tɕ êː/eː + m ãː,,hindukush,,,^ t͡ɕ êː _ m ã̌ː $,default,
plk-Kinship-husbandsfather-1,,plk,Kinship-husbandsfather,bubâː,bubâː,b u b âː/aː,,hindukush,,,^ b u b âː $,default,
plk-Kinship-husbandsmother-1,,plk,Kinship-husbandsmother,mã̌ː,mã̌ː,m ãː,,hindukush,,,^ m ã̌ː $,default,
plk-Kinship-husbandsbrother-1,,plk,Kinship-husbandsbrother,lewár,lewár,l e w á/a r,,hindukush,,,^ l e w á r $,default,
plk-Kinship-husbandssister-1,,plk,Kinship-husbandssister,d͡ʑaʐáh,d͡ʑaʐáh,dʑ a ʐ á/a h,,hindukush,,,^ d͡ʑ a ʐ á h $,default,
plk-Kinship-wifesbrother-1,,plk,Kinship-wifesbrother,t͡ɕêː ʐâː,t͡ɕêː_ʐâː,tɕ êː/eː + ʐ âː/aː,,hindukush,,,^ t͡ɕ êː _ ʐ âː $,default,
plk-Kinship-wifessister-1,,plk,Kinship-wifessister,t͡ɕêː sas,t͡ɕêː_sas,tɕ êː/eː + s a s,,hindukush,,,^ t͡ɕ êː _ s a s $,default,
plk-Kinship-husbandsbrotherswife-1,,plk,Kinship-husbandsbrotherswife,d͡ʑaʐáh,d͡ʑaʐáh,dʑ a ʐ á/a h,,hindukush,,,^ d͡ʑ a ʐ á h $,default,
plk-Kinship-cowife-1,,plk,Kinship-cowife,habêːɳi̥,habêːɳi̥,h a b êː/eː ɳ i̥,,hindukush,,,^ h a b êː ɳ i̥ $,default,
plk-Kinship-stepsisternosharedparent-1,,plk,Kinship-stepsisternosharedparent,t͡ɕít͡ɕi̥ pîːli̥ sas,t͡ɕít͡ɕi̥_pîːli̥_sas,tɕ í/i tɕ i̥ + p îː/iː l i̥ + s a s,,hindukush,,,^ t͡ɕ í t͡ɕ i̥ _ p îː l i̥ _ s a s $,default,
plk-Kinship-stepbrothernosharedparent-1,,plk,Kinship-stepbrothernosharedparent,t͡ɕít͡ɕi̥ pîːlu̥ ʐâː,t͡ɕít͡ɕi̥_pîːlu̥_ʐâː,tɕ í/i tɕ i̥ + p îː/iː l u̥ + ʐ âː/aː,,hindukush,,,^ t͡ɕ í t͡ɕ i̥ _ p îː l u̥ _ ʐ âː $,default,
plk-Kinship-stepmother-1,,plk,Kinship-stepmother,lôːɡi̥ mã̌ː,lôːɡi̥_mã̌ː,l ôː/oː g i̥ + m ãː,,hindukush,,,^ l ôː ɡ i̥ _ m ã̌ː $,default,
plk-Kinship-stepson-1,,plk,Kinship-stepson,lôːɡu̥ puʈ͡ʂ,lôːɡu̥_puʈ͡ʂ,l ôː/oː g u̥ + p u ʈʂ,,hindukush,,,^ l ôː ɡ u̥ _ p u ʈ͡ʂ $,default,
plk-Kinship-stepdaughter-1,,plk,Kinship-stepdaughter,lôːɡi̥ dǐː,lôːɡi̥_dǐː,l ôː/oː g i̥ + d ǐː/iː,,hindukush,,,^ l ôː ɡ i̥ _ d ǐː $,default,
plk-Kinship-fathersfathersfather-1,,plk,Kinship-fathersfathersfather,paɽdǎːdu̥,paɽdǎːdu̥,p a ɽ d ǎ/aː d u̥,,hindukush,,,^ p a ɽ d ǎː d u̥ $,default,
plk-Kinship-mothersmothersmother-1,,plk,Kinship-mothersmothersmother,paɽdǎːdi̥,paɽdǎːdi̥,p a ɽ d ǎ/aː d i̥,,hindukush,,,^ p a ɽ d ǎː d i̥ $,default,
plk-Kinship-forefather-1,,plk,Kinship-forefather,mǎːlu̥ dâːdu̥,mǎːlu̥_dâːdu̥,m ǎ/aː l u̥ + d âː/aː d u̥,,hindukush,,,^ m ǎː l u̥ _ d âː d u̥ $,default,
plk-Kinship-fathersbrothersson-1,,plk,Kinship-fathersbrothersson,pit͡ɕêː puʈ͡ʂ,pit͡ɕêː_puʈ͡ʂ,p i tɕ êː/eː + p u ʈʂ,,hindukush,,,^ p i t͡ɕ êː _ p u ʈ͡ʂ $,default,
plk-Kinship-fathersbrothersdaughter-1,,plk,Kinship-fathersbrothersdaughter,pit͡ɕêː dǐː,pit͡ɕêː_dǐː,p i tɕ êː/eː + d ǐː/iː,,hindukush,,,^ p i t͡ɕ êː _ d ǐː $,default,
plk-Kinship-fatherssistersson-1,,plk,Kinship-fatherssistersson,pʰipijǎː ʐâː,pʰipijǎː_ʐâː,pʰ i p i j ǎ/aː + ʐ âː/aː,,hindukush,,,^ pʰ i p i j ǎː _ ʐ âː $,default,
plk-Kinship-fatherssistersdaughter-1,,plk,Kinship-fatherssistersdaughter,pʰipijǎː sas,pʰipijǎː_sas,pʰ i p i j ǎ/aː + s a s,,hindukush,,,^ pʰ i p i j ǎː _ s a s $,default,
plk-Kinship-mothersbrothersson-1,,plk,Kinship-mothersbrothersson,mahulêː puʈ͡ʂ,mahulêː_puʈ͡ʂ,m a h u l êː/eː + p u ʈʂ,,hindukush,,,^ m a h u l êː _ p u ʈ͡ʂ $,default,
plk-Kinship-mothersbrothersdaughter-1,,plk,Kinship-mothersbrothersdaughter,mahulêː dǐː,mahulêː_dǐː,m a h u l êː/eː + d ǐː/iː,,hindukush,,,^ m a h u l êː _ d ǐː $,default,
plk-Kinship-motherssistersson-1,,plk,Kinship-motherssistersson,hurmulijǎː ʐâː,hurmulijǎː_ʐâː,h u r m u l i j ǎ/aː + ʐ âː/aː,,hindukush,,,^ h u r m u l i j ǎː _ ʐ âː $,default,
plk-Kinship-motherssistersdaughter-1,,plk,Kinship-motherssistersdaughter,hurmulijǎː sas,hurmulijǎː_sas,h u r m u l i j ǎ/aː + s a s,,hindukush,,,^ h u r m u l i j ǎː _ s a s $,default,
plk-Kinship-relative-1,,plk,Kinship-relative,"nasbǐː, uskûːn",nasbǐː,n a s b ǐː/iː,,hindukush,,,^ n a s b ǐː $,default,
plk-Kinship-relative-2,,plk,Kinship-relative,"nasbǐː, uskûːn",uskûːn,u s k ûː/uː n,,hindukush,,,^ u s k ûː n $,default,
plk-Kinship-bloodrelative-1,,plk,Kinship-bloodrelative,lêːleː nasáb,lêːleː_nasáb,l êː/eː l eː + n a s á/a b,,hindukush,,,^ l êː l eː _ n a s á b $,default,
plk-Kinship-headofhousehold-1,,plk,Kinship-headofhousehold,mǎːlik,mǎːlik,m ǎ/aː l i k,,hindukush,,,^ m ǎː l i k $,default,
plk-Kinship-headofclan-1,,plk,Kinship-headofclan,qôːmeː báɽu̥,qôːmeː_báɽu̥,q ôː/oː m eː + b á/a ɽ u̥,,hindukush,,,^ q ôː m eː _ b á ɽ u̥ $,default,
plk-Kinship-headoftribe-1,,plk,Kinship-headoftribe,qôːmeː báɽu̥,qôːmeː_báɽu̥,q ôː/oː m eː + b á/a ɽ u̥,,hindukush,,,^ q ôː m eː _ b á ɽ u̥ $,default,
plk-Kinship-halfsistersamefatherdifferentmother-1,,plk,Kinship-halfsistersamefatherdifferentmother,lôːɡi̥ sas,lôːɡi̥_sas,l ôː/oː g i̥ + s a s,,hindukush,,,^ l ôː ɡ i̥ _ s a s $,default,
plk-Kinship-halfbrothersamefatherdifferentmother-1,,plk,Kinship-halfbrothersamefatherdifferentmother,lôːɡu̥ ʐâː,lôːɡu̥_ʐâː,l ôː/oː g u̥ + ʐ âː/aː,,hindukush,,,^ l ôː ɡ u̥ _ ʐ âː $,default,
plk-Kinship-halfsistersamemotherdifferentfather-1,,plk,Kinship-halfsistersamemotherdifferentfather,lôːɡi̥ sas,lôːɡi̥_sas,l ôː/oː g i̥ + s a s,,hindukush,,,^ l ôː ɡ i̥ _ s a s $,default,
plk-Kinship-halfbrothersamemotherdifferentfather-1,,plk,Kinship-halfbrothersamemotherdifferentfather,lôːɡu̥ ʐâː,lôːɡu̥_ʐâː,l ôː/oː g u̥ + ʐ âː/aː,,hindukush,,,^ l ôː ɡ u̥ _ ʐ âː $,default,
shd-Kinship-father-1,,shd,Kinship-father,maːl,maːl,m aː l,,hindukush,,,^ m aː l $,default,
shd-Kinship-mother-1,,shd,Kinship-mother,meːl,meːl,m eː l,,hindukush,,,^ m eː l $,default,
shd-Kinship-parent-1,,shd,Kinship-parent,meːl maːl,meːl_maːl,m eː l + m aː l,,hindukush,,,^ m eː l _ m aː l $,default,
shd-Kinship-son-1,,shd,Kinship-son,kuɽʰ,kuɽʰ,k u ɽʰ,,hindukush,,,^ k u ɽʰ $,default,
shd-Kinship-daughter-1,,shd,Kinship-daughter,kiɽʰ,kiɽʰ,k i ɽʰ,,hindukush,,,^ k i ɽʰ $,default,
shd-Kinship-ownchild-1,,shd,Kinship-ownchild,apijãː kuɽʰ,apijãː_kuɽʰ,a p i j ãː + k u ɽʰ,,hindukush,,,^ a p i j ãː _ k u ɽʰ $,default,
shd-Kinship-brother-1,,shd,Kinship-brother,"jaː, biːr",jaː,j aː,,hindukush,,,^ j aː $,default,
shd-Kinship-brother-2,,shd,Kinship-brother,"jaː, biːr",biːr,b iː r,,hindukush,,,^ b iː r $,default,
shd-Kinship-sister-1,,shd,Kinship-sister,saz,saz,s a z,,hindukush,,,^ s a z $,default,
shd-Kinship-olderbrother-1,,shd,Kinship-olderbrother,baːndijaː,baːndijaː,b aː n d i j aː,,hindukush,,,^ b aː n d i j aː $,default,
shd-Kinship-youngerbrother-1,,shd,Kinship-youngerbrother,t͡ɕunu jaː,t͡ɕunu_jaː,tɕ u n u + j aː,,hindukush,,,^ t͡ɕ u n u _ j aː $,default,
shd-Kinship-oldersister-1,,shd,Kinship-oldersister,beːnd saz,beːnd_saz,b eː n d + s a z,,hindukush,,,^ b eː n d _ s a z $,default,
shd-Kinship-youngersister-1,,shd,Kinship-youngersister,t͡ɕuni saz,t͡ɕuni_saz,tɕ u n i + s a z,,hindukush,,,^ t͡ɕ u n i _ s a z $,default,
shd-Kinship-fathersfather-1,,shd,Kinship-fathersfather,daːdʰ,daːdʰ,d aː dʰ,,hindukush,,,^ d aː dʰ $,default,
shd-Kinship-fathersmother-1,,shd,Kinship-fathersmother,deːd,deːd,d eː d,,hindukush,,,^ d eː d $,default,
shd-Kinship-mothersfather-1,,shd,Kinship-mothersfather,naːɽãː,naːɽãː,n aː ɽ ãː,,hindukush,,,^ n aː ɽ ãː $,default,
shd-Kinship-mothersmother-1,,shd,Kinship-mothersmother,naːɽĩː,naːɽĩː,n aː ɽ ĩː,,hindukush,,,^ n aː ɽ ĩː $,default,
shd-Kinship-sonsson-1,,shd,Kinship-sonsson,poːtər,poːtər,p oː t ə r,,hindukush,,,^ p oː t ə r $,default,
shd-Kinship-sonsdaughter-1,,shd,Kinship-sonsdaughter,peː tir,peː_tir,p eː + t i r,,hindukush,,,^ p eː _ t i r $,default,
shd-Kinship-daughtersson-1,,shd,Kinship-daughtersson,deːhoːɽ,deːhoːɽ,d eː h oː ɽ,,hindukush,,,^ d eː h oː ɽ $,default,
shd-Kinship-daughtersdaughter-1,,shd,Kinship-daughtersdaughter,deːheːɽʰ,deːheːɽʰ,d eː h eː ɽʰ,,hindukush,,,^ d eː h eː ɽʰ $,default,
shd-Kinship-fathersbrother-1,,shd,Kinship-fathersbrother,pitri,pitri,p i t r i,,hindukush,,,^ p i t r i $,default,
shd-Kinship-fathersolderbrother-1,,shd,Kinship-fathersolderbrother,bandbaː,bandbaː,b a n d b aː,,hindukush,,,^ b a n d b aː $,default,
shd-Kinship-fathersyoungerbrother-1,,shd,Kinship-fathersyoungerbrother,t͡ɕunu pitri,t͡ɕunu_pitri,tɕ u n u + p i t r i,,hindukush,,,^ t͡ɕ u n u _ p i t r i $,default,
shd-Kinship-fatherssister-1,,shd,Kinship-fatherssister,faːj,faːj,f aː j,,hindukush,,,^ f aː j $,default,
shd-Kinship-fathersoldersister-1,,shd,Kinship-fathersoldersister,beːnd faːj,beːnd_faːj,b eː n d + f aː j,,hindukush,,,^ b eː n d _ f aː j $,default,
shd-Kinship-fathersyoungersister-1,,shd,Kinship-fathersyoungersister,t͡ɕuni faːj,t͡ɕuni_faːj,tɕ u n i + f aː j,,hindukush,,,^ t͡ɕ u n i _ f aː j $,default,
shd-Kinship-mothersbrother-1,,shd,Kinship-mothersbrother,moːl,moːl,m oː l,,hindukush,,,^ m oː l $,default,
shd-Kinship-mothersolderbrother-1,,shd,Kinship-mothersolderbrother,baːnd moːl,baːnd_moːl,b aː n d + m oː l,,hindukush,,,^ b aː n d _ m oː l $,default,
shd-Kinship-mothersyoungerbrother-1,,shd,Kinship-mothersyoungerbrother,t͡ɕunu moːl,t͡ɕunu_moːl,tɕ u n u + m oː l,,hindukush,,,^ t͡ɕ u n u _ m oː l $,default,
shd-Kinship-motherssister-1,,shd,Kinship-motherssister,meːs,meːs,m eː s,,hindukush,,,^ m eː s $,default,
shd-Kinship-mothersoldersister-1,,shd,Kinship-mothersoldersister,beːnd meːs,beːnd_meːs,b eː n d + m eː s,,hindukush,,,^ b eː n d _ m eː s $,default,
shd-Kinship-mothersyoungersister-1,,shd,Kinship-mothersyoungersister,t͡ɕuni meːs,t͡ɕuni_meːs,tɕ u n i + m eː s,,hindukush,,,^ t͡ɕ u n i _ m eː s $,default,
shd-Kinship-brothersson-1,,shd,Kinship-brothersson,jaːl puːtər,jaːl_puːtər,j aː l + p uː t ə r,,hindukush,,,^ j aː l _ p uː t ə r $,default,
shd-Kinship-brothersdaughter-1,,shd,Kinship-brothersdaughter,jaːl dʰiː,jaːl_dʰiː,j aː l + dʰ iː,,hindukush,,,^ j aː l _ dʰ iː $,default,
shd-Kinship-sistersson-1,,shd,Kinship-sistersson,sazʰuːɽʰ,sazʰuːɽʰ,s a zʰ uː ɽʰ,,hindukush,,,^ s a zʰ uː ɽʰ $,default,
shd-Kinship-sistersdaughter-1,,shd,Kinship-sistersdaughter,sazʰiːɽʰ,sazʰiːɽʰ,s a zʰ iː ɽʰ,,hindukush,,,^ s a zʰ iː ɽʰ $,default,
shd-Kinship-husband-1,,shd,Kinship-husband,gʰarwaːl,gʰarwaːl,gʰ a r w aː l,,hindukush,,,^ gʰ a rw aː l $,default,
shd-Kinship-wife-1,,shd,Kinship-wife,gʰarweːl,gʰarweːl,gʰ a r w eː l,,hindukush,,,^ gʰ a rw eː l $,default,
shd-Kinship-fathersolderbrotherswife-1,,shd,Kinship-fathersolderbrotherswife,bindijeː,bindijeː,b i n d i j eː,,hindukush,,,^ b i n d i j eː $,default,
shd-Kinship-fathersyoungerbrotherswife-1,,shd,Kinship-fathersyoungerbrotherswife,t͡ɕuni meːl,t͡ɕuni_meːl,tɕ u n i + m eː l,,hindukush,,,^ t͡ɕ u n i _ m eː l $,default,
shd-Kinship-fatherssistershusband-1,,shd,Kinship-fatherssistershusband,faːj,faːj,f aː j,,hindukush,,,^ f aː j $,default,
shd-Kinship-mothersbrotherswife-1,,shd,Kinship-mothersbrotherswife,maːmi,maːmi,m aː m i,,hindukush,,,^ m aː m i $,default,
shd-Kinship-motherssistershusband-1,,shd,Kinship-motherssistershusband,maːsaː,maːsaː,m aː s aː,,hindukush,,,^ m aː s aː $,default,
shd-Kinship-sonswife-1,,shd,Kinship-sonswife,niːhiɽʰ,niːhiɽʰ,n iː h i ɽʰ,,hindukush,,,^ n iː h i ɽʰ $,default,
shd-Kinship-daughtershusband-1,,shd,Kinship-daughtershusband,d͡ʑumaːtrʰ,d͡ʑumaːtrʰ,dʑ u m aː t rʰ,,hindukush,,,^ d͡ʑ u m aː t rʰ $,default,
shd-Kinship-brotherswifemaleego-1,,shd,Kinship-brotherswifemaleego,keːqin,keːqin,k eː q i n,,hindukush,,,^ k eː q i n $,default,
shd-Kinship-brotherswifefemaleego-1,,shd,Kinship-brotherswifefemaleego,nenaːɽʰ,nenaːɽʰ,n e n aː ɽʰ,,hindukush,,,^ n e n aː ɽʰ $,default,
shd-Kinship-sistershusbandmaleego-1,,shd,Kinship-sistershusbandmaleego,soːzsãː gʰarwaːl,soːzsãː_gʰarwaːl,s oː z s ãː + gʰ a r w aː l,,hindukush,,,^ s oː zs ãː _ gʰ a rw aː l $,default,
shd-Kinship-sistershusbandfemaleego-1,,shd,Kinship-sistershusbandfemaleego,bʰĩɽ jə,bʰĩɽ_jə,bʰ ĩ ɽ + j ə,,hindukush,,,^ bʰ ĩ ɽ _ j ə $,default,
shd-Kinship-wifesfather-1,,shd,Kinship-wifesfather,ɕeːr,ɕeːr,ɕ eː r,,hindukush,,,^ ɕ eː r $,default,
shd-Kinship-wifesmother-1,,shd,Kinship-wifesmother,ɕaɕ,ɕaɕ,ɕ a ɕ,,hindukush,,,^ ɕ a ɕ $,default,
shd-Kinship-husbandsfather-1,,shd,Kinship-husbandsfather,ɕeːr,ɕeːr,ɕ eː r,,hindukush,,,^ ɕ eː r $,default,
shd-Kinship-husbandsmother-1,,shd,Kinship-husbandsmother,ɕaɕ,ɕaɕ,ɕ a ɕ,,hindukush,,,^ ɕ a ɕ $,default,
shd-Kinship-husbandsbrother-1,,shd,Kinship-husbandsbrother,deːr,deːr,d eː r,,hindukush,,,^ d eː r $,default,
shd-Kinship-husbandssister-1,,shd,Kinship-husbandssister,dirẽːɽ,dirẽːɽ,d i r ẽː ɽ,,hindukush,,,^ d i r ẽː ɽ $,default,
shd-Kinship-wifesbrother-1,,shd,Kinship-wifesbrother,saːlʰ,saːlʰ,s aː lʰ,,hindukush,,,^ s aː lʰ $,default,
shd-Kinship-wifessister-1,,shd,Kinship-wifessister,seːlʰ,seːlʰ,s eː lʰ,,hindukush,,,^ s eː lʰ $,default,
shd-Kinship-husbandsbrotherswife-1,,shd,Kinship-husbandsbrotherswife,keːqin,keːqin,k eː q i n,,hindukush,,,^ k eː q i n $,default,
shd-Kinship-husbandssistershusband-1,,shd,Kinship-husbandssistershusband,d͡ʑeːʈʰ,d͡ʑeːʈʰ,dʑ eː ʈʰ,,hindukush,,,^ d͡ʑ eː ʈʰ $,default,
shd-Kinship-wifesbrotherswife-1,,shd,Kinship-wifesbrotherswife,keːqin,keːqin,k eː q i n,,hindukush,,,^ k eː q i n $,default,
shd-Kinship-wifessistershusband-1,,shd,Kinship-wifessistershusband,saːnɖu,saːnɖu,s aː n ɖ u,,hindukush,,,^ s aː n ɖ u $,default,
shd-Kinship-cowife-1,,shd,Kinship-cowife,habeːn,habeːn,h a b eː n,,hindukush,,,^ h a b eː n $,default,
shd-Kinship-stepsisternosharedparent-1,,shd,Kinship-stepsisternosharedparent,maŋdʰiː,maŋdʰiː,m a ŋ dʰ iː,,hindukush,,,^ m a ŋ dʰ iː $,default,
shd-Kinship-stepbrothernosharedparent-1,,shd,Kinship-stepbrothernosharedparent,maŋpuːtər,maŋpuːtər,m a ŋ p uː t ə r,,hindukush,,,^ m a ŋ p uː t ə r $,default,
shd-Kinship-stepmother-1,,shd,Kinship-stepmother,sak maːl,sak_maːl,s a k + m aː l,,hindukush,,,^ s a k _ m aː l $,default,
shd-Kinship-stepfather-1,,shd,Kinship-stepfather,sak meːl,sak_meːl,s a k + m eː l,,hindukush,,,^ s a k _ m eː l $,default,
shd-Kinship-stepson-1,,shd,Kinship-stepson,sukawːu,sukawːu,s u k a wː u,,hindukush,,,^ s u k a wː u $,default,
shd-Kinship-stepdaughter-1,,shd,Kinship-stepdaughter,sukoːj,sukoːj,s u k oː j,,hindukush,,,^ s u k oː j $,default,
shd-Kinship-fathersfathersfather-1,,shd,Kinship-fathersfathersfather,paɽdaːd,paɽdaːd,p a ɽ d aː d,,hindukush,,,^ p a ɽ d aː d $,default,
shd-Kinship-mothersmothersmother-1,,shd,Kinship-mothersmothersmother,parneːɽʰ,parneːɽʰ,p a r n eː ɽʰ,,hindukush,,,^ p a r n eː ɽʰ $,default,
shd-Kinship-forefather-1,,shd,Kinship-forefather,daːdijaːl,daːdijaːl,d aː d i j aː l,,hindukush,,,^ d aː d i j aː l $,default,
shd-Kinship-foremother-1,,shd,Kinship-foremother,lakəɽdʰeːd,lakəɽdʰeːd,l a k ə ɽ dʰ eː d,,hindukush,,,^ l a k ə ɽ dʰ eː d $,default,
shd-Kinship-fathersbrothersson-1,,shd,Kinship-fathersbrothersson,pitruːr,pitruːr,p i t r uː r,,hindukush,,,^ p i t r uː r $,default,
shd-Kinship-fathersbrothersdaughter-1,,shd,Kinship-fathersbrothersdaughter,pitriːr saz,pitriːr_saz,p i t r iː r + s a z,,hindukush,,,^ p i t r iː r _ s a z $,default,
shd-Kinship-fatherssistersson-1,,shd,Kinship-fatherssistersson,faːfuːɽʰ jaː,faːfuːɽʰ_jaː,f aː f uː ɽʰ + j aː,,hindukush,,,^ f aː f uː ɽʰ _ j aː $,default,
shd-Kinship-fatherssistersdaughter-1,,shd,Kinship-fatherssistersdaughter,faːfiːɽʰ saz,faːfiːɽʰ_saz,f aː f iː ɽʰ + s a z,,hindukush,,,^ f aː f iː ɽʰ _ s a z $,default,
shd-Kinship-mothersbrothersson-1,,shd,Kinship-mothersbrothersson,moːloːɽijaː,moːloːɽijaː,m oː l oː ɽ i j aː,,hindukush,,,^ m oː l oː ɽ i j aː $,default,
shd-Kinship-mothersbrothersdaughter-1,,shd,Kinship-mothersbrothersdaughter,moːliːɽ saz,moːliːɽ_saz,m oː l iː ɽ + s a z,,hindukush,,,^ m oː l iː ɽ _ s a z $,default,
shd-Kinship-motherssistersson-1,,shd,Kinship-motherssistersson,maːsuːɽʰ jaː,maːsuːɽʰ_jaː,m aː s uː ɽʰ + j aː,,hindukush,,,^ m aː s uː ɽʰ _ j aː $,default,
shd-Kinship-motherssistersdaughter-1,,shd,Kinship-motherssistersdaughter,maːsiːɽʰ saz,maːsiːɽʰ_saz,m aː s iː ɽʰ + s a z,,hindukush,,,^ m aː s iː ɽʰ _ s a z $,default,
shd-Kinship-bloodrelative-1,,shd,Kinship-bloodrelative,rot sãː riɕtəh,rot_sãː_riɕtəh,r o t + s ãː + r i ɕ t ə h,,hindukush,,,^ r o t _ s ãː _ r i ɕ t ə h $,default,
shd-Kinship-wifesrelatives-1,,shd,Kinship-wifesrelatives,ɕeːrən waːl,ɕeːrən_waːl,ɕ eː r ə n + w aː l,,hindukush,,,^ ɕ eː r ə n _ w aː l $,default,
shd-Kinship-halfsistersamefatherdifferentmother-1,,shd,Kinship-halfsistersamefatherdifferentmother,matreːri saz,matreːri_saz,m a t r eː r i + s a z,,hindukush,,,^ m a t r eː r i _ s a z $,default,
shd-Kinship-halfbrothersamefatherdifferentmother-1,,shd,Kinship-halfbrothersamefatherdifferentmother,matreːri jaː,matreːri_jaː,m a t r eː r i + j aː,,hindukush,,,^ m a t r eː r i _ j aː $,default,
shd-Kinship-halfsistersamemotherdifferentfather-1,,shd,Kinship-halfsistersamemotherdifferentfather,matreːri saz,matreːri_saz,m a t r eː r i + s a z,,hindukush,,,^ m a t r eː r i _ s a z $,default,
shd-Kinship-halfbrothersamemotherdifferentfather-1,,shd,Kinship-halfbrothersamemotherdifferentfather,matreːri jaː,matreːri_jaː,m a t r eː r i + j aː,,hindukush,,,^ m a t r eː r i _ j aː $,default,
kir-Kinship-father-1,,kir,Kinship-father,ɑta,ɑta,ɑ t a,,hindukush,,,^ ɑ t a $,default,
kir-Kinship-mother-1,,kir,Kinship-mother,ene,ene,e n e,,hindukush,,,^ e n e $,default,
kir-Kinship-parent-1,,kir,Kinship-parent,oʁlu,oʁlu,o ʁ l u,,hindukush,,,^ o ʁ l u $,default,
kir-Kinship-son-1,,kir,Kinship-son,bɑla,bɑla,b ɑ l a,,hindukush,,,^ b ɑ l a $,default,
kir-Kinship-daughter-1,,kir,Kinship-daughter,qɯz,qɯz,q ɯ z,,hindukush,,,^ q ɯ z $,default,
kir-Kinship-ownchild-1,,kir,Kinship-ownchild,nariste,nariste,n a r i s t e,,hindukush,,,^ n a r i s t e $,default,
kir-Kinship-brother-1,,kir,Kinship-brother,ini,ini,i n i,,hindukush,,,^ i n i $,default,
kir-Kinship-sister-1,,kir,Kinship-sister,ed͡ʒe,ed͡ʒe,e dʒ e,,hindukush,,,^ e d͡ʒ e $,default,
kir-Kinship-olderbrother-1,,kir,Kinship-olderbrother,ɑʁɑm,ɑʁɑm,ɑ ʁ ɑ m,,hindukush,,,^ ɑ ʁ ɑ m $,default,
kir-Kinship-youngerbrother-1,,kir,Kinship-youngerbrother,inim,inim,i n i m,,hindukush,,,^ i n i m $,default,
kir-Kinship-oldersister-1,,kir,Kinship-oldersister,ed͡ʒe,ed͡ʒe,e dʒ e,,hindukush,,,^ e d͡ʒ e $,default,
kir-Kinship-youngersister-1,,kir,Kinship-youngersister,qɑrɑn dɑʃ,qɑrɑn_dɑʃ,q ɑ r ɑ n + d ɑ ʃ,,hindukush,,,^ q ɑ r ɑ n _ d ɑ ʃ $,default,
kir-Kinship-fathersfather-1,,kir,Kinship-fathersfather,t͡ʃoŋ ɑta,t͡ʃoŋ_ɑta,tʃ o ŋ + ɑ t a,,hindukush,,,^ t͡ʃ o ŋ _ ɑ t a $,default,
kir-Kinship-fathersmother-1,,kir,Kinship-fathersmother,t͡ʃoŋ ene,t͡ʃoŋ_ene,tʃ o ŋ + e n e,,hindukush,,,^ t͡ʃ o ŋ _ e n e $,default,
kir-Kinship-mothersfather-1,,kir,Kinship-mothersfather,taj ɑta,taj_ɑta,t a j + ɑ t a,,hindukush,,,^ t a j _ ɑ t a $,default,
kir-Kinship-mothersmother-1,,kir,Kinship-mothersmother,taj ene,taj_ene,t a j + e n e,,hindukush,,,^ t a j _ e n e $,default,
kir-Kinship-sonsson-1,,kir,Kinship-sonsson,nibire,nibire,n i b i r e,,hindukush,,,^ n i b i r e $,default,
kir-Kinship-sonsdaughter-1,,kir,Kinship-sonsdaughter,nibire,nibire,n i b i r e,,hindukush,,,^ n i b i r e $,default,
kir-Kinship-daughtersson-1,,kir,Kinship-daughtersson,d͡ʒen,d͡ʒen,dʒ e n,,hindukush,,,^ d͡ʒ e n $,default,
kir-Kinship-daughtersdaughter-1,,kir,Kinship-daughtersdaughter,t͡ʃibire,t͡ʃibire,tʃ i b i r e,,hindukush,,,^ t͡ʃ i b i r e $,default,
kir-Kinship-fathersbrother-1,,kir,Kinship-fathersbrother,t͡ʃoŋ ɑba,t͡ʃoŋ_ɑba,tʃ o ŋ + ɑ b a,,hindukush,,,^ t͡ʃ o ŋ _ ɑ b a $,default,
kir-Kinship-fathersolderbrother-1,,kir,Kinship-fathersolderbrother,t͡ʃoŋ ɑba,t͡ʃoŋ_ɑba,tʃ o ŋ + ɑ b a,,hindukush,,,^ t͡ʃ o ŋ _ ɑ b a $,default,
kir-Kinship-fathersyoungerbrother-1,,kir,Kinship-fathersyoungerbrother,akam,akam,a k a m,,hindukush,,,^ a k a m $,default,
kir-Kinship-fatherssister-1,,kir,Kinship-fatherssister,t͡ʃoŋ inim,t͡ʃoŋ_inim,tʃ o ŋ + i n i m,,hindukush,,,^ t͡ʃ o ŋ _ i n i m $,default,
kir-Kinship-fathersoldersister-1,,kir,Kinship-fathersoldersister,t͡ʃoŋ inim,t͡ʃoŋ_inim,tʃ o ŋ + i n i m,,hindukush,,,^ t͡ʃ o ŋ _ i n i m $,default,
kir-Kinship-fathersyoungersister-1,,kir,Kinship-fathersyoungersister,ed͡ʒe,ed͡ʒe,e dʒ e,,hindukush,,,^ e d͡ʒ e $,default,
kir-Kinship-mothersbrother-1,,kir,Kinship-mothersbrother,tɑʁɑ,tɑʁɑ,t ɑ ʁ ɑ,,hindukush,,,^ t ɑ ʁ ɑ $,default,
kir-Kinship-mothersolderbrother-1,,kir,Kinship-mothersolderbrother,tɑʁɑ,tɑʁɑ,t ɑ ʁ ɑ,,hindukush,,,^ t ɑ ʁ ɑ $,default,
kir-Kinship-mothersyoungerbrother-1,,kir,Kinship-mothersyoungerbrother,tɑʁɑ,tɑʁɑ,t ɑ ʁ ɑ,,hindukush,,,^ t ɑ ʁ ɑ $,default,
kir-Kinship-motherssister-1,,kir,Kinship-motherssister,taj ed͡ʒe,taj_ed͡ʒe,t a j + e dʒ e,,hindukush,,,^ t a j _ e d͡ʒ e $,default,
kir-Kinship-mothersoldersister-1,,kir,Kinship-mothersoldersister,taj ed͡ʒe,taj_ed͡ʒe,t a j + e dʒ e,,hindukush,,,^ t a j _ e d͡ʒ e $,default,
kir-Kinship-mothersyoungersister-1,,kir,Kinship-mothersyoungersister,taj ed͡ʒe,taj_ed͡ʒe,t a j + e dʒ e,,hindukush,,,^ t a j _ e d͡ʒ e $,default,
kir-Kinship-brothersson-1,,kir,Kinship-brothersson,inim,inim,i n i m,,hindukush,,,^ i n i m $,default,
kir-Kinship-brothersdaughter-1,,kir,Kinship-brothersdaughter,inim,inim,i n i m,,hindukush,,,^ i n i m $,default,
kir-Kinship-sistersson-1,,kir,Kinship-sistersson,d͡ʒen,d͡ʒen,dʒ e n,,hindukush,,,^ d͡ʒ e n $,default,
kir-Kinship-sistersdaughter-1,,kir,Kinship-sistersdaughter,d͡ʒen,d͡ʒen,dʒ e n,,hindukush,,,^ d͡ʒ e n $,default,
kir-Kinship-husband-1,,kir,Kinship-husband,er,er,e r,,hindukush,,,^ e r $,default,
kir-Kinship-wife-1,,kir,Kinship-wife,zɑjib,zɑjib,z ɑ j i b,,hindukush,,,^ z ɑ j i b $,default,
kir-Kinship-fathersolderbrotherswife-1,,kir,Kinship-fathersolderbrotherswife,d͡ʒiŋe,d͡ʒiŋe,dʒ i ŋ e,,hindukush,,,^ d͡ʒ i ŋ e $,default,
kir-Kinship-fathersyoungerbrotherswife-1,,kir,Kinship-fathersyoungerbrotherswife,keliŋ,keliŋ,k e l i ŋ,,hindukush,,,^ k e l i ŋ $,default,
kir-Kinship-fatherssistershusband-1,,kir,Kinship-fatherssistershusband,d͡ʒizde,d͡ʒizde,dʒ i z d e,,hindukush,,,^ d͡ʒ i z d e $,default,
kir-Kinship-mothersbrotherswife-1,,kir,Kinship-mothersbrotherswife,d͡ʒiŋe,d͡ʒiŋe,dʒ i ŋ e,,hindukush,,,^ d͡ʒ i ŋ e $,default,
kir-Kinship-motherssistershusband-1,,kir,Kinship-motherssistershusband,d͡ʒizde,d͡ʒizde,dʒ i z d e,,hindukush,,,^ d͡ʒ i z d e $,default,
kir-Kinship-sonswife-1,,kir,Kinship-sonswife,keliŋ,keliŋ,k e l i ŋ,,hindukush,,,^ k e l i ŋ $,default,
kir-Kinship-daughtershusband-1,,kir,Kinship-daughtershusband,"kyjøw, kyjøwala",kyjøw,k y j ø w,,hindukush,,,^ k y j ø w $,default,
kir-Kinship-daughtershusband-2,,kir,Kinship-daughtershusband,"kyjøw, kyjøwala",kyjøwala,k y j ø w a l a,,hindukush,,,^ k y j ø w a l a $,default,
kir-Kinship-brotherswifemaleego-1,,kir,Kinship-brotherswifemaleego,d͡ʒiŋe,d͡ʒiŋe,dʒ i ŋ e,,hindukush,,,^ d͡ʒ i ŋ e $,default,
kir-Kinship-brotherswifefemaleego-1,,kir,Kinship-brotherswifefemaleego,keliŋ,keliŋ,k e l i ŋ,,hindukush,,,^ k e l i ŋ $,default,
kir-Kinship-sistershusbandmaleego-1,,kir,Kinship-sistershusbandmaleego,d͡ʒizde,d͡ʒizde,dʒ i z d e,,hindukush,,,^ d͡ʒ i z d e $,default,
kir-Kinship-sistershusbandfemaleego-1,,kir,Kinship-sistershusbandfemaleego,d͡ʒizde,d͡ʒizde,dʒ i z d e,,hindukush,,,^ d͡ʒ i z d e $,default,
kir-Kinship-wifesfather-1,,kir,Kinship-wifesfather,qɑj nɑta,qɑj_nɑta,q ɑ j + n ɑ t a,,hindukush,,,^ q ɑ j _ n ɑ t a $,default,
kir-Kinship-wifesmother-1,,kir,Kinship-wifesmother,qɑj nine,qɑj_nine,q ɑ j + n i n e,,hindukush,,,^ q ɑ j _ n i n e $,default,
kir-Kinship-husbandsfather-1,,kir,Kinship-husbandsfather,qɑj nɑta,qɑj_nɑta,q ɑ j + n ɑ t a,,hindukush,,,^ q ɑ j _ n ɑ t a $,default,
kir-Kinship-husbandsmother-1,,kir,Kinship-husbandsmother,qɑj nine,qɑj_nine,q ɑ j + n i n e,,hindukush,,,^ q ɑ j _ n i n e $,default,
kir-Kinship-husbandsbrother-1,,kir,Kinship-husbandsbrother,qɑj nɑʁɑ,qɑj_nɑʁɑ,q ɑ j + n ɑ ʁ ɑ,,hindukush,,,^ q ɑ j _ n ɑ ʁ ɑ $,default,
kir-Kinship-husbandssister-1,,kir,Kinship-husbandssister,bɑldɯz,bɑldɯz,b ɑ l d ɯ z,,hindukush,,,^ b ɑ l d ɯ z $,default,
kir-Kinship-wifesbrother-1,,kir,Kinship-wifesbrother,quda,quda,q u d a,,hindukush,,,^ q u d a $,default,
kir-Kinship-wifessister-1,,kir,Kinship-wifessister,qɑj nit͡ʃe,qɑj_nit͡ʃe,q ɑ j + n i tʃ e,,hindukush,,,^ q ɑ j _ n i t͡ʃ e $,default,
kir-Kinship-husbandsbrotherswife-1,,kir,Kinship-husbandsbrotherswife,qɑj ni,qɑj_ni,q ɑ j + n i,,hindukush,,,^ q ɑ j _ n i $,default,
kir-Kinship-husbandssistershusband-1,,kir,Kinship-husbandssistershusband,bɑldɯz,bɑldɯz,b ɑ l d ɯ z,,hindukush,,,^ b ɑ l d ɯ z $,default,
kir-Kinship-wifesbrotherswife-1,,kir,Kinship-wifesbrotherswife,d͡ʒiŋe,d͡ʒiŋe,dʒ i ŋ e,,hindukush,,,^ d͡ʒ i ŋ e $,default,
kir-Kinship-wifessistershusband-1,,kir,Kinship-wifessistershusband,kyjøŋ?,kyjøŋ?,k y j ø ŋ,,hindukush,,,^ k y j ø ŋ ? $,default,
kir-Kinship-cowife-1,,kir,Kinship-cowife,ɑwsɯn,ɑwsɯn,ɑ w s ɯ n,,hindukush,,,^ ɑ ws ɯ n $,default,
kir-Kinship-sonswifesfather-1,,kir,Kinship-sonswifesfather,ɑta,ɑta,ɑ t a,,hindukush,,,^ ɑ t a $,default,
kir-Kinship-sonswifesmother-1,,kir,Kinship-sonswifesmother,ene,ene,e n e,,hindukush,,,^ e n e $,default,
kir-Kinship-daughtershusbandsfather-1,,kir,Kinship-daughtershusbandsfather,qɑj nɑʁɑ,qɑj_nɑʁɑ,q ɑ j + n ɑ ʁ ɑ,,hindukush,,,^ q ɑ j _ n ɑ ʁ ɑ $,default,
kir-Kinship-daughtershusbandsmother-1,,kir,Kinship-daughtershusbandsmother,qɑj nine,qɑj_nine,q ɑ j + n i n e,,hindukush,,,^ q ɑ j _ n i n e $,default,
kir-Kinship-stepsisternosharedparent-1,,kir,Kinship-stepsisternosharedparent,ɑj ʃid͡ʒe,ɑj_ʃid͡ʒe,ɑ j + ʃ i dʒ e,,hindukush,,,^ ɑ j _ ʃ i d͡ʒ e $,default,
kir-Kinship-stepbrothernosharedparent-1,,kir,Kinship-stepbrothernosharedparent,ɑj ʃaka,ɑj_ʃaka,ɑ j + ʃ a k a,,hindukush,,,^ ɑ j _ ʃ a k a $,default,
kir-Kinship-stepmother-1,,kir,Kinship-stepmother,sɑʁɯr,sɑʁɯr,s ɑ ʁ ɯ r,,hindukush,,,^ s ɑ ʁ ɯ r $,default,
kir-Kinship-stepfather-1,,kir,Kinship-stepfather,sɑʁɯr,sɑʁɯr,s ɑ ʁ ɯ r,,hindukush,,,^ s ɑ ʁ ɯ r $,default,
kir-Kinship-stepson-1,,kir,Kinship-stepson,bɑlam,bɑlam,b ɑ l a m,,hindukush,,,^ b ɑ l a m $,default,
kir-Kinship-stepdaughter-1,,kir,Kinship-stepdaughter,qɯzɯm,qɯzɯm,q ɯ z ɯ m,,hindukush,,,^ q ɯ z ɯ m $,default,
kir-Kinship-fathersfathersfather-1,,kir,Kinship-fathersfathersfather,t͡ʃoŋ bɑba,t͡ʃoŋ_bɑba,tʃ o ŋ + b ɑ b a,,hindukush,,,^ t͡ʃ o ŋ _ b ɑ b a $,default,
kir-Kinship-mothersmothersmother-1,,kir,Kinship-mothersmothersmother,t͡ʃoŋ ini,t͡ʃoŋ_ini,tʃ o ŋ + i n i,,hindukush,,,^ t͡ʃ o ŋ _ i n i $,default,
kir-Kinship-forefather-1,,kir,Kinship-forefather,o rutu,o_rutu,o + r u t u,,hindukush,,,^ o _ r u t u $,default,
kir-Kinship-foremother-1,,kir,Kinship-foremother,tuʁan,tuʁan,t u ʁ a n,,hindukush,,,^ t u ʁ a n $,default,
kir-Kinship-fathersbrothersson-1,,kir,Kinship-fathersbrothersson,ɑʁɯnɯ bɑla,ɑʁɯnɯ_bɑla,ɑ ʁ ɯ n ɯ + b ɑ l a,,hindukush,,,^ ɑ ʁ ɯ n ɯ _ b ɑ l a $,default,
kir-Kinship-fathersbrothersdaughter-1,,kir,Kinship-fathersbrothersdaughter,ɑʁɯnɯ qɯzɯ,ɑʁɯnɯ_qɯzɯ,ɑ ʁ ɯ n ɯ + q ɯ z ɯ,,hindukush,,,^ ɑ ʁ ɯ n ɯ _ q ɯ z ɯ $,default,
kir-Kinship-fatherssistersson-1,,kir,Kinship-fatherssistersson,tɑʁɑ bɑla,tɑʁɑ_bɑla,t ɑ ʁ ɑ + b ɑ l a,,hindukush,,,^ t ɑ ʁ ɑ _ b ɑ l a $,default,
kir-Kinship-fatherssistersdaughter-1,,kir,Kinship-fatherssistersdaughter,tɑʁɑ qɯzɯ,tɑʁɑ_qɯzɯ,t ɑ ʁ ɑ + q ɯ z ɯ,,hindukush,,,^ t ɑ ʁ ɑ _ q ɯ z ɯ $,default,
kir-Kinship-mothersbrothersson-1,,kir,Kinship-mothersbrothersson,tɑʁɑ bɑlɑzɯ,tɑʁɑ_bɑlɑzɯ,t ɑ ʁ ɑ + b ɑ l ɑ z ɯ,,hindukush,,,^ t ɑ ʁ ɑ _ b ɑ l ɑ z ɯ $,default,
kir-Kinship-mothersbrothersdaughter-1,,kir,Kinship-mothersbrothersdaughter,tɑʁɑ bɑlɑzɯ,tɑʁɑ_bɑlɑzɯ,t ɑ ʁ ɑ + b ɑ l ɑ z ɯ,,hindukush,,,^ t ɑ ʁ ɑ _ b ɑ l ɑ z ɯ $,default,
kir-Kinship-motherssistersson-1,,kir,Kinship-motherssistersson,beløm,beløm,b e l ø m,,hindukush,,,^ b e l ø m $,default,
kir-Kinship-motherssistersdaughter-1,,kir,Kinship-motherssistersdaughter,taj ed͡ʒe,taj_ed͡ʒe,t a j + e dʒ e,,hindukush,,,^ t a j _ e d͡ʒ e $,default,
kir-Kinship-relative-1,,kir,Kinship-relative,t͡ʃoqul,t͡ʃoqul,tʃ o q u l,,hindukush,,,^ t͡ʃ o q u l $,default,
kir-Kinship-affinalrelative-1,,kir,Kinship-affinalrelative,tuʁan,tuʁan,t u ʁ a n,,hindukush,,,^ t u ʁ a n $,default,
kir-Kinship-bloodrelative-1,,kir,Kinship-bloodrelative,tuʁɑnaz ɑta,tuʁɑnaz_ɑta,t u ʁ ɑ n a z + ɑ t a,,hindukush,,,^ t u ʁ ɑ n a z _ ɑ t a $,default,
kir-Kinship-wifesrelatives-1,,kir,Kinship-wifesrelatives,t͡ʃoqul,t͡ʃoqul,tʃ o q u l,,hindukush,,,^ t͡ʃ o q u l $,default,
kir-Kinship-headofhousehold-1,,kir,Kinship-headofhousehold,ɑqsɑqɑl,ɑqsɑqɑl,ɑ q s ɑ q ɑ l,,hindukush,,,^ ɑ qs ɑ q ɑ l $,default,
kir-Kinship-headofclan-1,,kir,Kinship-headofclan,t͡ʃoŋ,t͡ʃoŋ,tʃ o ŋ,,hindukush,,,^ t͡ʃ o ŋ $,default,
kir-Kinship-headoftribe-1,,kir,Kinship-headoftribe,t͡ʃoŋ aka,t͡ʃoŋ_aka,tʃ o ŋ + a k a,,hindukush,,,^ t͡ʃ o ŋ _ a k a $,default,
kir-Kinship-halfsistersamefatherdifferentmother-1,,kir,Kinship-halfsistersamefatherdifferentmother,qɑrɯn daʃ,qɑrɯn_daʃ,q ɑ r ɯ n + d a ʃ,,hindukush,,,^ q ɑ r ɯ n _ d a ʃ $,default,
kir-Kinship-halfbrothersamefatherdifferentmother-1,,kir,Kinship-halfbrothersamefatherdifferentmother,ini,ini,i n i,,hindukush,,,^ i n i $,default,
kir-Kinship-halfsistersamemotherdifferentfather-1,,kir,Kinship-halfsistersamemotherdifferentfather,tuʁan,tuʁan,t u ʁ a n,,hindukush,,,^ t u ʁ a n $,default,
kir-Kinship-halfbrothersamemotherdifferentfather-1,,kir,Kinship-halfbrothersamemotherdifferentfather,dosum,dosum,d o s u m,,hindukush,,,^ d o s u m $,default,
lbj-Kinship-father-1,,lbj,Kinship-father,aba,aba,a b a,,hindukush,,,^ a b a $,default,
lbj-Kinship-mother-1,,lbj,Kinship-mother,ama,ama,a m a,,hindukush,,,^ a m a $,default,
lbj-Kinship-parent-1,,lbj,Kinship-parent,pʰama,pʰama,pʰ a m a,,hindukush,,,^ pʰ a m a $,default,
lbj-Kinship-son-1,,lbj,Kinship-son,put͡sa,put͡sa,p u ts a,,hindukush,,,^ p u t͡s a $,default,
lbj-Kinship-daughter-1,,lbj,Kinship-daughter,pomo,pomo,p o m o,,hindukush,,,^ p o m o $,default,
lbj-Kinship-ownchild-1,,lbj,Kinship-ownchild,raŋʈuk,raŋʈuk,r a ŋ ʈ u k,,hindukush,,,^ r a ŋ ʈ u k $,default,
lbj-Kinship-brother-1,,lbj,Kinship-brother,miŋbo,miŋbo,m i ŋ b o,,hindukush,,,^ m i ŋ b o $,default,
lbj-Kinship-sister-1,,lbj,Kinship-sister,nomo,nomo,n o m o,,hindukush,,,^ n o m o $,default,
lbj-Kinship-olderbrother-1,,lbj,Kinship-olderbrother,kaʁa,kaʁa,k a ʁ a,,hindukush,,,^ k a ʁ a $,default,
lbj-Kinship-youngerbrother-1,,lbj,Kinship-youngerbrother,nono,nono,n o n o,,hindukush,,,^ n o n o $,default,
lbj-Kinship-oldersister-1,,lbj,Kinship-oldersister,at͡ʃe,at͡ʃe,a tʃ e,,hindukush,,,^ a t͡ʃ e $,default,
lbj-Kinship-youngersister-1,,lbj,Kinship-youngersister,nomo,nomo,n o m o,,hindukush,,,^ n o m o $,default,
lbj-Kinship-fathersfather-1,,lbj,Kinship-fathersfather,meme,meme,m e m e,,hindukush,,,^ m e m e $,default,
lbj-Kinship-fathersmother-1,,lbj,Kinship-fathersmother,abi,abi,a b i,,hindukush,,,^ a b i $,default,
lbj-Kinship-mothersfather-1,,lbj,Kinship-mothersfather,meme,meme,m e m e,,hindukush,,,^ m e m e $,default,
lbj-Kinship-mothersmother-1,,lbj,Kinship-mothersmother,abi,abi,a b i,,hindukush,,,^ a b i $,default,
lbj-Kinship-sonsson-1,,lbj,Kinship-sonsson,t͡sʰaʁo,t͡sʰaʁo,tsʰ a ʁ o,,hindukush,,,^ t͡sʰ a ʁ o $,default,
lbj-Kinship-sonsdaughter-1,,lbj,Kinship-sonsdaughter,t͡sʰamo,t͡sʰamo,tsʰ a m o,,hindukush,,,^ t͡sʰ a m o $,default,
lbj-Kinship-daughtersson-1,,lbj,Kinship-daughtersson,t͡sʰaʁo,t͡sʰaʁo,tsʰ a ʁ o,,hindukush,,,^ t͡sʰ a ʁ o $,default,
lbj-Kinship-daughtersdaughter-1,,lbj,Kinship-daughtersdaughter,t͡sʰamo,t͡sʰamo,tsʰ a m o,,hindukush,,,^ t͡sʰ a m o $,default,
lbj-Kinship-fathersbrother-1,,lbj,Kinship-fathersbrother,agu,agu,a g u,,hindukush,,,^ a g u $,default,
lbj-Kinship-fathersolderbrother-1,,lbj,Kinship-fathersolderbrother,abat͡ʃʰenmo,abat͡ʃʰenmo,a b a tʃʰ e n m o,,hindukush,,,^ a b a t͡ʃʰ e n m o $,default,
lbj-Kinship-fathersyoungerbrother-1,,lbj,Kinship-fathersyoungerbrother,agu,agu,a g u,,hindukush,,,^ a g u $,default,
lbj-Kinship-fatherssister-1,,lbj,Kinship-fatherssister,ane,ane,a n e,,hindukush,,,^ a n e $,default,
lbj-Kinship-fathersoldersister-1,,lbj,Kinship-fathersoldersister,ane,ane,a n e,,hindukush,,,^ a n e $,default,
lbj-Kinship-fathersyoungersister-1,,lbj,Kinship-fathersyoungersister,ane,ane,a n e,,hindukush,,,^ a n e $,default,
lbj-Kinship-mothersbrother-1,,lbj,Kinship-mothersbrother,aʒəŋ,aʒəŋ,a ʒ ə ŋ,,hindukush,,,^ a ʒ ə ŋ $,default,
lbj-Kinship-mothersolderbrother-1,,lbj,Kinship-mothersolderbrother,aʒəŋ,aʒəŋ,a ʒ ə ŋ,,hindukush,,,^ a ʒ ə ŋ $,default,
lbj-Kinship-mothersyoungerbrother-1,,lbj,Kinship-mothersyoungerbrother,aʒəŋ,aʒəŋ,a ʒ ə ŋ,,hindukush,,,^ a ʒ ə ŋ $,default,
lbj-Kinship-motherssister-1,,lbj,Kinship-motherssister,mat͡ʃuŋ,mat͡ʃuŋ,m a tʃ u ŋ,,hindukush,,,^ m a t͡ʃ u ŋ $,default,
lbj-Kinship-mothersoldersister-1,,lbj,Kinship-mothersoldersister,mat͡ʃuŋ,mat͡ʃuŋ,m a tʃ u ŋ,,hindukush,,,^ m a t͡ʃ u ŋ $,default,
lbj-Kinship-mothersyoungersister-1,,lbj,Kinship-mothersyoungersister,mat͡ʃuŋ,mat͡ʃuŋ,m a tʃ u ŋ,,hindukush,,,^ m a t͡ʃ u ŋ $,default,
lbj-Kinship-brothersson-1,,lbj,Kinship-brothersson,t͡sʰaʁo,t͡sʰaʁo,tsʰ a ʁ o,,hindukush,,,^ t͡sʰ a ʁ o $,default,
lbj-Kinship-brothersdaughter-1,,lbj,Kinship-brothersdaughter,t͡sʰamo,t͡sʰamo,tsʰ a m o,,hindukush,,,^ t͡sʰ a m o $,default,
lbj-Kinship-sistersson-1,,lbj,Kinship-sistersson,t͡sʰaʁo,t͡sʰaʁo,tsʰ a ʁ o,,hindukush,,,^ t͡sʰ a ʁ o $,default,
lbj-Kinship-sistersdaughter-1,,lbj,Kinship-sistersdaughter,t͡sʰamo,t͡sʰamo,tsʰ a m o,,hindukush,,,^ t͡sʰ a m o $,default,
lbj-Kinship-husband-1,,lbj,Kinship-husband,maqpa,maqpa,m a q p a,,hindukush,,,^ m a q p a $,default,
lbj-Kinship-wife-1,,lbj,Kinship-wife,nama,nama,n a m a,,hindukush,,,^ n a m a $,default,
lbj-Kinship-fathersolderbrotherswife-1,,lbj,Kinship-fathersolderbrotherswife,ane,ane,a n e,,hindukush,,,^ a n e $,default,
lbj-Kinship-fathersyoungerbrotherswife-1,,lbj,Kinship-fathersyoungerbrotherswife,ane,ane,a n e,,hindukush,,,^ a n e $,default,
lbj-Kinship-fatherssistershusband-1,,lbj,Kinship-fatherssistershusband,aʒəŋ,aʒəŋ,a ʒ ə ŋ,,hindukush,,,^ a ʒ ə ŋ $,default,
lbj-Kinship-mothersbrotherswife-1,,lbj,Kinship-mothersbrotherswife,ane,ane,a n e,,hindukush,,,^ a n e $,default,
lbj-Kinship-motherssistershusband-1,,lbj,Kinship-motherssistershusband,aʒəŋ,aʒəŋ,a ʒ ə ŋ,,hindukush,,,^ a ʒ ə ŋ $,default,
lbj-Kinship-sonswife-1,,lbj,Kinship-sonswife,pomo,pomo,p o m o,,hindukush,,,^ p o m o $,default,
lbj-Kinship-daughtershusband-1,,lbj,Kinship-daughtershusband,"put͡sa, pomo",put͡sa,p u ts a,,hindukush,,,^ p u t͡s a $,default,
lbj-Kinship-daughtershusband-2,,lbj,Kinship-daughtershusband,"put͡sa, pomo",pomo,p o m o,,hindukush,,,^ p o m o $,default,
lbj-Kinship-brotherswifemaleego-1,,lbj,Kinship-brotherswifemaleego,at͡ʃe,at͡ʃe,a tʃ e,,hindukush,,,^ a t͡ʃ e $,default,
lbj-Kinship-brotherswifefemaleego-1,,lbj,Kinship-brotherswifefemaleego,at͡ʃe,at͡ʃe,a tʃ e,,hindukush,,,^ a t͡ʃ e $,default,
lbj-Kinship-sistershusbandmaleego-1,,lbj,Kinship-sistershusbandmaleego,kaʁa,kaʁa,k a ʁ a,,hindukush,,,^ k a ʁ a $,default,
lbj-Kinship-wifesfather-1,,lbj,Kinship-wifesfather,aba,aba,a b a,,hindukush,,,^ a b a $,default,
lbj-Kinship-wifesmother-1,,lbj,Kinship-wifesmother,ama,ama,a m a,,hindukush,,,^ a m a $,default,
lbj-Kinship-husbandsfather-1,,lbj,Kinship-husbandsfather,aba,aba,a b a,,hindukush,,,^ a b a $,default,
lbj-Kinship-husbandsmother-1,,lbj,Kinship-husbandsmother,ama,ama,a m a,,hindukush,,,^ a m a $,default,
lbj-Kinship-husbandsbrother-1,,lbj,Kinship-husbandsbrother,kaʁa,kaʁa,k a ʁ a,,hindukush,,,^ k a ʁ a $,default,
lbj-Kinship-husbandssister-1,,lbj,Kinship-husbandssister,at͡ʃe,at͡ʃe,a tʃ e,,hindukush,,,^ a t͡ʃ e $,default,
lbj-Kinship-wifesbrother-1,,lbj,Kinship-wifesbrother,kaʁa,kaʁa,k a ʁ a,,hindukush,,,^ k a ʁ a $,default,
lbj-Kinship-wifessister-1,,lbj,Kinship-wifessister,at͡ʃe,at͡ʃe,a tʃ e,,hindukush,,,^ a t͡ʃ e $,default,
lbj-Kinship-husbandsbrotherswife-1,,lbj,Kinship-husbandsbrotherswife,at͡ʃe,at͡ʃe,a tʃ e,,hindukush,,,^ a t͡ʃ e $,default,
lbj-Kinship-husbandssistershusband-1,,lbj,Kinship-husbandssistershusband,kaʁa,kaʁa,k a ʁ a,,hindukush,,,^ k a ʁ a $,default,
lbj-Kinship-wifesbrotherswife-1,,lbj,Kinship-wifesbrotherswife,at͡ʃe,at͡ʃe,a tʃ e,,hindukush,,,^ a t͡ʃ e $,default,
lbj-Kinship-wifessistershusband-1,,lbj,Kinship-wifessistershusband,kaʁa,kaʁa,k a ʁ a,,hindukush,,,^ k a ʁ a $,default,
lbj-Kinship-cowife-1,,lbj,Kinship-cowife,t͡ʃat͡ʃuŋ,t͡ʃat͡ʃuŋ,tʃ a tʃ u ŋ,,hindukush,,,^ t͡ʃ a t͡ʃ u ŋ $,default,
lbj-Kinship-sonswifesfather-1,,lbj,Kinship-sonswifesfather,put͡sa,put͡sa,p u ts a,,hindukush,,,^ p u t͡s a $,default,
lbj-Kinship-sonswifesmother-1,,lbj,Kinship-sonswifesmother,at͡ʃe,at͡ʃe,a tʃ e,,hindukush,,,^ a t͡ʃ e $,default,
lbj-Kinship-daughtershusbandsfather-1,,lbj,Kinship-daughtershusbandsfather,kaʁa,kaʁa,k a ʁ a,,hindukush,,,^ k a ʁ a $,default,
lbj-Kinship-daughtershusbandsmother-1,,lbj,Kinship-daughtershusbandsmother,at͡ʃe,at͡ʃe,a tʃ e,,hindukush,,,^ a t͡ʃ e $,default,
lbj-Kinship-stepsisternosharedparent-1,,lbj,Kinship-stepsisternosharedparent,at͡ʃe,at͡ʃe,a tʃ e,,hindukush,,,^ a t͡ʃ e $,default,
lbj-Kinship-stepbrothernosharedparent-1,,lbj,Kinship-stepbrothernosharedparent,kaʁa,kaʁa,k a ʁ a,,hindukush,,,^ k a ʁ a $,default,
lbj-Kinship-stepmother-1,,lbj,Kinship-stepmother,mat͡ʃuŋ,mat͡ʃuŋ,m a tʃ u ŋ,,hindukush,,,^ m a t͡ʃ u ŋ $,default,
lbj-Kinship-stepfather-1,,lbj,Kinship-stepfather,aba,aba,a b a,,hindukush,,,^ a b a $,default,
lbj-Kinship-stepson-1,,lbj,Kinship-stepson,put͡sa,put͡sa,p u ts a,,hindukush,,,^ p u t͡s a $,default,
lbj-Kinship-stepdaughter-1,,lbj,Kinship-stepdaughter,pomo,pomo,p o m o,,hindukush,,,^ p o m o $,default,
lbj-Kinship-fathersfathersfather-1,,lbj,Kinship-fathersfathersfather,meme,meme,m e m e,,hindukush,,,^ m e m e $,default,
lbj-Kinship-mothersmothersmother-1,,lbj,Kinship-mothersmothersmother,abi,abi,a b i,,hindukush,,,^ a b i $,default,
lbj-Kinship-forefather-1,,lbj,Kinship-forefather,abimeme,abimeme,a b i m e m e,,hindukush,,,^ a b i m e m e $,default,
lbj-Kinship-foremother-1,,lbj,Kinship-foremother,abimeme,abimeme,a b i m e m e,,hindukush,,,^ a b i m e m e $,default,
lbj-Kinship-fathersbrothersson-1,,lbj,Kinship-fathersbrothersson,kaʁa,kaʁa,k a ʁ a,,hindukush,,,^ k a ʁ a $,default,
lbj-Kinship-fathersbrothersdaughter-1,,lbj,Kinship-fathersbrothersdaughter,at͡ʃe,at͡ʃe,a tʃ e,,hindukush,,,^ a t͡ʃ e $,default,
lbj-Kinship-fatherssistersson-1,,lbj,Kinship-fatherssistersson,kaʁa,kaʁa,k a ʁ a,,hindukush,,,^ k a ʁ a $,default,
lbj-Kinship-fatherssistersdaughter-1,,lbj,Kinship-fatherssistersdaughter,at͡ʃe,at͡ʃe,a tʃ e,,hindukush,,,^ a t͡ʃ e $,default,
lbj-Kinship-mothersbrothersson-1,,lbj,Kinship-mothersbrothersson,kaʁa,kaʁa,k a ʁ a,,hindukush,,,^ k a ʁ a $,default,
lbj-Kinship-mothersbrothersdaughter-1,,lbj,Kinship-mothersbrothersdaughter,at͡ʃe,at͡ʃe,a tʃ e,,hindukush,,,^ a t͡ʃ e $,default,
lbj-Kinship-motherssistersson-1,,lbj,Kinship-motherssistersson,kaʁa,kaʁa,k a ʁ a,,hindukush,,,^ k a ʁ a $,default,
lbj-Kinship-motherssistersdaughter-1,,lbj,Kinship-motherssistersdaughter,at͡ʃe,at͡ʃe,a tʃ e,,hindukush,,,^ a t͡ʃ e $,default,
lbj-Kinship-relative-1,,lbj,Kinship-relative,ɲen,ɲen,ɲ e n,,hindukush,,,^ ɲ e n $,default,
lbj-Kinship-affinalrelative-1,,lbj,Kinship-affinalrelative,ɲen,ɲen,ɲ e n,,hindukush,,,^ ɲ e n $,default,
lbj-Kinship-bloodrelative-1,,lbj,Kinship-bloodrelative,ɲen,ɲen,ɲ e n,,hindukush,,,^ ɲ e n $,default,
lbj-Kinship-wifesrelatives-1,,lbj,Kinship-wifesrelatives,ɲen,ɲen,ɲ e n,,hindukush,,,^ ɲ e n $,default,
lbj-Kinship-headofhousehold-1,,lbj,Kinship-headofhousehold,aba,aba,a b a,,hindukush,,,^ a b a $,default,
lbj-Kinship-headofclan-1,,lbj,Kinship-headofclan,goba,goba,g o b a,,hindukush,,,^ g o b a $,default,
lbj-Kinship-headoftribe-1,,lbj,Kinship-headoftribe,goba,goba,g o b a,,hindukush,,,^ g o b a $,default,
lbj-Kinship-halfsistersamefatherdifferentmother-1,,lbj,Kinship-halfsistersamefatherdifferentmother,at͡ʃe,at͡ʃe,a tʃ e,,hindukush,,,^ a t͡ʃ e $,default,
lbj-Kinship-halfbrothersamefatherdifferentmother-1,,lbj,Kinship-halfbrothersamefatherdifferentmother,kaʁa,kaʁa,k a ʁ a,,hindukush,,,^ k a ʁ a $,default,
lbj-Kinship-halfsistersamemotherdifferentfather-1,,lbj,Kinship-halfsistersamemotherdifferentfather,at͡ʃe,at͡ʃe,a tʃ e,,hindukush,,,^ a t͡ʃ e $,default,
lbj-Kinship-halfbrothersamemotherdifferentfather-1,,lbj,Kinship-halfbrothersamemotherdifferentfather,kaʁa,kaʁa,k a ʁ a,,hindukush,,,^ k a ʁ a $,default,
mnj-Kinship-father-1,,mnj,Kinship-father,tɑːt,tɑːt,t ɑː t,,hindukush,,,^ t ɑː t $,default,
mnj-Kinship-mother-1,,mnj,Kinship-mother,nənə,nənə,n ə n ə,,hindukush,,,^ n ə n ə $,default,
mnj-Kinship-parent-1,,mnj,Kinship-parent,mɑːmə,mɑːmə,m ɑː m ə,,hindukush,,,^ m ɑː m ə $,default,
mnj-Kinship-son-1,,mnj,Kinship-son,puːr,puːr,p uː r,,hindukush,,,^ p uː r $,default,
mnj-Kinship-daughter-1,,mnj,Kinship-daughter,kəncikə,kəncikə,k ə n c i k ə,,hindukush,,,^ k ə n c i k ə $,default,
mnj-Kinship-ownchild-1,,mnj,Kinship-ownchild,zunɟəːg,zunɟəːg,z u n ɟ əː g,,hindukush,,,^ z u n ɟ əː g $,default,
mnj-Kinship-brother-1,,mnj,Kinship-brother,vrɑːj,vrɑːj,v r ɑː j,,hindukush,,,^ v r ɑː j $,default,
mnj-Kinship-sister-1,,mnj,Kinship-sister,jiχə,jiχə,j i χ ə,,hindukush,,,^ j i χ ə $,default,
mnj-Kinship-olderbrother-1,,mnj,Kinship-olderbrother,xuːʃci vrɑːj,xuːʃci_vrɑːj,x uː ʃ c i + v r ɑː j,,hindukush,,,^ x uː ʃ c i _ v r ɑː j $,default,
mnj-Kinship-youngerbrother-1,,mnj,Kinship-youngerbrother,candər vrɑːj,candər_vrɑːj,c a n d ə r + v r ɑː j,,hindukush,,,^ c a n d ə r _ v r ɑː j $,default,
mnj-Kinship-oldersister-1,,mnj,Kinship-oldersister,χuːʃciʁ jiχə,χuːʃciʁ_jiχə,χ uː ʃ c i ʁ + j i χ ə,,hindukush,,,^ χ uː ʃ c i ʁ _ j i χ ə $,default,
mnj-Kinship-youngersister-1,,mnj,Kinship-youngersister,candər jiχə,candər_jiχə,c a n d ə r + j i χ ə,,hindukush,,,^ c a n d ə r _ j i χ ə $,default,
mnj-Kinship-fathersfather-1,,mnj,Kinship-fathersfather,pɑːp,pɑːp,p ɑː p,,hindukush,,,^ p ɑː p $,default,
mnj-Kinship-fathersmother-1,,mnj,Kinship-fathersmother,mɑːmə,mɑːmə,m ɑː m ə,,hindukush,,,^ m ɑː m ə $,default,
mnj-Kinship-mothersfather-1,,mnj,Kinship-mothersfather,pɑːp,pɑːp,p ɑː p,,hindukush,,,^ p ɑː p $,default,
mnj-Kinship-mothersmother-1,,mnj,Kinship-mothersmother,mɑːmə,mɑːmə,m ɑː m ə,,hindukush,,,^ m ɑː m ə $,default,
mnj-Kinship-sonsson-1,,mnj,Kinship-sonsson,naweːs,naweːs,n a w eː s,,hindukush,,,^ n a w eː s $,default,
mnj-Kinship-sonsdaughter-1,,mnj,Kinship-sonsdaughter,naweːsə,naweːsə,n a w eː s ə,,hindukush,,,^ n a w eː s ə $,default,
mnj-Kinship-daughtersson-1,,mnj,Kinship-daughtersson,naweːs,naweːs,n a w eː s,,hindukush,,,^ n a w eː s $,default,
mnj-Kinship-daughtersdaughter-1,,mnj,Kinship-daughtersdaughter,naweːsə,naweːsə,n a w eː s ə,,hindukush,,,^ n a w eː s ə $,default,
mnj-Kinship-fathersbrother-1,,mnj,Kinship-fathersbrother,bɑːj,bɑːj,b ɑː j,,hindukush,,,^ b ɑː j $,default,
mnj-Kinship-fathersolderbrother-1,,mnj,Kinship-fathersolderbrother,bɑːj,bɑːj,b ɑː j,,hindukush,,,^ b ɑː j $,default,
mnj-Kinship-fathersyoungerbrother-1,,mnj,Kinship-fathersyoungerbrother,bɑːj,bɑːj,b ɑː j,,hindukush,,,^ b ɑː j $,default,
mnj-Kinship-fatherssister-1,,mnj,Kinship-fatherssister,kəkə,kəkə,k ə k ə,,hindukush,,,^ k ə k ə $,default,
mnj-Kinship-fathersoldersister-1,,mnj,Kinship-fathersoldersister,kəkə,kəkə,k ə k ə,,hindukush,,,^ k ə k ə $,default,
mnj-Kinship-fathersyoungersister-1,,mnj,Kinship-fathersyoungersister,kəkə,kəkə,k ə k ə,,hindukush,,,^ k ə k ə $,default,
mnj-Kinship-mothersbrother-1,,mnj,Kinship-mothersbrother,bɑːj,bɑːj,b ɑː j,,hindukush,,,^ b ɑː j $,default,
mnj-Kinship-mothersolderbrother-1,,mnj,Kinship-mothersolderbrother,bɑːj,bɑːj,b ɑː j,,hindukush,,,^ b ɑː j $,default,
mnj-Kinship-mothersyoungerbrother-1,,mnj,Kinship-mothersyoungerbrother,bɑːj,bɑːj,b ɑː j,,hindukush,,,^ b ɑː j $,default,
mnj-Kinship-motherssister-1,,mnj,Kinship-motherssister,kəkə,kəkə,k ə k ə,,hindukush,,,^ k ə k ə $,default,
mnj-Kinship-mothersoldersister-1,,mnj,Kinship-mothersoldersister,kəkə,kəkə,k ə k ə,,hindukush,,,^ k ə k ə $,default,
mnj-Kinship-mothersyoungersister-1,,mnj,Kinship-mothersyoungersister,kəkə,kəkə,k ə k ə,,hindukush,,,^ k ə k ə $,default,
mnj-Kinship-brothersson-1,,mnj,Kinship-brothersson,vreːriː,vreːriː,v r eː r iː,,hindukush,,,^ v r eː r iː $,default,
mnj-Kinship-brothersdaughter-1,,mnj,Kinship-brothersdaughter,vreːriːʁə,vreːriːʁə,v r eː r iː ʁ ə,,hindukush,,,^ v r eː r iː ʁ ə $,default,
mnj-Kinship-sistersson-1,,mnj,Kinship-sistersson,χəriː,χəriː,χ ə r iː,,hindukush,,,^ χ ə r iː $,default,
mnj-Kinship-sistersdaughter-1,,mnj,Kinship-sistersdaughter,χəriːʁə,χəriːʁə,χ ə r iː ʁ ə,,hindukush,,,^ χ ə r iː ʁ ə $,default,
mnj-Kinship-husband-1,,mnj,Kinship-husband,ʃəfiː,ʃəfiː,ʃ ə f iː,,hindukush,,,^ ʃ ə f iː $,default,
mnj-Kinship-wife-1,,mnj,Kinship-wife,wulə,wulə,w u l ə,,hindukush,,,^ w u l ə $,default,
mnj-Kinship-fathersolderbrotherswife-1,,mnj,Kinship-fathersolderbrotherswife,bɑːj wulə,bɑːj_wulə,b ɑː j + w u l ə,,hindukush,,,^ b ɑː j _ w u l ə $,default,
mnj-Kinship-fathersyoungerbrotherswife-1,,mnj,Kinship-fathersyoungerbrotherswife,bɑːj wulə,bɑːj_wulə,b ɑː j + w u l ə,,hindukush,,,^ b ɑː j _ w u l ə $,default,
mnj-Kinship-fatherssistershusband-1,,mnj,Kinship-fatherssistershusband,kək ʃfiː,kək_ʃfiː,k ə k + ʃ f iː,,hindukush,,,^ k ə k _ ʃ f iː $,default,
mnj-Kinship-mothersbrotherswife-1,,mnj,Kinship-mothersbrotherswife,bɑːj wulə,bɑːj_wulə,b ɑː j + w u l ə,,hindukush,,,^ b ɑː j _ w u l ə $,default,
mnj-Kinship-motherssistershusband-1,,mnj,Kinship-motherssistershusband,kək ʃfiː,kək_ʃfiː,k ə k + ʃ f iː,,hindukush,,,^ k ə k _ ʃ f iː $,default,
mnj-Kinship-sonswife-1,,mnj,Kinship-sonswife,zəniːjə,zəniːjə,z ə n iː j ə,,hindukush,,,^ z ə n iː j ə $,default,
mnj-Kinship-daughtershusband-1,,mnj,Kinship-daughtershusband,zamɑːj,zamɑːj,z a m ɑː j,,hindukush,,,^ z a m ɑː j $,default,
mnj-Kinship-brotherswifemaleego-1,,mnj,Kinship-brotherswifemaleego,zəniːjə,zəniːjə,z ə n iː j ə,,hindukush,,,^ z ə n iː j ə $,default,
mnj-Kinship-brotherswifefemaleego-1,,mnj,Kinship-brotherswifefemaleego,zəniːjə,zəniːjə,z ə n iː j ə,,hindukush,,,^ z ə n iː j ə $,default,
mnj-Kinship-sistershusbandmaleego-1,,mnj,Kinship-sistershusbandmaleego,zamɑːj,zamɑːj,z a m ɑː j,,hindukush,,,^ z a m ɑː j $,default,
mnj-Kinship-sistershusbandfemaleego-1,,mnj,Kinship-sistershusbandfemaleego,zamɑːj,zamɑːj,z a m ɑː j,,hindukush,,,^ z a m ɑː j $,default,
mnj-Kinship-wifesfather-1,,mnj,Kinship-wifesfather,χusur,χusur,χ u s u r,,hindukush,,,^ χ u s u r $,default,
mnj-Kinship-wifesmother-1,,mnj,Kinship-wifesmother,χuʃə,χuʃə,χ u ʃ ə,,hindukush,,,^ χ u ʃ ə $,default,
mnj-Kinship-husbandsfather-1,,mnj,Kinship-husbandsfather,χusur,χusur,χ u s u r,,hindukush,,,^ χ u s u r $,default,
mnj-Kinship-husbandsmother-1,,mnj,Kinship-husbandsmother,χuʃə,χuʃə,χ u ʃ ə,,hindukush,,,^ χ u ʃ ə $,default,
mnj-Kinship-husbandsbrother-1,,mnj,Kinship-husbandsbrother,jiː,jiː,j iː,,hindukush,,,^ j iː $,default,
mnj-Kinship-husbandssister-1,,mnj,Kinship-husbandssister,nənə,nənə,n ə n ə,,hindukush,,,^ n ə n ə $,default,
mnj-Kinship-wifesbrother-1,,mnj,Kinship-wifesbrother,χusur buːrə,χusur_buːrə,χ u s u r + b uː r ə,,hindukush,,,^ χ u s u r _ b uː r ə $,default,
mnj-Kinship-wifessister-1,,mnj,Kinship-wifessister,χijeːʁnə,χijeːʁnə,χ i j eː ʁ n ə,,hindukush,,,^ χ i j eː ʁ n ə $,default,
mnj-Kinship-husbandsbrotherswife-1,,mnj,Kinship-husbandsbrotherswife,iːwulə,iːwulə,iː w u l ə,,hindukush,,,^ iː w u l ə $,default,
mnj-Kinship-wifesbrotherswife-1,,mnj,Kinship-wifesbrotherswife,wulə ʒə rəːw nan,wulə_ʒə_rəːw_nan,w u l ə + ʒ ə + r əː w + n a n,,hindukush,,,^ w u l ə _ ʒ ə _ r əː w _ n a n $,default,
mnj-Kinship-wifessistershusband-1,,mnj,Kinship-wifessistershusband,bɑːd͡ʒə,bɑːd͡ʒə,b ɑː dʒ ə,,hindukush,,,^ b ɑː d͡ʒ ə $,default,
mnj-Kinship-cowife-1,,mnj,Kinship-cowife,sawnə,sawnə,s a w n ə,,hindukush,,,^ s a w n ə $,default,
mnj-Kinship-sonswifesfather-1,,mnj,Kinship-sonswifesfather,qədə,qədə,q ə d ə,,hindukush,,,^ q ə d ə $,default,
mnj-Kinship-sonswifesmother-1,,mnj,Kinship-sonswifesmother,qədə,qədə,q ə d ə,,hindukush,,,^ q ə d ə $,default,
mnj-Kinship-daughtershusbandsfather-1,,mnj,Kinship-daughtershusbandsfather,qədə,qədə,q ə d ə,,hindukush,,,^ q ə d ə $,default,
mnj-Kinship-daughtershusbandsmother-1,,mnj,Kinship-daughtershusbandsmother,qədə,qədə,q ə d ə,,hindukush,,,^ q ə d ə $,default,
mnj-Kinship-stepsisternosharedparent-1,,mnj,Kinship-stepsisternosharedparent,χɑːhar χɑːnə,χɑːhar_χɑːnə,χ ɑː h a r + χ ɑː n ə,,hindukush,,,^ χ ɑː h a r _ χ ɑː n ə $,default,
mnj-Kinship-stepbrothernosharedparent-1,,mnj,Kinship-stepbrothernosharedparent,brɑːdar χɑːn,brɑːdar_χɑːn,b r ɑː d a r + χ ɑː n,,hindukush,,,^ b r ɑː d a r _ χ ɑː n $,default,
mnj-Kinship-stepmother-1,,mnj,Kinship-stepmother,meːdrə,meːdrə,m eː d r ə,,hindukush,,,^ m eː d r ə $,default,
mnj-Kinship-stepson-1,,mnj,Kinship-stepson,pijɑːndər,pijɑːndər,p i j ɑː n d ə r,,hindukush,,,^ p i j ɑː n d ə r $,default,
mnj-Kinship-stepdaughter-1,,mnj,Kinship-stepdaughter,pijɑːndərə,pijɑːndərə,p i j ɑː n d ə r ə,,hindukush,,,^ p i j ɑː n d ə r ə $,default,
mnj-Kinship-fathersfathersfather-1,,mnj,Kinship-fathersfathersfather,pɑːp,pɑːp,p ɑː p,,hindukush,,,^ p ɑː p $,default,
mnj-Kinship-mothersmothersmother-1,,mnj,Kinship-mothersmothersmother,mɑːmə,mɑːmə,m ɑː m ə,,hindukush,,,^ m ɑː m ə $,default,
mnj-Kinship-forefather-1,,mnj,Kinship-forefather,ad͡ʒdɑːd,ad͡ʒdɑːd,a dʒ d ɑː d,,hindukush,,,^ a d͡ʒ d ɑː d $,default,
mnj-Kinship-foremother-1,,mnj,Kinship-foremother,ad͡ʒdɑːd,ad͡ʒdɑːd,a dʒ d ɑː d,,hindukush,,,^ a d͡ʒ d ɑː d $,default,
mnj-Kinship-fathersbrothersson-1,,mnj,Kinship-fathersbrothersson,bɑːj puːr,bɑːj_puːr,b ɑː j + p uː r,,hindukush,,,^ b ɑː j _ p uː r $,default,
mnj-Kinship-fathersbrothersdaughter-1,,mnj,Kinship-fathersbrothersdaughter,bɑːj ləʁdə,bɑːj_ləʁdə,b ɑː j + l ə ʁ d ə,,hindukush,,,^ b ɑː j _ l ə ʁ d ə $,default,
mnj-Kinship-fatherssistersson-1,,mnj,Kinship-fatherssistersson,kek puːr,kek_puːr,k e k + p uː r,,hindukush,,,^ k e k _ p uː r $,default,
mnj-Kinship-fatherssistersdaughter-1,,mnj,Kinship-fatherssistersdaughter,kek ləʁdə,kek_ləʁdə,k e k + l ə ʁ d ə,,hindukush,,,^ k e k _ l ə ʁ d ə $,default,
mnj-Kinship-mothersbrothersson-1,,mnj,Kinship-mothersbrothersson,bɑːj puːr,bɑːj_puːr,b ɑː j + p uː r,,hindukush,,,^ b ɑː j _ p uː r $,default,
mnj-Kinship-mothersbrothersdaughter-1,,mnj,Kinship-mothersbrothersdaughter,bɑːj ləʁdə,bɑːj_ləʁdə,b ɑː j + l ə ʁ d ə,,hindukush,,,^ b ɑː j _ l ə ʁ d ə $,default,
mnj-Kinship-motherssistersson-1,,mnj,Kinship-motherssistersson,kek puːr,kek_puːr,k e k + p uː r,,hindukush,,,^ k e k _ p uː r $,default,
mnj-Kinship-motherssistersdaughter-1,,mnj,Kinship-motherssistersdaughter,kek ləʁdə,kek_ləʁdə,k e k + l ə ʁ d ə,,hindukush,,,^ k e k _ l ə ʁ d ə $,default,
mnj-Kinship-relative-1,,mnj,Kinship-relative,qawmiː,qawmiː,q a w m iː,,hindukush,,,^ q a w m iː $,default,
mnj-Kinship-affinalrelative-1,,mnj,Kinship-affinalrelative,qədəʁiː,qədəʁiː,q ə d ə ʁ iː,,hindukush,,,^ q ə d ə ʁ iː $,default,
mnj-Kinship-bloodrelative-1,,mnj,Kinship-bloodrelative,aməkiː,aməkiː,a m ə k iː,,hindukush,,,^ a m ə k iː $,default,
mnj-Kinship-wifesrelatives-1,,mnj,Kinship-wifesrelatives,qədəʁiː,qədəʁiː,q ə d ə ʁ iː,,hindukush,,,^ q ə d ə ʁ iː $,default,
mnj-Kinship-headofhousehold-1,,mnj,Kinship-headofhousehold,χuːʃci,χuːʃci,χ uː ʃ c i,,hindukush,,,^ χ uː ʃ c i $,default,
mnj-Kinship-headofclan-1,,mnj,Kinship-headofclan,χuːʃci ʒə qawman,χuːʃci_ʒə_qawman,χ uː ʃ c i + ʒ ə + q a w m a n,,hindukush,,,^ χ uː ʃ c i _ ʒ ə _ q a w m a n $,default,
mnj-Kinship-headoftribe-1,,mnj,Kinship-headoftribe,χuːʃci ʒə qabilaʁan,χuːʃci_ʒə_qabilaʁan,χ uː ʃ c i + ʒ ə + q a b i l a ʁ a n,,hindukush,,,^ χ uː ʃ c i _ ʒ ə _ q a b i l a ʁ a n $,default,
mnj-Kinship-halfsistersamefatherdifferentmother-1,,mnj,Kinship-halfsistersamefatherdifferentmother,ʒə tɑːtan qatiː ʒə neːnin d͡ʒədɑː,ʒə_tɑːtan_qatiː_ʒə_neːnin_d͡ʒədɑː,ʒ ə + t ɑː t a n + q a t iː + ʒ ə + n eː n i n + dʒ ə d ɑː,,hindukush,,,^ ʒ ə _ t ɑː t a n _ q a t iː _ ʒ ə _ n eː n i n _ d͡ʒ ə d ɑː $,default,
mnj-Kinship-halfsistersamemotherdifferentfather-1,,mnj,Kinship-halfsistersamemotherdifferentfather,ʒə neːnin juː ʒə tɑːtan d͡ʒədɑː,ʒə_neːnin_juː_ʒə_tɑːtan_d͡ʒədɑː,ʒ ə + n eː n i n + j uː + ʒ ə + t ɑː t a n + dʒ ə d ɑː,,hindukush,,,^ ʒ ə _ n eː n i n _ j uː _ ʒ ə _ t ɑː t a n _ d͡ʒ ə d ɑː $,default,
mnj-Kinship-halfbrothersamemotherdifferentfather-1,,mnj,Kinship-halfbrothersamemotherdifferentfather,ʒə neːnin qatiː ʒə tɑːtan d͡ʒədɑː,ʒə_neːnin_qatiː_ʒə_tɑːtan_d͡ʒədɑː,ʒ ə + n eː n i n + q a t iː + ʒ ə + t ɑː t a n + dʒ ə d ɑː,,hindukush,,,^ ʒ ə _ n eː n i n _ q a t iː _ ʒ ə _ t ɑː t a n _ d͡ʒ ə d ɑː $,default,
phr-Kinship-father-1,,phr,Kinship-father,peoː,peoː,p e oː,,hindukush,,,^ p eoː $,default,
phr-Kinship-mother-1,,phr,Kinship-mother,"beː, maː",beː,b eː,,hindukush,,,^ b eː $,default,
phr-Kinship-mother-2,,phr,Kinship-mother,"beː, maː",maː,m aː,,hindukush,,,^ m aː $,default,
phr-Kinship-parent-1,,phr,Kinship-parent,"maː, peoː",maː,m aː,,hindukush,,,^ m aː $,default,
phr-Kinship-parent-2,,phr,Kinship-parent,"maː, peoː",peoː,p e oː,,hindukush,,,^ p eoː $,default,
phr-Kinship-son-1,,phr,Kinship-son,putər,putər,p u t ə r,,hindukush,,,^ p u t ə r $,default,
phr-Kinship-daughter-1,,phr,Kinship-daughter,tiː,tiː,t iː,,hindukush,,,^ t iː $,default,
phr-Kinship-ownchild-1,,phr,Kinship-ownchild,"nika, d͡ʑakət",nika,n i k a,,hindukush,,,^ n i k a $,default,
phr-Kinship-ownchild-2,,phr,Kinship-ownchild,"nika, d͡ʑakət",d͡ʑakət,dʑ a k ə t,,hindukush,,,^ d͡ʑ a k ə t $,default,
phr-Kinship-brother-1,,phr,Kinship-brother,pəraː,pəraː,p ə r aː,,hindukush,,,^ p ə r aː $,default,
phr-Kinship-sister-1,,phr,Kinship-sister,pæːɳ,pæːɳ,p æː ɳ,,hindukush,,,^ p æː ɳ $,default,
phr-Kinship-olderbrother-1,,phr,Kinship-olderbrother,"papa, papu",papa,p a p a,,hindukush,,,^ p a p a $,default,
phr-Kinship-olderbrother-2,,phr,Kinship-olderbrother,"papa, papu",papu,p a p u,,hindukush,,,^ p a p u $,default,
phr-Kinship-youngerbrother-1,,phr,Kinship-youngerbrother,nika praː,nika_praː,n i k a + p r aː,,hindukush,,,^ n i k a _ p r aː $,default,
phr-Kinship-oldersister-1,,phr,Kinship-oldersister,didːeː,didːeː,d i dː eː,,hindukush,,,^ d i dː eː $,default,
phr-Kinship-youngersister-1,,phr,Kinship-youngersister,niki pæːɳ,niki_pæːɳ,n i k i + p æː ɳ,,hindukush,,,^ n i k i _ p æː ɳ $,default,
phr-Kinship-fathersfather-1,,phr,Kinship-fathersfather,daːda,daːda,d aː d a,,hindukush,,,^ d aː d a $,default,
phr-Kinship-fathersmother-1,,phr,Kinship-fathersmother,daːdi,daːdi,d aː d i,,hindukush,,,^ d aː d i $,default,
phr-Kinship-mothersfather-1,,phr,Kinship-mothersfather,naːna,naːna,n aː n a,,hindukush,,,^ n aː n a $,default,
phr-Kinship-mothersmother-1,,phr,Kinship-mothersmother,naːni,naːni,n aː n i,,hindukush,,,^ n aː n i $,default,
phr-Kinship-sonsson-1,,phr,Kinship-sonsson,poːtra,poːtra,p oː t r a,,hindukush,,,^ p oː t r a $,default,
phr-Kinship-sonsdaughter-1,,phr,Kinship-sonsdaughter,poːtri,poːtri,p oː t r i,,hindukush,,,^ p oː t r i $,default,
phr-Kinship-daughtersson-1,,phr,Kinship-daughtersson,doːtra,doːtra,d oː t r a,,hindukush,,,^ d oː t r a $,default,
phr-Kinship-daughtersdaughter-1,,phr,Kinship-daughtersdaughter,doːtra,doːtra,d oː t r a,,hindukush,,,^ d oː t r a $,default,
phr-Kinship-fathersbrother-1,,phr,Kinship-fathersbrother,t͡ɕaːt͡ɕa,t͡ɕaːt͡ɕa,tɕ aː tɕ a,,hindukush,,,^ t͡ɕ aː t͡ɕ a $,default,
phr-Kinship-fathersolderbrother-1,,phr,Kinship-fathersolderbrother,taːja,taːja,t aː j a,,hindukush,,,^ t aː j a $,default,
phr-Kinship-fathersyoungerbrother-1,,phr,Kinship-fathersyoungerbrother,nika t͡ɕaːt͡ɕa,nika_t͡ɕaːt͡ɕa,n i k a + tɕ aː tɕ a,,hindukush,,,^ n i k a _ t͡ɕ aː t͡ɕ a $,default,
phr-Kinship-fatherssister-1,,phr,Kinship-fatherssister,"buboː, puːhaː",buboː,b u b oː,,hindukush,,,^ b u b oː $,default,
phr-Kinship-fatherssister-2,,phr,Kinship-fatherssister,"buboː, puːhaː",puːhaː,p uː h aː,,hindukush,,,^ p uː h aː $,default,
phr-Kinship-fathersoldersister-1,,phr,Kinship-fathersoldersister,baɽi puːhaː,baɽi_puːhaː,b a ɽ i + p uː h aː,,hindukush,,,^ b a ɽ i _ p uː h aː $,default,
phr-Kinship-fathersyoungersister-1,,phr,Kinship-fathersyoungersister,niki puːhaː,niki_puːhaː,n i k i + p uː h aː,,hindukush,,,^ n i k i _ p uː h aː $,default,
phr-Kinship-mothersbrother-1,,phr,Kinship-mothersbrother,maːwãː,maːwãː,m aː w ãː,,hindukush,,,^ m aː w ãː $,default,
phr-Kinship-mothersolderbrother-1,,phr,Kinship-mothersolderbrother,baɽa maːwãː,baɽa_maːwãː,b a ɽ a + m aː w ãː,,hindukush,,,^ b a ɽ a _ m aː w ãː $,default,
phr-Kinship-mothersyoungerbrother-1,,phr,Kinship-mothersyoungerbrother,nika maːwãː,nika_maːwãː,n i k a + m aː w ãː,,hindukush,,,^ n i k a _ m aː w ãː $,default,
phr-Kinship-motherssister-1,,phr,Kinship-motherssister,maːsiː,maːsiː,m aː s iː,,hindukush,,,^ m aː s iː $,default,
phr-Kinship-mothersoldersister-1,,phr,Kinship-mothersoldersister,baɽi maːsiː,baɽi_maːsiː,b a ɽ i + m aː s iː,,hindukush,,,^ b a ɽ i _ m aː s iː $,default,
phr-Kinship-mothersyoungersister-1,,phr,Kinship-mothersyoungersister,niki maːsiː,niki_maːsiː,n i k i + m aː s iː,,hindukush,,,^ n i k i _ m aː s iː $,default,
phr-Kinship-brothersson-1,,phr,Kinship-brothersson,patriːjaː,patriːjaː,p a t r iː j aː,,hindukush,,,^ p a t r iː j aː $,default,
phr-Kinship-brothersdaughter-1,,phr,Kinship-brothersdaughter,patriː,patriː,p a t r iː,,hindukush,,,^ p a t r iː $,default,
phr-Kinship-sistersson-1,,phr,Kinship-sistersson,pəɳiːjaː,pəɳiːjaː,p ə ɳ iː j aː,,hindukush,,,^ p ə ɳ iː j aː $,default,
phr-Kinship-sistersdaughter-1,,phr,Kinship-sistersdaughter,pəɳejiː,pəɳejiː,p ə ɳ e j iː,,hindukush,,,^ p ə ɳ e j iː $,default,
phr-Kinship-husband-1,,phr,Kinship-husband,"χasəm, d͡ʑəɽaː, kərijæːla",χasəm,χ a s ə m,,hindukush,,,^ χ a s ə m $,default,
phr-Kinship-husband-2,,phr,Kinship-husband,"χasəm, d͡ʑəɽaː, kərijæːla",d͡ʑəɽaː,dʑ ə ɽ aː,,hindukush,,,^ d͡ʑ ə ɽ aː $,default,
phr-Kinship-husband-3,,phr,Kinship-husband,"χasəm, d͡ʑəɽaː, kərijæːla",kərijæːla,k ə r i j æː l a,,hindukush,,,^ k ə r i j æː l a $,default,
phr-Kinship-wife-1,,phr,Kinship-wife,"ʈəbriː, kərijæːli, ran",ʈəbriː,ʈ ə b r iː,,hindukush,,,^ ʈ ə b r iː $,default,
phr-Kinship-wife-2,,phr,Kinship-wife,"ʈəbriː, kərijæːli, ran",kərijæːli,k ə r i j æː l i,,hindukush,,,^ k ə r i j æː l i $,default,
phr-Kinship-wife-3,,phr,Kinship-wife,"ʈəbriː, kərijæːli, ran",ran,r a n,,hindukush,,,^ r a n $,default,
phr-Kinship-fathersolderbrotherswife-1,,phr,Kinship-fathersolderbrotherswife,taːiː,taːiː,t aː iː,,hindukush,,,^ t aːiː $,default,
phr-Kinship-fathersyoungerbrotherswife-1,,phr,Kinship-fathersyoungerbrotherswife,niki amːiː,niki_amːiː,n i k i + a mː iː,,hindukush,,,^ n i k i _ a mː iː $,default,
phr-Kinship-fatherssistershusband-1,,phr,Kinship-fatherssistershusband,niki amːiː,niki_amːiː,n i k i + a mː iː,,hindukush,,,^ n i k i _ a mː iː $,default,
phr-Kinship-mothersbrotherswife-1,,phr,Kinship-mothersbrotherswife,maːwĩː,maːwĩː,m aː w ĩː,,hindukush,,,^ m aː w ĩː $,default,
phr-Kinship-motherssistershusband-1,,phr,Kinship-motherssistershusband,maːsɽaː,maːsɽaː,m aː s ɽ aː,,hindukush,,,^ m aː s ɽ aː $,default,
phr-Kinship-sonswife-1,,phr,Kinship-sonswife,nũː,nũː,n ũː,,hindukush,,,^ n ũː $,default,
phr-Kinship-daughtershusband-1,,phr,Kinship-daughtershusband,d͡ʑamaːiː,d͡ʑamaːiː,dʑ a m aː iː,,hindukush,,,^ d͡ʑ a m aːiː $,default,
phr-Kinship-brotherswifemaleego-1,,phr,Kinship-brotherswifemaleego,paːwiː,paːwiː,p aː w iː,,hindukush,,,^ p aː w iː $,default,
phr-Kinship-brotherswifefemaleego-1,,phr,Kinship-brotherswifefemaleego,paːwiː,paːwiː,p aː w iː,,hindukush,,,^ p aː w iː $,default,
phr-Kinship-sistershusbandmaleego-1,,phr,Kinship-sistershusbandmaleego,pəɳijaː,pəɳijaː,p ə ɳ i j aː,,hindukush,,,^ p ə ɳ i j aː $,default,
phr-Kinship-sistershusbandfemaleego-1,,phr,Kinship-sistershusbandfemaleego,pəɳijaː,pəɳijaː,p ə ɳ i j aː,,hindukush,,,^ p ə ɳ i j aː $,default,
phr-Kinship-wifesfather-1,,phr,Kinship-wifesfather,soːra,soːra,s oː r a,,hindukush,,,^ s oː r a $,default,
phr-Kinship-wifesmother-1,,phr,Kinship-wifesmother,sas,sas,s a s,,hindukush,,,^ s a s $,default,
phr-Kinship-husbandsfather-1,,phr,Kinship-husbandsfather,soːra,soːra,s oː r a,,hindukush,,,^ s oː r a $,default,
phr-Kinship-husbandsmother-1,,phr,Kinship-husbandsmother,sas,sas,s a s,,hindukush,,,^ s a s $,default,
phr-Kinship-husbandsbrother-1,,phr,Kinship-husbandsbrother,deːr,deːr,d eː r,,hindukush,,,^ d eː r $,default,
phr-Kinship-husbandssister-1,,phr,Kinship-husbandssister,nanaːɽ,nanaːɽ,n a n aː ɽ,,hindukush,,,^ n a n aː ɽ $,default,
phr-Kinship-wifesbrother-1,,phr,Kinship-wifesbrother,saːlaː,saːlaː,s aː l aː,,hindukush,,,^ s aː l aː $,default,
phr-Kinship-wifessister-1,,phr,Kinship-wifessister,saːliː,saːliː,s aː l iː,,hindukush,,,^ s aː l iː $,default,
phr-Kinship-husbandssistershusband-1,,phr,Kinship-husbandssistershusband,d͡ʑeːʈʰ,d͡ʑeːʈʰ,dʑ eː ʈʰ,,hindukush,,,^ d͡ʑ eː ʈʰ $,default,
phr-Kinship-wifesbrotherswife-1,,phr,Kinship-wifesbrotherswife,d͡ʑeʈʰaːɳi,d͡ʑeʈʰaːɳi,dʑ e ʈʰ aː ɳ i,,hindukush,,,^ d͡ʑ e ʈʰ aː ɳ i $,default,
phr-Kinship-wifessistershusband-1,,phr,Kinship-wifessistershusband,saːnɖu,saːnɖu,s aː n ɖ u,,hindukush,,,^ s aː n ɖ u $,default,
phr-Kinship-cowife-1,,phr,Kinship-cowife,soːkaɳ,soːkaɳ,s oː k a ɳ,,hindukush,,,^ s oː k a ɳ $,default,
phr-Kinship-sonswifesfather-1,,phr,Kinship-sonswifesfather,bijaːja,bijaːja,b i j aː j a,,hindukush,,,^ b i j aː j a $,default,
phr-Kinship-sonswifesmother-1,,phr,Kinship-sonswifesmother,bijaːji,bijaːji,b i j aː j i,,hindukush,,,^ b i j aː j i $,default,
phr-Kinship-daughtershusbandsfather-1,,phr,Kinship-daughtershusbandsfather,bijaːja,bijaːja,b i j aː j a,,hindukush,,,^ b i j aː j a $,default,
phr-Kinship-daughtershusbandsmother-1,,phr,Kinship-daughtershusbandsmother,bijaːji,bijaːji,b i j aː j i,,hindukush,,,^ b i j aː j i $,default,
phr-Kinship-stepmother-1,,phr,Kinship-stepmother,matreːji,matreːji,m a t r eː j i,,hindukush,,,^ m a t r eː j i $,default,
phr-Kinship-stepfather-1,,phr,Kinship-stepfather,matrejaː peoː,matrejaː_peoː,m a t r e j aː + p e oː,,hindukush,,,^ m a t r e j aː _ p eoː $,default,
phr-Kinship-stepson-1,,phr,Kinship-stepson,matrejaː putər,matrejaː_putər,m a t r e j aː + p u t ə r,,hindukush,,,^ m a t r e j aː _ p u t ə r $,default,
phr-Kinship-stepdaughter-1,,phr,Kinship-stepdaughter,matreːji pæːɳ,matreːji_pæːɳ,m a t r eː j i + p æː ɳ,,hindukush,,,^ m a t r eː j i _ p æː ɳ $,default,
phr-Kinship-fathersfathersfather-1,,phr,Kinship-fathersfathersfather,paɽ daːda,paɽ_daːda,p a ɽ + d aː d a,,hindukush,,,^ p a ɽ _ d aː d a $,default,
phr-Kinship-mothersmothersmother-1,,phr,Kinship-mothersmothersmother,paɽ naːdi,paɽ_naːdi,p a ɽ + n aː d i,,hindukush,,,^ p a ɽ _ n aː d i $,default,
phr-Kinship-forefather-1,,phr,Kinship-forefather,bəʈka,bəʈka,b ə ʈ k a,,hindukush,,,^ b ə ʈ k a $,default,
phr-Kinship-foremother-1,,phr,Kinship-foremother,bəʈki,bəʈki,b ə ʈ k i,,hindukush,,,^ b ə ʈ k i $,default,
phr-Kinship-fathersbrothersson-1,,phr,Kinship-fathersbrothersson,daːde poːtra,daːde_poːtra,d aː d e + p oː t r a,,hindukush,,,^ d aː d e _ p oː t r a $,default,
phr-Kinship-fathersbrothersdaughter-1,,phr,Kinship-fathersbrothersdaughter,daːde poːtri,daːde_poːtri,d aː d e + p oː t r i,,hindukush,,,^ d aː d e _ p oː t r i $,default,
phr-Kinship-fatherssistersson-1,,phr,Kinship-fatherssistersson,popʰeːr,popʰeːr,p o pʰ eː r,,hindukush,,,^ p o pʰ eː r $,default,
phr-Kinship-fatherssistersdaughter-1,,phr,Kinship-fatherssistersdaughter,popʰeːr,popʰeːr,p o pʰ eː r,,hindukush,,,^ p o pʰ eː r $,default,
phr-Kinship-mothersbrothersson-1,,phr,Kinship-mothersbrothersson,mawleːr,mawleːr,m a w l eː r,,hindukush,,,^ m a w l eː r $,default,
phr-Kinship-mothersbrothersdaughter-1,,phr,Kinship-mothersbrothersdaughter,"mawleːr, mawleːri pæːɳ",mawleːr,m a w l eː r,,hindukush,,,^ m a w l eː r $,default,
phr-Kinship-mothersbrothersdaughter-2,,phr,Kinship-mothersbrothersdaughter,"mawleːr, mawleːri pæːɳ",mawleːri_pæːɳ,m a w l eː r i + p æː ɳ,,hindukush,,,^ m a w l eː r i _ p æː ɳ $,default,
phr-Kinship-motherssistersson-1,,phr,Kinship-motherssistersson,məseːr,məseːr,m ə s eː r,,hindukush,,,^ m ə s eː r $,default,
phr-Kinship-motherssistersdaughter-1,,phr,Kinship-motherssistersdaughter,məseːr,məseːr,m ə s eː r,,hindukush,,,^ m ə s eː r $,default,
phr-Kinship-relative-1,,phr,Kinship-relative,naːtedaːr,naːtedaːr,n aː t e d aː r,,hindukush,,,^ n aː t e d aː r $,default,
phr-Kinship-bloodrelative-1,,phr,Kinship-bloodrelative,saka,saka,s a k a,,hindukush,,,^ s a k a $,default,
phr-Kinship-wifesrelatives-1,,phr,Kinship-wifesrelatives,soːra,soːra,s oː r a,,hindukush,,,^ s oː r a $,default,
phr-Kinship-headofhousehold-1,,phr,Kinship-headofhousehold,maːlək,maːlək,m aː l ə k,,hindukush,,,^ m aː l ə k $,default,
phr-Kinship-headoftribe-1,,phr,Kinship-headoftribe,"lambardaːr, sarpãɕ",lambardaːr,l a m b a r d aː r,,hindukush,,,^ l a m b a r d aː r $,default,
phr-Kinship-headoftribe-2,,phr,Kinship-headoftribe,"lambardaːr, sarpãɕ",sarpãɕ,s a r p ã ɕ,,hindukush,,,^ s a r p ã ɕ $,default,
phr-Kinship-halfsistersamefatherdifferentmother-1,,phr,Kinship-halfsistersamefatherdifferentmother,matreːji pæːɳ,matreːji_pæːɳ,m a t r eː j i + p æː ɳ,,hindukush,,,^ m a t r eː j i _ p æː ɳ $,default,
phr-Kinship-halfbrothersamefatherdifferentmother-1,,phr,Kinship-halfbrothersamefatherdifferentmother,matrejaː praː,matrejaː_praː,m a t r e j aː + p r aː,,hindukush,,,^ m a t r e j aː _ p r aː $,default,
phr-Kinship-halfsistersamemotherdifferentfather-1,,phr,Kinship-halfsistersamemotherdifferentfather,kʰalːəɽ pæːɳ,kʰalːəɽ_pæːɳ,kʰ a lː ə ɽ + p æː ɳ,,hindukush,,,^ kʰ a lː ə ɽ _ p æː ɳ $,default,
phr-Kinship-halfbrothersamemotherdifferentfather-1,,phr,Kinship-halfbrothersamemotherdifferentfather,kʰalːəɽ praː,kʰalːəɽ_praː,kʰ a lː ə ɽ + p r aː,,hindukush,,,^ kʰ a lː ə ɽ _ p r aː $,default,
phl-Kinship-father-1,,phl,Kinship-father,"bâːbu, mʰâːlu",bâːbu,b âː/aː b u,,hindukush,,,^ b âː b u $,default,
phl-Kinship-father-2,,phl,Kinship-father,"bâːbu, mʰâːlu",mʰâːlu,mʰ âː/aː l u,,hindukush,,,^ mʰ âː l u $,default,
phl-Kinship-mother-1,,phl,Kinship-mother,"jêːji, mʰêːli",jêːji,j êː/eː j i,,hindukush,,,^ j êː j i $,default,
phl-Kinship-mother-2,,phl,Kinship-mother,"jêːji, mʰêːli",mʰêːli,mʰ êː/eː l i,,hindukush,,,^ mʰ êː l i $,default,
phl-Kinship-parent-1,,phl,Kinship-parent,jéje bâːbu,jéje_bâːbu,j é/e j e + b âː/aː b u,,hindukush,,,^ j é j e _ b âː b u $,default,
phl-Kinship-son-1,,phl,Kinship-son,putr,putr,p u t r,,hindukush,,,^ p u t r $,default,
phl-Kinship-daughter-1,,phl,Kinship-daughter,dʰǐː,dʰǐː,dʰ ǐː/iː,,hindukush,,,^ dʰ ǐː $,default,
phl-Kinship-ownchild-1,,phl,Kinship-ownchild,and͡ʒurú,and͡ʒurú,a n dʒ u r ú/u,,hindukush,,,^ a n d͡ʒ u r ú $,default,
phl-Kinship-brother-1,,phl,Kinship-brother,bʰrôː,bʰrôː,bʰ r ôː/oː,,hindukush,,,^ bʰ r ôː $,default,
phl-Kinship-sister-1,,phl,Kinship-sister,bʰěːɳ,bʰěːɳ,bʰ ěː/eː ɳ,,hindukush,,,^ bʰ ěː ɳ $,default,
phl-Kinship-olderbrother-1,,phl,Kinship-olderbrother,kâːku,kâːku,k âː/aː k u,,hindukush,,,^ k âː k u $,default,
phl-Kinship-youngerbrother-1,,phl,Kinship-youngerbrother,kûːt͡ʃo,kûːt͡ʃo,k ûː/uː tʃ o,,hindukush,,,^ k ûː t͡ʃ o $,default,
phl-Kinship-oldersister-1,,phl,Kinship-oldersister,kêːki,kêːki,k êː/eː k i,,hindukush,,,^ k êː k i $,default,
phl-Kinship-youngersister-1,,phl,Kinship-youngersister,kûːt͡ʃi,kûːt͡ʃi,k ûː/uː tʃ i,,hindukush,,,^ k ûː t͡ʃ i $,default,
phl-Kinship-fathersfather-1,,phl,Kinship-fathersfather,dôːdo,dôːdo,d ôː/oː d o,,hindukush,,,^ d ôː d o $,default,
phl-Kinship-fathersmother-1,,phl,Kinship-fathersmother,dêːdi,dêːdi,d êː/eː d i,,hindukush,,,^ d êː d i $,default,
phl-Kinship-mothersfather-1,,phl,Kinship-mothersfather,môːmo,môːmo,m ôː/oː m o,,hindukush,,,^ m ôː m o $,default,
phl-Kinship-mothersmother-1,,phl,Kinship-mothersmother,mêːmi,mêːmi,m êː/eː m i,,hindukush,,,^ m êː m i $,default,
phl-Kinship-sonsson-1,,phl,Kinship-sonsson,pûːtro,pûːtro,p ûː/uː t r o,,hindukush,,,^ p ûː t r o $,default,
phl-Kinship-sonsdaughter-1,,phl,Kinship-sonsdaughter,pûːtri,pûːtri,p ûː/uː t r i,,hindukush,,,^ p ûː t r i $,default,
phl-Kinship-daughtersson-1,,phl,Kinship-daughtersson,dʰjûːɽo,dʰjûːɽo,dʰ j ûː/uː ɽ o,,hindukush,,,^ dʰ j ûː ɽ o $,default,
phl-Kinship-daughtersdaughter-1,,phl,Kinship-daughtersdaughter,dʰjûːɽi,dʰjûːɽi,dʰ j ûː/uː ɽ i,,hindukush,,,^ dʰ j ûː ɽ i $,default,
phl-Kinship-fathersbrother-1,,phl,Kinship-fathersbrother,pitrí,pitrí,p i t r í/i,,hindukush,,,^ p i t r í $,default,
phl-Kinship-fathersolderbrother-1,,phl,Kinship-fathersolderbrother,gaːɖbâːbu,gaːɖbâːbu,g aː ɖ b âː/aː b u,,hindukush,,,^ g aː ɖ b âː b u $,default,
phl-Kinship-fathersyoungerbrother-1,,phl,Kinship-fathersyoungerbrother,lʰoːkbâːbu,lʰoːkbâːbu,lʰ oː k b âː/aː b u,,hindukush,,,^ lʰ oː k b âː b u $,default,
phl-Kinship-fatherssister-1,,phl,Kinship-fatherssister,pʰêːpi,pʰêːpi,pʰ êː/eː p i,,hindukush,,,^ pʰ êː p i $,default,
phl-Kinship-fathersoldersister-1,,phl,Kinship-fathersoldersister,pʰêːpi,pʰêːpi,pʰ êː/eː p i,,hindukush,,,^ pʰ êː p i $,default,
phl-Kinship-fathersyoungersister-1,,phl,Kinship-fathersyoungersister,pʰêːpi,pʰêːpi,pʰ êː/eː p i,,hindukush,,,^ pʰ êː p i $,default,
phl-Kinship-mothersbrother-1,,phl,Kinship-mothersbrother,mamǎː,mamǎː,m a m ǎ/aː,,hindukush,,,^ m a m ǎː $,default,
phl-Kinship-mothersolderbrother-1,,phl,Kinship-mothersolderbrother,mamǎː,mamǎː,m a m ǎ/aː,,hindukush,,,^ m a m ǎː $,default,
phl-Kinship-mothersyoungerbrother-1,,phl,Kinship-mothersyoungerbrother,mamǎː,mamǎː,m a m ǎ/aː,,hindukush,,,^ m a m ǎː $,default,
phl-Kinship-motherssister-1,,phl,Kinship-motherssister,mêːʃi,mêːʃi,m êː/eː ʃ i,,hindukush,,,^ m êː ʃ i $,default,
phl-Kinship-mothersoldersister-1,,phl,Kinship-mothersoldersister,geːɖjêːji,geːɖjêːji,g eː ɖ j êː/eː j i,,hindukush,,,^ g eː ɖ j êː j i $,default,
phl-Kinship-mothersyoungersister-1,,phl,Kinship-mothersyoungersister,lʰoːkjêːji,lʰoːkjêːji,lʰ oː k j êː/eː j i,,hindukush,,,^ lʰ oː k j êː j i $,default,
phl-Kinship-brothersson-1,,phl,Kinship-brothersson,bʰrapútr,bʰrapútr,bʰ r a p ú/u t r,,hindukush,,,^ bʰ r a p ú t r $,default,
phl-Kinship-brothersdaughter-1,,phl,Kinship-brothersdaughter,bʰradʰǐː,bʰradʰǐː,bʰ r a dʰ ǐː/iː,,hindukush,,,^ bʰ r a dʰ ǐː $,default,
phl-Kinship-sistersson-1,,phl,Kinship-sistersson,bʰeɳipútr,bʰeɳipútr,bʰ e ɳ i p ú/u t r,,hindukush,,,^ bʰ e ɳ i p ú t r $,default,
phl-Kinship-sistersdaughter-1,,phl,Kinship-sistersdaughter,bʰeɳdʰǐː,bʰeɳdʰǐː,bʰ e ɳ dʰ ǐː/iː,,hindukush,,,^ bʰ e ɳ dʰ ǐː $,default,
phl-Kinship-husband-1,,phl,Kinship-husband,bʰarîːw,bʰarîːw,bʰ a r îː/iː w,,hindukush,,,^ bʰ a r îː w $,default,
phl-Kinship-wife-1,,phl,Kinship-wife,kúɽi,kúɽi,k ú/u ɽ i,,hindukush,,,^ k ú ɽ i $,default,
phl-Kinship-fathersolderbrotherswife-1,,phl,Kinship-fathersolderbrotherswife,geːɖjêːji,geːɖjêːji,g eː ɖ j êː/eː j i,,hindukush,,,^ g eː ɖ j êː j i $,default,
phl-Kinship-fathersyoungerbrotherswife-1,,phl,Kinship-fathersyoungerbrotherswife,lʰoːkjêːji,lʰoːkjêːji,lʰ oː k j êː/eː j i,,hindukush,,,^ lʰ oː k j êː j i $,default,
phl-Kinship-fatherssistershusband-1,,phl,Kinship-fatherssistershusband,pʰôːpo,pʰôːpo,pʰ ôː/oː p o,,hindukush,,,^ pʰ ôː p o $,default,
phl-Kinship-mothersbrotherswife-1,,phl,Kinship-mothersbrotherswife,moːlí,moːlí,m oː l í/i,,hindukush,,,^ m oː l í $,default,
phl-Kinship-motherssistershusband-1,,phl,Kinship-motherssistershusband,môːʃpo,môːʃpo,m ôː/oː ʃ p o,,hindukush,,,^ m ôː ʃ p o $,default,
phl-Kinship-sonswife-1,,phl,Kinship-sonswife,bʰǒːji,bʰǒːji,bʰ ǒː/oː j i,,hindukush,,,^ bʰ ǒː j i $,default,
phl-Kinship-daughtershusband-1,,phl,Kinship-daughtershusband,d͡ʒʰaːmatrǒː,d͡ʒʰaːmatrǒː,dʒʰ aː m a t r ǒː/oː,,hindukush,,,^ d͡ʒʰ aː m a t r ǒː $,default,
phl-Kinship-brotherswifemaleego-1,,phl,Kinship-brotherswifemaleego,bʰraːd͡ʒáj,bʰraːd͡ʒáj,bʰ r aː dʒ á/a j,,hindukush,,,^ bʰ r aː d͡ʒ á j $,default,
phl-Kinship-brotherswifefemaleego-1,,phl,Kinship-brotherswifefemaleego,bʰraːd͡ʒáj,bʰraːd͡ʒáj,bʰ r aː dʒ á/a j,,hindukush,,,^ bʰ r aː d͡ʒ á j $,default,
phl-Kinship-sistershusbandmaleego-1,,phl,Kinship-sistershusbandmaleego,ʐamí,ʐamí,ʐ a m í/i,,hindukush,,,^ ʐ a m í $,default,
phl-Kinship-sistershusbandfemaleego-1,,phl,Kinship-sistershusbandfemaleego,saːrôːɳo,saːrôːɳo,s aː r ôː/oː ɳ o,,hindukush,,,^ s aː r ôː ɳ o $,default,
phl-Kinship-wifesfather-1,,phl,Kinship-wifesfather,ʃûːr,ʃûːr,ʃ ûː/uː r,,hindukush,,,^ ʃ ûː r $,default,
phl-Kinship-wifesmother-1,,phl,Kinship-wifesmother,preʂ,preʂ,p r e ʂ,,hindukush,,,^ p r e ʂ $,default,
phl-Kinship-husbandsfather-1,,phl,Kinship-husbandsfather,ʃûːr,ʃûːr,ʃ ûː/uː r,,hindukush,,,^ ʃ ûː r $,default,
phl-Kinship-husbandsmother-1,,phl,Kinship-husbandsmother,preʂ,preʂ,p r e ʂ,,hindukush,,,^ p r e ʂ $,default,
phl-Kinship-husbandsbrother-1,,phl,Kinship-husbandsbrother,dîːr,dîːr,d îː/iː r,,hindukush,,,^ d îː r $,default,
phl-Kinship-husbandssister-1,,phl,Kinship-husbandssister,d͡ʒʰeːmilí,d͡ʒʰeːmilí,dʒʰ eː m i l í/i,,hindukush,,,^ d͡ʒʰ eː m i l í $,default,
phl-Kinship-wifesbrother-1,,phl,Kinship-wifesbrother,wîːwaj,wîːwaj,w îː/iː w a j,,hindukush,,,^ w îː w a j $,default,
phl-Kinship-wifessister-1,,phl,Kinship-wifessister,saːrêːɳi,saːrêːɳi,s aː r êː/eː ɳ i,,hindukush,,,^ s aː r êː ɳ i $,default,
phl-Kinship-husbandsbrotherswife-1,,phl,Kinship-husbandsbrotherswife,bʰraːd͡ʒáj,bʰraːd͡ʒáj,bʰ r aː dʒ á/a j,,hindukush,,,^ bʰ r aː d͡ʒ á j $,default,
phl-Kinship-wifessistershusband-1,,phl,Kinship-wifessistershusband,saːnɖú,saːnɖú,s aː n ɖ ú/u,,hindukush,,,^ s aː n ɖ ú $,default,
phl-Kinship-cowife-1,,phl,Kinship-cowife,abʰîːɳi,abʰîːɳi,a bʰ îː/iː ɳ i,,hindukush,,,^ a bʰ îː ɳ i $,default,
phl-Kinship-sonswifesfather-1,,phl,Kinship-sonswifesfather,abʰeːɳijejí,abʰeːɳijejí,a bʰ eː ɳ i j e j í/i,,hindukush,,,^ a bʰ eː ɳ i j e j í $,default,
phl-Kinship-sonswifesmother-1,,phl,Kinship-sonswifesmother,abʰeːɳibabó,abʰeːɳibabó,a bʰ eː ɳ i b a b ó/o,,hindukush,,,^ a bʰ eː ɳ i b a b ó $,default,
phl-Kinship-daughtershusbandsfather-1,,phl,Kinship-daughtershusbandsfather,abʰeːɳikuɳôːk,abʰeːɳikuɳôːk,a bʰ eː ɳ i k u ɳ ôː/oː k,,hindukush,,,^ a bʰ eː ɳ i k u ɳ ôː k $,default,
phl-Kinship-daughtershusbandsmother-1,,phl,Kinship-daughtershusbandsmother,abʰeːɳikuɳêːk,abʰeːɳikuɳêːk,a bʰ eː ɳ i k u ɳ êː/eː k,,hindukush,,,^ a bʰ eː ɳ i k u ɳ êː k $,default,
phl-Kinship-fathersfathersfather-1,,phl,Kinship-fathersfathersfather,par dôːdo,par_dôːdo,p a r + d ôː/oː d o,,hindukush,,,^ p a r _ d ôː d o $,default,
phl-Kinship-mothersmothersmother-1,,phl,Kinship-mothersmothersmother,par mêːmi,par_mêːmi,p a r + m êː/eː m i,,hindukush,,,^ p a r _ m êː m i $,default,
phl-Kinship-forefather-1,,phl,Kinship-forefather,doːdabâːwa,doːdabâːwa,d oː d a b âː/aː w a,,hindukush,,,^ d oː d a b âː w a $,default,
phl-Kinship-fathersbrothersson-1,,phl,Kinship-fathersbrothersson,pitrǐː putr,pitrǐː_putr,p i t r ǐː/iː + p u t r,,hindukush,,,^ p i t r ǐː _ p u t r $,default,
phl-Kinship-fathersbrothersdaughter-1,,phl,Kinship-fathersbrothersdaughter,pitrǐː dʰǐː,pitrǐː_dʰǐː,p i t r ǐː/iː + dʰ ǐː/iː,,hindukush,,,^ p i t r ǐː _ dʰ ǐː $,default,
phl-Kinship-fatherssistersson-1,,phl,Kinship-fatherssistersson,pʰêːpi putr,pʰêːpi_putr,pʰ êː/eː p i + p u t r,,hindukush,,,^ pʰ êː p i _ p u t r $,default,
phl-Kinship-fatherssistersdaughter-1,,phl,Kinship-fatherssistersdaughter,pʰêːpi dʰǐː,pʰêːpi_dʰǐː,pʰ êː/eː p i + dʰ ǐː/iː,,hindukush,,,^ pʰ êː p i _ dʰ ǐː $,default,
phl-Kinship-mothersbrothersson-1,,phl,Kinship-mothersbrothersson,mǎːmi putr,mǎːmi_putr,m ǎ/aː m i + p u t r,,hindukush,,,^ m ǎː m i _ p u t r $,default,
phl-Kinship-mothersbrothersdaughter-1,,phl,Kinship-mothersbrothersdaughter,mǎːmi dʰǐː,mǎːmi_dʰǐː,m ǎ/aː m i + dʰ ǐː/iː,,hindukush,,,^ m ǎː m i _ dʰ ǐː $,default,
phl-Kinship-motherssistersson-1,,phl,Kinship-motherssistersson,mêːʃi putr,mêːʃi_putr,m êː/eː ʃ i + p u t r,,hindukush,,,^ m êː ʃ i _ p u t r $,default,
phl-Kinship-motherssistersdaughter-1,,phl,Kinship-motherssistersdaughter,mêːʃi dʰǐː,mêːʃi_dʰǐː,m êː/eː ʃ i + dʰ ǐː/iː,,hindukush,,,^ m êː ʃ i _ dʰ ǐː $,default,
phl-Kinship-relative-1,,phl,Kinship-relative,aχpúl,aχpúl,a χ p ú/u l,,hindukush,,,^ a χ p ú l $,default,
phl-Kinship-wifesrelatives-1,,phl,Kinship-wifesrelatives,ʃawúra,ʃawúra,ʃ a w ú/u r a,,hindukush,,,^ ʃ a w ú r a $,default,
phl-Kinship-headofhousehold-1,,phl,Kinship-headofhousehold,goːʂʈîː gʰaɖeːró,goːʂʈîː_gʰaɖeːró,g oː ʂ ʈ îː/iː + gʰ a ɖ eː r ó/o,,hindukush,,,^ g oː ʂ ʈ îː _ gʰ a ɖ eː r ó $,default,
phl-Kinship-headofclan-1,,phl,Kinship-headofclan,qôːmiː gʰaɖeːró,qôːmiː_gʰaɖeːró,q ôː/oː m iː + gʰ a ɖ eː r ó/o,,hindukush,,,^ q ôː m iː _ gʰ a ɖ eː r ó $,default,
phl-Kinship-headoftribe-1,,phl,Kinship-headoftribe,qôːmiː gʰaɖeːró,qôːmiː_gʰaɖeːró,q ôː/oː m iː + gʰ a ɖ eː r ó/o,,hindukush,,,^ q ôː m iː _ gʰ a ɖ eː r ó $,default,
prc-Kinship-father-1,,prc,Kinship-father,bɑːw,bɑːw,b ɑː w,,hindukush,,,^ b ɑː w $,default,
prc-Kinship-mother-1,,prc,Kinship-mother,mɑː,mɑː,m ɑː,,hindukush,,,^ m ɑː $,default,
prc-Kinship-parent-1,,prc,Kinship-parent,mɑː wo bɑːw,mɑː_wo_bɑːw,m ɑː + w o + b ɑː w,,hindukush,,,^ m ɑː _ w o _ b ɑː w $,default,
prc-Kinship-son-1,,prc,Kinship-son,poʃ,poʃ,p o ʃ,,hindukush,,,^ p o ʃ $,default,
prc-Kinship-daughter-1,,prc,Kinship-daughter,dot,dot,d o t,,hindukush,,,^ d o t $,default,
prc-Kinship-ownchild-1,,prc,Kinship-ownchild,bɑːluː,bɑːluː,b ɑː l uː,,hindukush,,,^ b ɑː l uː $,default,
prc-Kinship-brother-1,,prc,Kinship-brother,bija,bija,b i j a,,hindukush,,,^ b i j a $,default,
prc-Kinship-sister-1,,prc,Kinship-sister,χiː,χiː,χ iː,,hindukush,,,^ χ iː $,default,
prc-Kinship-olderbrother-1,,prc,Kinship-olderbrother,ganɖ bija,ganɖ_bija,g a n ɖ + b i j a,,hindukush,,,^ g a n ɖ _ b i j a $,default,
prc-Kinship-youngerbrother-1,,prc,Kinship-youngerbrother,t͡ʃiːnu bija,t͡ʃiːnu_bija,tʃ iː n u + b i j a,,hindukush,,,^ t͡ʃ iː n u _ b i j a $,default,
prc-Kinship-oldersister-1,,prc,Kinship-oldersister,ganɖ χiː,ganɖ_χiː,g a n ɖ + χ iː,,hindukush,,,^ g a n ɖ _ χ iː $,default,
prc-Kinship-youngersister-1,,prc,Kinship-youngersister,t͡ʃiːnu χiː,t͡ʃiːnu_χiː,tʃ iː n u + χ iː,,hindukush,,,^ t͡ʃ iː n u _ χ iː $,default,
prc-Kinship-fathersfather-1,,prc,Kinship-fathersfather,kaʈa bɑːw,kaʈa_bɑːw,k a ʈ a + b ɑː w,,hindukush,,,^ k a ʈ a _ b ɑː w $,default,
prc-Kinship-fathersmother-1,,prc,Kinship-fathersmother,kaʈa mɑː,kaʈa_mɑː,k a ʈ a + m ɑː,,hindukush,,,^ k a ʈ a _ m ɑː $,default,
prc-Kinship-mothersfather-1,,prc,Kinship-mothersfather,kaʈa bɑːw,kaʈa_bɑːw,k a ʈ a + b ɑː w,,hindukush,,,^ k a ʈ a _ b ɑː w $,default,
prc-Kinship-mothersmother-1,,prc,Kinship-mothersmother,kaʈa mɑː,kaʈa_mɑː,k a ʈ a + m ɑː,,hindukush,,,^ k a ʈ a _ m ɑː $,default,
prc-Kinship-sonsson-1,,prc,Kinship-sonsson,nawɑː,nawɑː,n a w ɑː,,hindukush,,,^ n a w ɑː $,default,
prc-Kinship-sonsdaughter-1,,prc,Kinship-sonsdaughter,nawɑː,nawɑː,n a w ɑː,,hindukush,,,^ n a w ɑː $,default,
prc-Kinship-daughtersson-1,,prc,Kinship-daughtersson,nawɑː,nawɑː,n a w ɑː,,hindukush,,,^ n a w ɑː $,default,
prc-Kinship-daughtersdaughter-1,,prc,Kinship-daughtersdaughter,nawɑː,nawɑː,n a w ɑː,,hindukush,,,^ n a w ɑː $,default,
prc-Kinship-fathersbrother-1,,prc,Kinship-fathersbrother,kɑːkɑː,kɑːkɑː,k ɑː k ɑː,,hindukush,,,^ k ɑː k ɑː $,default,
prc-Kinship-fathersolderbrother-1,,prc,Kinship-fathersolderbrother,kɑːkɑː,kɑːkɑː,k ɑː k ɑː,,hindukush,,,^ k ɑː k ɑː $,default,
prc-Kinship-fathersyoungerbrother-1,,prc,Kinship-fathersyoungerbrother,kɑːkɑː,kɑːkɑː,k ɑː k ɑː,,hindukush,,,^ k ɑː k ɑː $,default,
prc-Kinship-fatherssister-1,,prc,Kinship-fatherssister,ʕama,ʕama,ʕ a m a,,hindukush,,,^ ʕ a m a $,default,
prc-Kinship-fathersoldersister-1,,prc,Kinship-fathersoldersister,ʕama,ʕama,ʕ a m a,,hindukush,,,^ ʕ a m a $,default,
prc-Kinship-fathersyoungersister-1,,prc,Kinship-fathersyoungersister,ʕama,ʕama,ʕ a m a,,hindukush,,,^ ʕ a m a $,default,
prc-Kinship-mothersbrother-1,,prc,Kinship-mothersbrother,taʁɑːiː,taʁɑːiː,t a ʁ ɑː iː,,hindukush,,,^ t a ʁ ɑːiː $,default,
prc-Kinship-mothersolderbrother-1,,prc,Kinship-mothersolderbrother,taʁɑːiː,taʁɑːiː,t a ʁ ɑː iː,,hindukush,,,^ t a ʁ ɑːiː $,default,
prc-Kinship-mothersyoungerbrother-1,,prc,Kinship-mothersyoungerbrother,taʁɑːiː,taʁɑːiː,t a ʁ ɑː iː,,hindukush,,,^ t a ʁ ɑːiː $,default,
prc-Kinship-motherssister-1,,prc,Kinship-motherssister,χɑːla,χɑːla,χ ɑː l a,,hindukush,,,^ χ ɑː l a $,default,
prc-Kinship-mothersoldersister-1,,prc,Kinship-mothersoldersister,χɑːla,χɑːla,χ ɑː l a,,hindukush,,,^ χ ɑː l a $,default,
prc-Kinship-mothersyoungersister-1,,prc,Kinship-mothersyoungersister,χɑːla,χɑːla,χ ɑː l a,,hindukush,,,^ χ ɑː l a $,default,
prc-Kinship-brothersson-1,,prc,Kinship-brothersson,bija ʁuɽuk,bija_ʁuɽuk,b i j a + ʁ u ɽ u k,,hindukush,,,^ b i j a _ ʁ u ɽ u k $,default,
prc-Kinship-brothersdaughter-1,,prc,Kinship-brothersdaughter,bija ʁuɽuk,bija_ʁuɽuk,b i j a + ʁ u ɽ u k,,hindukush,,,^ b i j a _ ʁ u ɽ u k $,default,
prc-Kinship-sistersson-1,,prc,Kinship-sistersson,χiː ʁuɽuk,χiː_ʁuɽuk,χ iː + ʁ u ɽ u k,,hindukush,,,^ χ iː _ ʁ u ɽ u k $,default,
prc-Kinship-sistersdaughter-1,,prc,Kinship-sistersdaughter,χiː ʁuɽuk,χiː_ʁuɽuk,χ iː + ʁ u ɽ u k,,hindukush,,,^ χ iː _ ʁ u ɽ u k $,default,
prc-Kinship-husband-1,,prc,Kinship-husband,χɑː,χɑː,χ ɑː,,hindukush,,,^ χ ɑː $,default,
prc-Kinship-wife-1,,prc,Kinship-wife,d͡ʒint͡ʃ,d͡ʒint͡ʃ,dʒ i n tʃ,,hindukush,,,^ d͡ʒ i n t͡ʃ $,default,
prc-Kinship-fathersolderbrotherswife-1,,prc,Kinship-fathersolderbrotherswife,zani kɑːkɑː,zani_kɑːkɑː,z a n i + k ɑː k ɑː,,hindukush,,,^ z a n i _ k ɑː k ɑː $,default,
prc-Kinship-fathersyoungerbrotherswife-1,,prc,Kinship-fathersyoungerbrotherswife,zani kɑːkɑː,zani_kɑːkɑː,z a n i + k ɑː k ɑː,,hindukush,,,^ z a n i _ k ɑː k ɑː $,default,
prc-Kinship-fatherssistershusband-1,,prc,Kinship-fatherssistershusband,ʕamajikeː χɑː,ʕamajikeː_χɑː,ʕ a m a j i k eː + χ ɑː,,hindukush,,,^ ʕ a m a j i k eː _ χ ɑː $,default,
prc-Kinship-mothersbrotherswife-1,,prc,Kinship-mothersbrotherswife,mawleːneː,mawleːneː,m a w l eː n eː,,hindukush,,,^ m a w l eː n eː $,default,
prc-Kinship-motherssistershusband-1,,prc,Kinship-motherssistershusband,χɑːlajikeː χɑː,χɑːlajikeː_χɑː,χ ɑː l a j i k eː + χ ɑː,,hindukush,,,^ χ ɑː l a j i k eː _ χ ɑː $,default,
prc-Kinship-sonswife-1,,prc,Kinship-sonswife,so,so,s o,,hindukush,,,^ s o $,default,
prc-Kinship-daughtershusband-1,,prc,Kinship-daughtershusband,zɑːmɑː,zɑːmɑː,z ɑː m ɑː,,hindukush,,,^ z ɑː m ɑː $,default,
prc-Kinship-brotherswifemaleego-1,,prc,Kinship-brotherswifemaleego,janga,janga,j a n g a,,hindukush,,,^ j a n g a $,default,
prc-Kinship-brotherswifefemaleego-1,,prc,Kinship-brotherswifefemaleego,janga,janga,j a n g a,,hindukush,,,^ j a n g a $,default,
prc-Kinship-sistershusbandmaleego-1,,prc,Kinship-sistershusbandmaleego,jɑːzna,jɑːzna,j ɑː z n a,,hindukush,,,^ j ɑː z n a $,default,
prc-Kinship-sistershusbandfemaleego-1,,prc,Kinship-sistershusbandfemaleego,jɑːzna,jɑːzna,j ɑː z n a,,hindukush,,,^ j ɑː z n a $,default,
prc-Kinship-wifesfather-1,,prc,Kinship-wifesfather,χusur,χusur,χ u s u r,,hindukush,,,^ χ u s u r $,default,
prc-Kinship-wifesmother-1,,prc,Kinship-wifesmother,χoʃ,χoʃ,χ o ʃ,,hindukush,,,^ χ o ʃ $,default,
prc-Kinship-husbandsfather-1,,prc,Kinship-husbandsfather,χusur,χusur,χ u s u r,,hindukush,,,^ χ u s u r $,default,
prc-Kinship-husbandsmother-1,,prc,Kinship-husbandsmother,χoʃ,χoʃ,χ o ʃ,,hindukush,,,^ χ o ʃ $,default,
prc-Kinship-husbandsbrother-1,,prc,Kinship-husbandsbrother,hiːwar,hiːwar,h iː w a r,,hindukush,,,^ h iː w a r $,default,
prc-Kinship-husbandssister-1,,prc,Kinship-husbandssister,nanuː,nanuː,n a n uː,,hindukush,,,^ n a n uː $,default,
prc-Kinship-wifesbrother-1,,prc,Kinship-wifesbrother,χusur bura,χusur_bura,χ u s u r + b u r a,,hindukush,,,^ χ u s u r _ b u r a $,default,
prc-Kinship-wifessister-1,,prc,Kinship-wifessister,χɑːʃna,χɑːʃna,χ ɑː ʃ n a,,hindukush,,,^ χ ɑː ʃ n a $,default,
prc-Kinship-husbandsbrotherswife-1,,prc,Kinship-husbandsbrotherswife,zani hiːwar,zani_hiːwar,z a n i + h iː w a r,,hindukush,,,^ z a n i _ h iː w a r $,default,
prc-Kinship-wifessistershusband-1,,prc,Kinship-wifessistershusband,bɑːd͡ʒa,bɑːd͡ʒa,b ɑː dʒ a,,hindukush,,,^ b ɑː d͡ʒ a $,default,
prc-Kinship-cowife-1,,prc,Kinship-cowife,anbɑːq,anbɑːq,a n b ɑː q,,hindukush,,,^ a n b ɑː q $,default,
prc-Kinship-stepsisternosharedparent-1,,prc,Kinship-stepsisternosharedparent,awar χiː,awar_χiː,a w a r + χ iː,,hindukush,,,^ a w a r _ χ iː $,default,
prc-Kinship-stepbrothernosharedparent-1,,prc,Kinship-stepbrothernosharedparent,"brɑːdar andar, awar bija",brɑːdar_andar,b r ɑː d a r + a n d a r,,hindukush,,,^ b r ɑː d a r _ a n d a r $,default,
prc-Kinship-stepbrothernosharedparent-2,,prc,Kinship-stepbrothernosharedparent,"brɑːdar andar, awar bija",awar_bija,a w a r + b i j a,,hindukush,,,^ a w a r _ b i j a $,default,
prc-Kinship-stepmother-1,,prc,Kinship-stepmother,"mɑːdar andar, awar mɑː",mɑːdar_andar,m ɑː d a r + a n d a r,,hindukush,,,^ m ɑː d a r _ a n d a r $,default,
prc-Kinship-stepmother-2,,prc,Kinship-stepmother,"mɑːdar andar, awar mɑː",awar_mɑː,a w a r + m ɑː,,hindukush,,,^ a w a r _ m ɑː $,default,
prc-Kinship-stepfather-1,,prc,Kinship-stepfather,awar bɑːw,awar_bɑːw,a w a r + b ɑː w,,hindukush,,,^ a w a r _ b ɑː w $,default,
prc-Kinship-stepson-1,,prc,Kinship-stepson,awar poʃ,awar_poʃ,a w a r + p o ʃ,,hindukush,,,^ a w a r _ p o ʃ $,default,
prc-Kinship-stepdaughter-1,,prc,Kinship-stepdaughter,awar dot,awar_dot,a w a r + d o t,,hindukush,,,^ a w a r _ d o t $,default,
prc-Kinship-fathersfathersfather-1,,prc,Kinship-fathersfathersfather,kaʈa bɑːw,kaʈa_bɑːw,k a ʈ a + b ɑː w,,hindukush,,,^ k a ʈ a _ b ɑː w $,default,
prc-Kinship-mothersmothersmother-1,,prc,Kinship-mothersmothersmother,kaʈa mɑː,kaʈa_mɑː,k a ʈ a + m ɑː,,hindukush,,,^ k a ʈ a _ m ɑː $,default,
prc-Kinship-fathersbrothersson-1,,prc,Kinship-fathersbrothersson,bat͡ʃaj kɑːkɑː,bat͡ʃaj_kɑːkɑː,b a tʃ a j + k ɑː k ɑː,,hindukush,,,^ b a t͡ʃ a j _ k ɑː k ɑː $,default,
prc-Kinship-fathersbrothersdaughter-1,,prc,Kinship-fathersbrothersdaughter,duχtari kɑːkɑː,duχtari_kɑːkɑː,d u χ t a r i + k ɑː k ɑː,,hindukush,,,^ d u χ t a r i _ k ɑː k ɑː $,default,
prc-Kinship-fatherssistersson-1,,prc,Kinship-fatherssistersson,bat͡ʃaj ʕama,bat͡ʃaj_ʕama,b a tʃ a j + ʕ a m a,,hindukush,,,^ b a t͡ʃ a j _ ʕ a m a $,default,
prc-Kinship-fatherssistersdaughter-1,,prc,Kinship-fatherssistersdaughter,duχtari ʕama,duχtari_ʕama,d u χ t a r i + ʕ a m a,,hindukush,,,^ d u χ t a r i _ ʕ a m a $,default,
prc-Kinship-mothersbrothersson-1,,prc,Kinship-mothersbrothersson,bat͡ʃaj taʁɑːiː,bat͡ʃaj_taʁɑːiː,b a tʃ a j + t a ʁ ɑː iː,,hindukush,,,^ b a t͡ʃ a j _ t a ʁ ɑːiː $,default,
prc-Kinship-mothersbrothersdaughter-1,,prc,Kinship-mothersbrothersdaughter,duχtari taʁɑːiː,duχtari_taʁɑːiː,d u χ t a r i + t a ʁ ɑː iː,,hindukush,,,^ d u χ t a r i _ t a ʁ ɑːiː $,default,
prc-Kinship-motherssistersson-1,,prc,Kinship-motherssistersson,bat͡ʃaj χɑːla,bat͡ʃaj_χɑːla,b a tʃ a j + χ ɑː l a,,hindukush,,,^ b a t͡ʃ a j _ χ ɑː l a $,default,
prc-Kinship-motherssistersdaughter-1,,prc,Kinship-motherssistersdaughter,duχtari χɑːla,duχtari_χɑːla,d u χ t a r i + χ ɑː l a,,hindukush,,,^ d u χ t a r i _ χ ɑː l a $,default,
prc-Kinship-relative-1,,prc,Kinship-relative,nazdiːkijɑːn,nazdiːkijɑːn,n a z d iː k i j ɑː n,,hindukush,,,^ n a z d iː k i j ɑː n $,default,
prc-Kinship-affinalrelative-1,,prc,Kinship-affinalrelative,χiːʃ,χiːʃ,χ iː ʃ,,hindukush,,,^ χ iː ʃ $,default,
prc-Kinship-bloodrelative-1,,prc,Kinship-bloodrelative,qawm,qawm,q a w m,,hindukush,,,^ q a w m $,default,
prc-Kinship-wifesrelatives-1,,prc,Kinship-wifesrelatives,χusur χiːlɑːn,χusur_χiːlɑːn,χ u s u r + χ iː l ɑː n,,hindukush,,,^ χ u s u r _ χ iː l ɑː n $,default,
prc-Kinship-headofhousehold-1,,prc,Kinship-headofhousehold,ganɖe ʁusikeː,ganɖe_ʁusikeː,g a n ɖ e + ʁ u s i k eː,,hindukush,,,^ g a n ɖ e _ ʁ u s i k eː $,default,
prc-Kinship-headofclan-1,,prc,Kinship-headofclan,ganɖe qawmikeː,ganɖe_qawmikeː,g a n ɖ e + q a w m i k eː,,hindukush,,,^ g a n ɖ e _ q a w m i k eː $,default,
prc-Kinship-headoftribe-1,,prc,Kinship-headoftribe,ganɖe qawmikeː,ganɖe_qawmikeː,g a n ɖ e + q a w m i k eː,,hindukush,,,^ g a n ɖ e _ q a w m i k eː $,default,
prc-Kinship-halfsistersamefatherdifferentmother-1,,prc,Kinship-halfsistersamefatherdifferentmother,awar χiː,awar_χiː,a w a r + χ iː,,hindukush,,,^ a w a r _ χ iː $,default,
prc-Kinship-halfbrothersamefatherdifferentmother-1,,prc,Kinship-halfbrothersamefatherdifferentmother,awar bija,awar_bija,a w a r + b i j a,,hindukush,,,^ a w a r _ b i j a $,default,
prc-Kinship-halfsistersamemotherdifferentfather-1,,prc,Kinship-halfsistersamemotherdifferentfather,awar χiː,awar_χiː,a w a r + χ iː,,hindukush,,,^ a w a r _ χ iː $,default,
prc-Kinship-halfbrothersamemotherdifferentfather-1,,prc,Kinship-halfbrothersamemotherdifferentfather,awar bija,awar_bija,a w a r + b i j a,,hindukush,,,^ a w a r _ b i j a $,default,
psh_ai-Kinship-father-1,,psh_ai,Kinship-father,baːw,baːw,b aː w,,hindukush,,,^ b aː w $,default,
psh_ai-Kinship-mother-1,,psh_ai,Kinship-mother,aːjə,aːjə,aː j ə,,hindukush,,,^ aː j ə $,default,
psh_ai-Kinship-parent-1,,psh_ai,Kinship-parent,aːjə u baːw,aːjə_u_baːw,aː j ə + u + b aː w,,hindukush,,,^ aː j ə _ u _ b aː w $,default,
psh_ai-Kinship-son-1,,psh_ai,Kinship-son,puːtr,puːtr,p uː t r,,hindukush,,,^ p uː t r $,default,
psh_ai-Kinship-daughter-1,,psh_ai,Kinship-daughter,wijə,wijə,w i j ə,,hindukush,,,^ w i j ə $,default,
psh_ai-Kinship-ownchild-1,,psh_ai,Kinship-ownchild,baːlkuːl,baːlkuːl,b aː l k uː l,,hindukush,,,^ b aː l k uː l $,default,
psh_ai-Kinship-brother-1,,psh_ai,Kinship-brother,laːi,laːi,l aːi,,hindukush,,,^ l aːi $,default,
psh_ai-Kinship-sister-1,,psh_ai,Kinship-sister,saːjə,saːjə,s aː j ə,,hindukush,,,^ s aː j ə $,default,
psh_ai-Kinship-olderbrother-1,,psh_ai,Kinship-olderbrother,awlaː laːi,awlaː_laːi,a w l aː + l aːi,,hindukush,,,^ a w l aː _ l aːi $,default,
psh_ai-Kinship-youngerbrother-1,,psh_ai,Kinship-youngerbrother,lawuːk laːi,lawuːk_laːi,l a w uː k + l aːi,,hindukush,,,^ l a w uː k _ l aːi $,default,
psh_ai-Kinship-oldersister-1,,psh_ai,Kinship-oldersister,awliː saːjə,awliː_saːjə,a w l iː + s aː j ə,,hindukush,,,^ a w l iː _ s aː j ə $,default,
psh_ai-Kinship-youngersister-1,,psh_ai,Kinship-youngersister,lawt͡ʃa saːjə,lawt͡ʃa_saːjə,l a w tʃ a + s aː j ə,,hindukush,,,^ l a w t͡ʃ a _ s aː j ə $,default,
psh_ai-Kinship-fathersfather-1,,psh_ai,Kinship-fathersfather,awlaː baːbaː,awlaː_baːbaː,a w l aː + b aː b aː,,hindukush,,,^ a w l aː _ b aː b aː $,default,
psh_ai-Kinship-fathersmother-1,,psh_ai,Kinship-fathersmother,awliː aːji,awliː_aːji,a w l iː + aː j i,,hindukush,,,^ a w l iː _ aː j i $,default,
psh_ai-Kinship-mothersfather-1,,psh_ai,Kinship-mothersfather,buɖaː,buɖaː,b u ɖ aː,,hindukush,,,^ b u ɖ aː $,default,
psh_ai-Kinship-mothersmother-1,,psh_ai,Kinship-mothersmother,buɖiː,buɖiː,b u ɖ iː,,hindukush,,,^ b u ɖ iː $,default,
psh_ai-Kinship-sonsson-1,,psh_ai,Kinship-sonsson,nawaːi,nawaːi,n a w aːi,,hindukush,,,^ n a w aːi $,default,
psh_ai-Kinship-sonsdaughter-1,,psh_ai,Kinship-sonsdaughter,nətiː,nətiː,n ə t iː,,hindukush,,,^ n ə t iː $,default,
psh_ai-Kinship-daughtersson-1,,psh_ai,Kinship-daughtersson,nawaːi,nawaːi,n a w aːi,,hindukush,,,^ n a w aːi $,default,
psh_ai-Kinship-daughtersdaughter-1,,psh_ai,Kinship-daughtersdaughter,nətiː,nətiː,n ə t iː,,hindukush,,,^ n ə t iː $,default,
psh_ai-Kinship-fathersbrother-1,,psh_ai,Kinship-fathersbrother,mambuː,mambuː,m a m b uː,,hindukush,,,^ m a m b uː $,default,
psh_ai-Kinship-fathersolderbrother-1,,psh_ai,Kinship-fathersolderbrother,awlaː mambuː,awlaː_mambuː,a w l aː + m a m b uː,,hindukush,,,^ a w l aː _ m a m b uː $,default,
psh_ai-Kinship-fathersyoungerbrother-1,,psh_ai,Kinship-fathersyoungerbrother,lawuːk mambuː,lawuːk_mambuː,l a w uː k + m a m b uː,,hindukush,,,^ l a w uː k _ m a m b uː $,default,
psh_ai-Kinship-fatherssister-1,,psh_ai,Kinship-fatherssister,maːmbiː,maːmbiː,m aː m b iː,,hindukush,,,^ m aː m b iː $,default,
psh_ai-Kinship-fathersoldersister-1,,psh_ai,Kinship-fathersoldersister,awliː maːmbiː,awliː_maːmbiː,a w l iː + m aː m b iː,,hindukush,,,^ a w l iː _ m aː m b iː $,default,
psh_ai-Kinship-fathersyoungersister-1,,psh_ai,Kinship-fathersyoungersister,lawt͡ʃa maːmbiː,lawt͡ʃa_maːmbiː,l a w tʃ a + m aː m b iː,,hindukush,,,^ l a w t͡ʃ a _ m aː m b iː $,default,
psh_ai-Kinship-mothersbrother-1,,psh_ai,Kinship-mothersbrother,maːmaː,maːmaː,m aː m aː,,hindukush,,,^ m aː m aː $,default,
psh_ai-Kinship-mothersolderbrother-1,,psh_ai,Kinship-mothersolderbrother,awlaː maːmaː,awlaː_maːmaː,a w l aː + m aː m aː,,hindukush,,,^ a w l aː _ m aː m aː $,default,
psh_ai-Kinship-mothersyoungerbrother-1,,psh_ai,Kinship-mothersyoungerbrother,lawuːk maːmaː,lawuːk_maːmaː,l a w uː k + m aː m aː,,hindukush,,,^ l a w uː k _ m aː m aː $,default,
psh_ai-Kinship-motherssister-1,,psh_ai,Kinship-motherssister,maːmbiː,maːmbiː,m aː m b iː,,hindukush,,,^ m aː m b iː $,default,
psh_ai-Kinship-mothersoldersister-1,,psh_ai,Kinship-mothersoldersister,maːmbiː,maːmbiː,m aː m b iː,,hindukush,,,^ m aː m b iː $,default,
psh_ai-Kinship-mothersyoungersister-1,,psh_ai,Kinship-mothersyoungersister,maːmbiː,maːmbiː,m aː m b iː,,hindukush,,,^ m aː m b iː $,default,
psh_ai-Kinship-brothersson-1,,psh_ai,Kinship-brothersson,lawuːtr,lawuːtr,l a w uː t r,,hindukush,,,^ l a w uː t r $,default,
psh_ai-Kinship-brothersdaughter-1,,psh_ai,Kinship-brothersdaughter,laːi wijə,laːi_wijə,l aːi + w i j ə,,hindukush,,,^ l aːi _ w i j ə $,default,
psh_ai-Kinship-sistersson-1,,psh_ai,Kinship-sistersson,nawaːi,nawaːi,n a w aːi,,hindukush,,,^ n a w aːi $,default,
psh_ai-Kinship-sistersdaughter-1,,psh_ai,Kinship-sistersdaughter,nətiː,nətiː,n ə t iː,,hindukush,,,^ n ə t iː $,default,
psh_ai-Kinship-husband-1,,psh_ai,Kinship-husband,iʃpaːnd͡ʒ,iʃpaːnd͡ʒ,i ʃ p aː n dʒ,,hindukush,,,^ i ʃ p aː n d͡ʒ $,default,
psh_ai-Kinship-wife-1,,psh_ai,Kinship-wife,maːʃiː,maːʃiː,m aː ʃ iː,,hindukush,,,^ m aː ʃ iː $,default,
psh_ai-Kinship-fathersolderbrotherswife-1,,psh_ai,Kinship-fathersolderbrotherswife,awliː mambijaniː,awliː_mambijaniː,a w l iː + m a m b i j a n iː,,hindukush,,,^ a w l iː _ m a m b i j a n iː $,default,
psh_ai-Kinship-fathersyoungerbrotherswife-1,,psh_ai,Kinship-fathersyoungerbrotherswife,lawt͡ʃa mambijaniː,lawt͡ʃa_mambijaniː,l a w tʃ a + m a m b i j a n iː,,hindukush,,,^ l a w t͡ʃ a _ m a m b i j a n iː $,default,
psh_ai-Kinship-fatherssistershusband-1,,psh_ai,Kinship-fatherssistershusband,majmbaː,majmbaː,m a j m b aː,,hindukush,,,^ m a j m b aː $,default,
psh_ai-Kinship-mothersbrotherswife-1,,psh_ai,Kinship-mothersbrotherswife,mawlaːniː,mawlaːniː,m a w l aː n iː,,hindukush,,,^ m a w l aː n iː $,default,
psh_ai-Kinship-motherssistershusband-1,,psh_ai,Kinship-motherssistershusband,majmbaː,majmbaː,m a j m b aː,,hindukush,,,^ m a j m b aː $,default,
psh_ai-Kinship-sonswife-1,,psh_ai,Kinship-sonswife,suːnzə,suːnzə,s uː n z ə,,hindukush,,,^ s uː n z ə $,default,
psh_ai-Kinship-daughtershusband-1,,psh_ai,Kinship-daughtershusband,d͡ʒaːmaːi,d͡ʒaːmaːi,dʒ aː m aːi,,hindukush,,,^ d͡ʒ aː m aːi $,default,
psh_ai-Kinship-brotherswifemaleego-1,,psh_ai,Kinship-brotherswifemaleego,laːd͡ʒaː,laːd͡ʒaː,l aː dʒ aː,,hindukush,,,^ l aː d͡ʒ aː $,default,
psh_ai-Kinship-brotherswifefemaleego-1,,psh_ai,Kinship-brotherswifefemaleego,laːd͡ʒaː,laːd͡ʒaː,l aː dʒ aː,,hindukush,,,^ l aː d͡ʒ aː $,default,
psh_ai-Kinship-sistershusbandmaleego-1,,psh_ai,Kinship-sistershusbandmaleego,daːdaː,daːdaː,d aː d aː,,hindukush,,,^ d aː d aː $,default,
psh_ai-Kinship-sistershusbandfemaleego-1,,psh_ai,Kinship-sistershusbandfemaleego,daːdaː,daːdaː,d aː d aː,,hindukush,,,^ d aː d aː $,default,
psh_ai-Kinship-wifesfather-1,,psh_ai,Kinship-wifesfather,ʃəjiːr,ʃəjiːr,ʃ ə j iː r,,hindukush,,,^ ʃ ə j iː r $,default,
psh_ai-Kinship-wifesmother-1,,psh_ai,Kinship-wifesmother,ʃəjruː,ʃəjruː,ʃ ə j r uː,,hindukush,,,^ ʃ ə j r uː $,default,
psh_ai-Kinship-husbandsfather-1,,psh_ai,Kinship-husbandsfather,ʃəjiːr,ʃəjiːr,ʃ ə j iː r,,hindukush,,,^ ʃ ə j iː r $,default,
psh_ai-Kinship-husbandsmother-1,,psh_ai,Kinship-husbandsmother,ʃəjruː,ʃəjruː,ʃ ə j r uː,,hindukush,,,^ ʃ ə j r uː $,default,
psh_ai-Kinship-husbandsbrother-1,,psh_ai,Kinship-husbandsbrother,deːruː,deːruː,d eː r uː,,hindukush,,,^ d eː r uː $,default,
psh_ai-Kinship-husbandssister-1,,psh_ai,Kinship-husbandssister,d͡ʒaːmiː,d͡ʒaːmiː,dʒ aː m iː,,hindukush,,,^ d͡ʒ aː m iː $,default,
psh_ai-Kinship-wifesbrother-1,,psh_ai,Kinship-wifesbrother,iʃpaːriː,iʃpaːriː,i ʃ p aː r iː,,hindukush,,,^ i ʃ p aː r iː $,default,
psh_ai-Kinship-wifessister-1,,psh_ai,Kinship-wifessister,səjɑːniː,səjɑːniː,s ə j ɑː n iː,,hindukush,,,^ s ə j ɑː n iː $,default,
psh_ai-Kinship-husbandsbrotherswife-1,,psh_ai,Kinship-husbandsbrotherswife,bangijaniː,bangijaniː,b a n g i j a n iː,,hindukush,,,^ b a n g i j a n iː $,default,
psh_ai-Kinship-husbandssistershusband-1,,psh_ai,Kinship-husbandssistershusband,d͡ʒaːmi iʃpaːnd͡ʒ,d͡ʒaːmi_iʃpaːnd͡ʒ,dʒ aː m i + i ʃ p aː n dʒ,,hindukush,,,^ d͡ʒ aː m i _ i ʃ p aː n d͡ʒ $,default,
psh_ai-Kinship-wifesbrotherswife-1,,psh_ai,Kinship-wifesbrotherswife,iʃpaːriː maːʃiː,iʃpaːriː_maːʃiː,i ʃ p aː r iː + m aː ʃ iː,,hindukush,,,^ i ʃ p aː r iː _ m aː ʃ iː $,default,
psh_ai-Kinship-wifessistershusband-1,,psh_ai,Kinship-wifessistershusband,baːd͡ʒaː,baːd͡ʒaː,b aː dʒ aː,,hindukush,,,^ b aː d͡ʒ aː $,default,
psh_ai-Kinship-cowife-1,,psh_ai,Kinship-cowife,ambaːʁ,ambaːʁ,a m b aː ʁ,,hindukush,,,^ a m b aː ʁ $,default,
psh_ai-Kinship-sonswifesfather-1,,psh_ai,Kinship-sonswifesfather,χeːʃaːn,χeːʃaːn,χ eː ʃ aː n,,hindukush,,,^ χ eː ʃ aː n $,default,
psh_ai-Kinship-sonswifesmother-1,,psh_ai,Kinship-sonswifesmother,quduː,quduː,q u d uː,,hindukush,,,^ q u d uː $,default,
psh_ai-Kinship-daughtershusbandsfather-1,,psh_ai,Kinship-daughtershusbandsfather,quduː,quduː,q u d uː,,hindukush,,,^ q u d uː $,default,
psh_ai-Kinship-daughtershusbandsmother-1,,psh_ai,Kinship-daughtershusbandsmother,quduː,quduː,q u d uː,,hindukush,,,^ q u d uː $,default,
psh_ai-Kinship-stepsisternosharedparent-1,,psh_ai,Kinship-stepsisternosharedparent,awar saːjə,awar_saːjə,a w a r + s aː j ə,,hindukush,,,^ a w a r _ s aː j ə $,default,
psh_ai-Kinship-stepbrothernosharedparent-1,,psh_ai,Kinship-stepbrothernosharedparent,awar laːi,awar_laːi,a w a r + l aːi,,hindukush,,,^ a w a r _ l aːi $,default,
psh_ai-Kinship-stepmother-1,,psh_ai,Kinship-stepmother,awar aːjə,awar_aːjə,a w a r + aː j ə,,hindukush,,,^ a w a r _ aː j ə $,default,
psh_ai-Kinship-stepfather-1,,psh_ai,Kinship-stepfather,awar baːw,awar_baːw,a w a r + b aː w,,hindukush,,,^ a w a r _ b aː w $,default,
psh_ai-Kinship-stepson-1,,psh_ai,Kinship-stepson,awar puːtr,awar_puːtr,a w a r + p uː t r,,hindukush,,,^ a w a r _ p uː t r $,default,
psh_ai-Kinship-stepdaughter-1,,psh_ai,Kinship-stepdaughter,awar wijə,awar_wijə,a w a r + w i j ə,,hindukush,,,^ a w a r _ w i j ə $,default,
psh_ai-Kinship-fathersfathersfather-1,,psh_ai,Kinship-fathersfathersfather,kaʈaː,kaʈaː,k a ʈ aː,,hindukush,,,^ k a ʈ aː $,default,
psh_ai-Kinship-mothersmothersmother-1,,psh_ai,Kinship-mothersmothersmother,awliː buɖiː,awliː_buɖiː,a w l iː + b u ɖ iː,,hindukush,,,^ a w l iː _ b u ɖ iː $,default,
psh_ai-Kinship-forefather-1,,psh_ai,Kinship-forefather,naːwə nəbiːdaː,naːwə_nəbiːdaː,n aː w ə + n ə b iː d aː,,hindukush,,,^ n aː w ə _ n ə b iː d aː $,default,
psh_ai-Kinship-foremother-1,,psh_ai,Kinship-foremother,naːwə nəbiːdaː,naːwə_nəbiːdaː,n aː w ə + n ə b iː d aː,,hindukush,,,^ n aː w ə _ n ə b iː d aː $,default,
psh_ai-Kinship-fathersbrothersson-1,,psh_ai,Kinship-fathersbrothersson,mambuː puːtr,mambuː_puːtr,m a m b uː + p uː t r,,hindukush,,,^ m a m b uː _ p uː t r $,default,
psh_ai-Kinship-fathersbrothersdaughter-1,,psh_ai,Kinship-fathersbrothersdaughter,mambuː wijə,mambuː_wijə,m a m b uː + w i j ə,,hindukush,,,^ m a m b uː _ w i j ə $,default,
psh_ai-Kinship-fatherssistersson-1,,psh_ai,Kinship-fatherssistersson,mambiː puːtr,mambiː_puːtr,m a m b iː + p uː t r,,hindukush,,,^ m a m b iː _ p uː t r $,default,
psh_ai-Kinship-fatherssistersdaughter-1,,psh_ai,Kinship-fatherssistersdaughter,mambiː wijə,mambiː_wijə,m a m b iː + w i j ə,,hindukush,,,^ m a m b iː _ w i j ə $,default,
psh_ai-Kinship-mothersbrothersson-1,,psh_ai,Kinship-mothersbrothersson,maːmaː puːtr,maːmaː_puːtr,m aː m aː + p uː t r,,hindukush,,,^ m aː m aː _ p uː t r $,default,
psh_ai-Kinship-mothersbrothersdaughter-1,,psh_ai,Kinship-mothersbrothersdaughter,maːmaː wijə,maːmaː_wijə,m aː m aː + w i j ə,,hindukush,,,^ m aː m aː _ w i j ə $,default,
psh_ai-Kinship-motherssistersson-1,,psh_ai,Kinship-motherssistersson,mambiː puːtr,mambiː_puːtr,m a m b iː + p uː t r,,hindukush,,,^ m a m b iː _ p uː t r $,default,
psh_ai-Kinship-motherssistersdaughter-1,,psh_ai,Kinship-motherssistersdaughter,mambiː wijə,mambiː_wijə,m a m b iː + w i j ə,,hindukush,,,^ m a m b iː _ w i j ə $,default,
psh_ai-Kinship-relative-1,,psh_ai,Kinship-relative,χeːʃaːn,χeːʃaːn,χ eː ʃ aː n,,hindukush,,,^ χ eː ʃ aː n $,default,
psh_ai-Kinship-affinalrelative-1,,psh_ai,Kinship-affinalrelative,χeːʃaːn,χeːʃaːn,χ eː ʃ aː n,,hindukush,,,^ χ eː ʃ aː n $,default,
psh_ai-Kinship-bloodrelative-1,,psh_ai,Kinship-bloodrelative,aqaːreb,aqaːreb,a q aː r e b,,hindukush,,,^ a q aː r e b $,default,
psh_ai-Kinship-wifesrelatives-1,,psh_ai,Kinship-wifesrelatives,ʃəjəru kulaː,ʃəjəru_kulaː,ʃ ə j ə r u + k u l aː,,hindukush,,,^ ʃ ə j ə r u _ k u l aː $,default,
psh_ai-Kinship-headofhousehold-1,,psh_ai,Kinship-headofhousehold,sarparastə fɑːmiːl,sarparastə_fɑːmiːl,s a r p a r a s t ə + f ɑː m iː l,,hindukush,,,^ s a r p a r a s t ə _ f ɑː m iː l $,default,
psh_ai-Kinship-headofclan-1,,psh_ai,Kinship-headofclan,xəl daːɽiː,xəl_daːɽiː,x ə l + d aː ɽ iː,,hindukush,,,^ x ə l _ d aː ɽ iː $,default,
psh_ai-Kinship-headoftribe-1,,psh_ai,Kinship-headoftribe,malejk,malejk,m a l e j k,,hindukush,,,^ m a l e j k $,default,
psh_ai-Kinship-halfsistersamefatherdifferentmother-1,,psh_ai,Kinship-halfsistersamefatherdifferentmother,awar saːjə,awar_saːjə,a w a r + s aː j ə,,hindukush,,,^ a w a r _ s aː j ə $,default,
psh_ai-Kinship-halfbrothersamefatherdifferentmother-1,,psh_ai,Kinship-halfbrothersamefatherdifferentmother,awar laːi,awar_laːi,a w a r + l aːi,,hindukush,,,^ a w a r _ l aːi $,default,
psh_ai-Kinship-halfsistersamemotherdifferentfather-1,,psh_ai,Kinship-halfsistersamemotherdifferentfather,awar saːjə,awar_saːjə,a w a r + s aː j ə,,hindukush,,,^ a w a r _ s aː j ə $,default,
psh_ai-Kinship-halfbrothersamemotherdifferentfather-1,,psh_ai,Kinship-halfbrothersamemotherdifferentfather,awar laːi,awar_laːi,a w a r + l aːi,,hindukush,,,^ a w a r _ l aːi $,default,
psi_ar-Kinship-father-1,,psi_ar,Kinship-father,bwɑː,bwɑː,bʷ ɑː,,hindukush,,,^ bw ɑː $,default,
psi_ar-Kinship-mother-1,,psi_ar,Kinship-mother,ɑːi,ɑːi,ɑː i,,hindukush,,,^ ɑːi $,default,
psi_ar-Kinship-parent-1,,psi_ar,Kinship-parent,ɑːi ɑw bwɑː,ɑːi_ɑw_bwɑː,ɑː i + ɑ w + bʷ ɑː,,hindukush,,,^ ɑːi _ ɑ w _ bw ɑː $,default,
psi_ar-Kinship-son-1,,psi_ar,Kinship-son,uwejɑː,uwejɑː,u w e j ɑː,,hindukush,,,^ u w e j ɑː $,default,
psi_ar-Kinship-daughter-1,,psi_ar,Kinship-daughter,oːɖək,oːɖək,oː ɖ ə k,,hindukush,,,^ oː ɖ ə k $,default,
psi_ar-Kinship-ownchild-1,,psi_ar,Kinship-ownchild,t͡ʃənɖɑː,t͡ʃənɖɑː,tʃ ə n ɖ ɑː,,hindukush,,,^ t͡ʃ ə n ɖ ɑː $,default,
psi_ar-Kinship-brother-1,,psi_ar,Kinship-brother,lajɑːm,lajɑːm,l a j ɑː m,,hindukush,,,^ l a j ɑː m $,default,
psi_ar-Kinship-sister-1,,psi_ar,Kinship-sister,sajɑːm,sajɑːm,s a j ɑː m,,hindukush,,,^ s a j ɑː m $,default,
psi_ar-Kinship-olderbrother-1,,psi_ar,Kinship-olderbrother,gəɳ lajɑːm,gəɳ_lajɑːm,g ə ɳ + l a j ɑː m,,hindukush,,,^ g ə ɳ _ l a j ɑː m $,default,
psi_ar-Kinship-youngerbrother-1,,psi_ar,Kinship-youngerbrother,t͡ʃənɖɑː lajɑːm,t͡ʃənɖɑː_lajɑːm,tʃ ə n ɖ ɑː + l a j ɑː m,,hindukush,,,^ t͡ʃ ə n ɖ ɑː _ l a j ɑː m $,default,
psi_ar-Kinship-oldersister-1,,psi_ar,Kinship-oldersister,gəɳaniː sajaːeː,gəɳaniː_sajaːeː,g ə ɳ a n iː + s a j aː eː,,hindukush,,,^ g ə ɳ a n iː _ s a j aːeː $,default,
psi_ar-Kinship-youngersister-1,,psi_ar,Kinship-youngersister,t͡ʃənɖiː sajaːeː,t͡ʃənɖiː_sajaːeː,tʃ ə n ɖ iː + s a j aː eː,,hindukush,,,^ t͡ʃ ə n ɖ iː _ s a j aːeː $,default,
psi_ar-Kinship-fathersfather-1,,psi_ar,Kinship-fathersfather,bɽiːn bwɑː,bɽiːn_bwɑː,b ɽ iː n + bʷ ɑː,,hindukush,,,^ b ɽ iː n _ bw ɑː $,default,
psi_ar-Kinship-fathersmother-1,,psi_ar,Kinship-fathersmother,bɽən ɑːi,bɽən_ɑːi,b ɽ ə n + ɑː i,,hindukush,,,^ b ɽ ə n _ ɑːi $,default,
psi_ar-Kinship-mothersfather-1,,psi_ar,Kinship-mothersfather,bɽiːn bwɑː,bɽiːn_bwɑː,b ɽ iː n + bʷ ɑː,,hindukush,,,^ b ɽ iː n _ bw ɑː $,default,
psi_ar-Kinship-mothersmother-1,,psi_ar,Kinship-mothersmother,bɽən ɑːi,bɽən_ɑːi,b ɽ ə n + ɑː i,,hindukush,,,^ b ɽ ə n _ ɑːi $,default,
psi_ar-Kinship-sonsson-1,,psi_ar,Kinship-sonsson,masɑːm,masɑːm,m a s ɑː m,,hindukush,,,^ m a s ɑː m $,default,
psi_ar-Kinship-sonsdaughter-1,,psi_ar,Kinship-sonsdaughter,masɑːmiː,masɑːmiː,m a s ɑː m iː,,hindukush,,,^ m a s ɑː m iː $,default,
psi_ar-Kinship-daughtersson-1,,psi_ar,Kinship-daughtersson,masijɑːm,masijɑːm,m a s i j ɑː m,,hindukush,,,^ m a s i j ɑː m $,default,
psi_ar-Kinship-daughtersdaughter-1,,psi_ar,Kinship-daughtersdaughter,masijɑːmiː,masijɑːmiː,m a s i j ɑː m iː,,hindukush,,,^ m a s i j ɑː m iː $,default,
psi_ar-Kinship-fathersbrother-1,,psi_ar,Kinship-fathersbrother,kɑːkɑː,kɑːkɑː,k ɑː k ɑː,,hindukush,,,^ k ɑː k ɑː $,default,
psi_ar-Kinship-fathersolderbrother-1,,psi_ar,Kinship-fathersolderbrother,ɖiʃʈɑː kɑːkɑː,ɖiʃʈɑː_kɑːkɑː,ɖ i ʃ ʈ ɑː + k ɑː k ɑː,,hindukush,,,^ ɖ i ʃ ʈ ɑː _ k ɑː k ɑː $,default,
psi_ar-Kinship-fathersyoungerbrother-1,,psi_ar,Kinship-fathersyoungerbrother,kaniʃʈɑː kɑːkɑː,kaniʃʈɑː_kɑːkɑː,k a n i ʃ ʈ ɑː + k ɑː k ɑː,,hindukush,,,^ k a n i ʃ ʈ ɑː _ k ɑː k ɑː $,default,
psi_ar-Kinship-fatherssister-1,,psi_ar,Kinship-fatherssister,mɑːmoː,mɑːmoː,m ɑː m oː,,hindukush,,,^ m ɑː m oː $,default,
psi_ar-Kinship-fathersoldersister-1,,psi_ar,Kinship-fathersoldersister,ɖiʃʈiː mɑːmoː,ɖiʃʈiː_mɑːmoː,ɖ i ʃ ʈ iː + m ɑː m oː,,hindukush,,,^ ɖ i ʃ ʈ iː _ m ɑː m oː $,default,
psi_ar-Kinship-fathersyoungersister-1,,psi_ar,Kinship-fathersyoungersister,t͡ʃənɖiː mɑːmoː,t͡ʃənɖiː_mɑːmoː,tʃ ə n ɖ iː + m ɑː m oː,,hindukush,,,^ t͡ʃ ə n ɖ iː _ m ɑː m oː $,default,
psi_ar-Kinship-mothersbrother-1,,psi_ar,Kinship-mothersbrother,"mɑːmɑː, mɑːwu",mɑːmɑː,m ɑː m ɑː,,hindukush,,,^ m ɑː m ɑː $,default,
psi_ar-Kinship-mothersbrother-2,,psi_ar,Kinship-mothersbrother,"mɑːmɑː, mɑːwu",mɑːwu,m ɑː w u,,hindukush,,,^ m ɑː w u $,default,
psi_ar-Kinship-mothersolderbrother-1,,psi_ar,Kinship-mothersolderbrother,gəɳijana mɑːwu,gəɳijana_mɑːwu,g ə ɳ i j a n a + m ɑː w u,,hindukush,,,^ g ə ɳ i j a n a _ m ɑː w u $,default,
psi_ar-Kinship-mothersyoungerbrother-1,,psi_ar,Kinship-mothersyoungerbrother,t͡ʃənɖɑː mɑːwu,t͡ʃənɖɑː_mɑːwu,tʃ ə n ɖ ɑː + m ɑː w u,,hindukush,,,^ t͡ʃ ə n ɖ ɑː _ m ɑː w u $,default,
psi_ar-Kinship-motherssister-1,,psi_ar,Kinship-motherssister,mɑːmoː,mɑːmoː,m ɑː m oː,,hindukush,,,^ m ɑː m oː $,default,
psi_ar-Kinship-mothersoldersister-1,,psi_ar,Kinship-mothersoldersister,ɖiʃʈiː mɑːmoː,ɖiʃʈiː_mɑːmoː,ɖ i ʃ ʈ iː + m ɑː m oː,,hindukush,,,^ ɖ i ʃ ʈ iː _ m ɑː m oː $,default,
psi_ar-Kinship-mothersyoungersister-1,,psi_ar,Kinship-mothersyoungersister,t͡ʃənɖiː mɑːmoː,t͡ʃənɖiː_mɑːmoː,tʃ ə n ɖ iː + m ɑː m oː,,hindukush,,,^ t͡ʃ ə n ɖ iː _ m ɑː m oː $,default,
psi_ar-Kinship-brothersson-1,,psi_ar,Kinship-brothersson,laeːstam oːjeː,laeːstam_oːjeː,l a eː s t a m + oː j eː,,hindukush,,,^ l aeː s t a m _ oː j eː $,default,
psi_ar-Kinship-brothersdaughter-1,,psi_ar,Kinship-brothersdaughter,laeːstam oːjə,laeːstam_oːjə,l a eː s t a m + oː j ə,,hindukush,,,^ l aeː s t a m _ oː j ə $,default,
psi_ar-Kinship-sistersson-1,,psi_ar,Kinship-sistersson,saeːstam oːjeː,saeːstam_oːjeː,s a eː s t a m + oː j eː,,hindukush,,,^ s aeː s t a m _ oː j eː $,default,
psi_ar-Kinship-sistersdaughter-1,,psi_ar,Kinship-sistersdaughter,saeːstam oːjə,saeːstam_oːjə,s a eː s t a m + oː j ə,,hindukush,,,^ s aeː s t a m _ oː j ə $,default,
psi_ar-Kinship-husband-1,,psi_ar,Kinship-husband,pɑːnd͡ʒ,pɑːnd͡ʒ,p ɑː n dʒ,,hindukush,,,^ p ɑː n d͡ʒ $,default,
psi_ar-Kinship-wife-1,,psi_ar,Kinship-wife,zajbam,zajbam,z a j b a m,,hindukush,,,^ z a j b a m $,default,
psi_ar-Kinship-fathersolderbrotherswife-1,,psi_ar,Kinship-fathersolderbrotherswife,ɖiʃʈɑː kɑːkɑːstam zajbiː,ɖiʃʈɑː_kɑːkɑːstam_zajbiː,ɖ i ʃ ʈ ɑː + k ɑː k ɑː s t a m + z a j b iː,,hindukush,,,^ ɖ i ʃ ʈ ɑː _ k ɑː k ɑː s t a m _ z a j b iː $,default,
psi_ar-Kinship-fathersyoungerbrotherswife-1,,psi_ar,Kinship-fathersyoungerbrotherswife,t͡ʃənɖɑː kɑːkɑːstam zajbiː,t͡ʃənɖɑː_kɑːkɑːstam_zajbiː,tʃ ə n ɖ ɑː + k ɑː k ɑː s t a m + z a j b iː,,hindukush,,,^ t͡ʃ ə n ɖ ɑː _ k ɑː k ɑː s t a m _ z a j b iː $,default,
psi_ar-Kinship-fatherssistershusband-1,,psi_ar,Kinship-fatherssistershusband,mɑːmoːestam pɑːnd͡ʒə,mɑːmoːestam_pɑːnd͡ʒə,m ɑː m oː e s t a m + p ɑː n dʒ ə,,hindukush,,,^ m ɑː m oːe s t a m _ p ɑː n d͡ʒ ə $,default,
psi_ar-Kinship-mothersbrotherswife-1,,psi_ar,Kinship-mothersbrotherswife,mɑːmɑːestam zajbiː,mɑːmɑːestam_zajbiː,m ɑː m ɑː e s t a m + z a j b iː,,hindukush,,,^ m ɑː m ɑːe s t a m _ z a j b iː $,default,
psi_ar-Kinship-motherssistershusband-1,,psi_ar,Kinship-motherssistershusband,mɑːwistam pɑːnd͡ʒə,mɑːwistam_pɑːnd͡ʒə,m ɑː w i s t a m + p ɑː n dʒ ə,,hindukush,,,^ m ɑː w i s t a m _ p ɑː n d͡ʒ ə $,default,
psi_ar-Kinship-sonswife-1,,psi_ar,Kinship-sonswife,laeːstam zajbiː,laeːstam_zajbiː,l a eː s t a m + z a j b iː,,hindukush,,,^ l aeː s t a m _ z a j b iː $,default,
psi_ar-Kinship-daughtershusband-1,,psi_ar,Kinship-daughtershusband,d͡ʒɑːmajɑː,d͡ʒɑːmajɑː,dʒ ɑː m a j ɑː,,hindukush,,,^ d͡ʒ ɑː m a j ɑː $,default,
psi_ar-Kinship-brotherswifemaleego-1,,psi_ar,Kinship-brotherswifemaleego,"wəreːndɑːrə, laeːstam zajbiː",wəreːndɑːrə,w ə r eː n d ɑː r ə,,hindukush,,,^ w ə r eː n d ɑː r ə $,default,
psi_ar-Kinship-brotherswifemaleego-2,,psi_ar,Kinship-brotherswifemaleego,"wəreːndɑːrə, laeːstam zajbiː",laeːstam_zajbiː,l a eː s t a m + z a j b iː,,hindukush,,,^ l aeː s t a m _ z a j b iː $,default,
psi_ar-Kinship-brotherswifefemaleego-1,,psi_ar,Kinship-brotherswifefemaleego,"wəreːndɑːrə, saeːstam laːestə zajbiː",wəreːndɑːrə,w ə r eː n d ɑː r ə,,hindukush,,,^ w ə r eː n d ɑː r ə $,default,
psi_ar-Kinship-brotherswifefemaleego-2,,psi_ar,Kinship-brotherswifefemaleego,"wəreːndɑːrə, saeːstam laːestə zajbiː",saeːstam_laːestə_zajbiː,s a eː s t a m + l aː e s t ə + z a j b iː,,hindukush,,,^ s aeː s t a m _ l aːe s t ə _ z a j b iː $,default,
psi_ar-Kinship-sistershusbandmaleego-1,,psi_ar,Kinship-sistershusbandmaleego,d͡ʒɑːmajɑː,d͡ʒɑːmajɑː,dʒ ɑː m a j ɑː,,hindukush,,,^ d͡ʒ ɑː m a j ɑː $,default,
psi_ar-Kinship-sistershusbandfemaleego-1,,psi_ar,Kinship-sistershusbandfemaleego,saeːstam pɑːnd͡ʒə,saeːstam_pɑːnd͡ʒə,s a eː s t a m + p ɑː n dʒ ə,,hindukush,,,^ s aeː s t a m _ p ɑː n d͡ʒ ə $,default,
psi_ar-Kinship-wifesfather-1,,psi_ar,Kinship-wifesfather,sansərɑː,sansərɑː,s a n s ə r ɑː,,hindukush,,,^ s a ns ə r ɑː $,default,
psi_ar-Kinship-wifesmother-1,,psi_ar,Kinship-wifesmother,sansəriː,sansəriː,s a n s ə r iː,,hindukush,,,^ s a ns ə r iː $,default,
psi_ar-Kinship-husbandsfather-1,,psi_ar,Kinship-husbandsfather,sansərɑː,sansərɑː,s a n s ə r ɑː,,hindukush,,,^ s a ns ə r ɑː $,default,
psi_ar-Kinship-husbandsmother-1,,psi_ar,Kinship-husbandsmother,sansəriː,sansəriː,s a n s ə r iː,,hindukush,,,^ s a ns ə r iː $,default,
psi_ar-Kinship-husbandsbrother-1,,psi_ar,Kinship-husbandsbrother,leːwar,leːwar,l eː w a r,,hindukush,,,^ l eː w a r $,default,
psi_ar-Kinship-husbandssister-1,,psi_ar,Kinship-husbandssister,pɑːnd͡ʒəstam sajeː,pɑːnd͡ʒəstam_sajeː,p ɑː n dʒ ə s t a m + s a j eː,,hindukush,,,^ p ɑː n d͡ʒ ə s t a m _ s a j eː $,default,
psi_ar-Kinship-wifesbrother-1,,psi_ar,Kinship-wifesbrother,pijɑːriː,pijɑːriː,p i j ɑː r iː,,hindukush,,,^ p i j ɑː r iː $,default,
psi_ar-Kinship-wifessister-1,,psi_ar,Kinship-wifessister,sajɑːniː,sajɑːniː,s a j ɑː n iː,,hindukush,,,^ s a j ɑː n iː $,default,
psi_ar-Kinship-husbandsbrotherswife-1,,psi_ar,Kinship-husbandsbrotherswife,laeːstam zajbiː,laeːstam_zajbiː,l a eː s t a m + z a j b iː,,hindukush,,,^ l aeː s t a m _ z a j b iː $,default,
psi_ar-Kinship-husbandssistershusband-1,,psi_ar,Kinship-husbandssistershusband,bɑːd͡ʒɑː,bɑːd͡ʒɑː,b ɑː dʒ ɑː,,hindukush,,,^ b ɑː d͡ʒ ɑː $,default,
psi_ar-Kinship-wifesbrotherswife-1,,psi_ar,Kinship-wifesbrotherswife,pijɑːriː zajbiː,pijɑːriː_zajbiː,p i j ɑː r iː + z a j b iː,,hindukush,,,^ p i j ɑː r iː _ z a j b iː $,default,
psi_ar-Kinship-wifessistershusband-1,,psi_ar,Kinship-wifessistershusband,bɑːd͡ʒɑː,bɑːd͡ʒɑː,b ɑː dʒ ɑː,,hindukush,,,^ b ɑː d͡ʒ ɑː $,default,
psi_ar-Kinship-cowife-1,,psi_ar,Kinship-cowife,amak,amak,a m a k,,hindukush,,,^ a m a k $,default,
psi_ar-Kinship-sonswifesfather-1,,psi_ar,Kinship-sonswifesfather,"sansara guliː, dustɑːn",sansara_guliː,s a n s a r a + g u l iː,,hindukush,,,^ s a ns a r a _ g u l iː $,default,
psi_ar-Kinship-sonswifesfather-2,,psi_ar,Kinship-sonswifesfather,"sansara guliː, dustɑːn",dustɑːn,d u s t ɑː n,,hindukush,,,^ d u s t ɑː n $,default,
psi_ar-Kinship-sonswifesmother-1,,psi_ar,Kinship-sonswifesmother,uwestɑː zabiː ɑːjeː,uwestɑː_zabiː_ɑːjeː,u w e s t ɑː + z a b iː + ɑː j eː,,hindukush,,,^ u w e s t ɑː _ z a b iː _ ɑː j eː $,default,
psi_ar-Kinship-daughtershusbandsfather-1,,psi_ar,Kinship-daughtershusbandsfather,uwestiː sansərɑː,uwestiː_sansərɑː,u w e s t iː + s a n s ə r ɑː,,hindukush,,,^ u w e s t iː _ s a ns ə r ɑː $,default,
psi_ar-Kinship-daughtershusbandsmother-1,,psi_ar,Kinship-daughtershusbandsmother,uwestiː sansəriː,uwestiː_sansəriː,u w e s t iː + s a n s ə r iː,,hindukush,,,^ u w e s t iː _ s a ns ə r iː $,default,
psi_ar-Kinship-stepsisternosharedparent-1,,psi_ar,Kinship-stepsisternosharedparent,awar oːjɖək ɑːw awar oːjɑː,awar_oːjɖək_ɑːw_awar_oːjɑː,a w a r + oː j ɖ ə k + ɑː w + a w a r + oː j ɑː,,hindukush,,,^ a w a r _ oː j ɖ ə k _ ɑː w _ a w a r _ oː j ɑː $,default,
psi_ar-Kinship-stepbrothernosharedparent-1,,psi_ar,Kinship-stepbrothernosharedparent,awar oːjɑː,awar_oːjɑː,a w a r + oː j ɑː,,hindukush,,,^ a w a r _ oː j ɑː $,default,
psi_ar-Kinship-stepmother-1,,psi_ar,Kinship-stepmother,awar ɑːi,awar_ɑːi,a w a r + ɑː i,,hindukush,,,^ a w a r _ ɑːi $,default,
psi_ar-Kinship-stepfather-1,,psi_ar,Kinship-stepfather,bwɑː tarafeː oːjɑː,bwɑː_tarafeː_oːjɑː,bʷ ɑː + t a r a f eː + oː j ɑː,,hindukush,,,^ bw ɑː _ t a r a f eː _ oː j ɑː $,default,
psi_ar-Kinship-stepson-1,,psi_ar,Kinship-stepson,bwɑːst oːɽɑː,bwɑːst_oːɽɑː,bʷ ɑː s t + oː ɽ ɑː,,hindukush,,,^ bw ɑː s t _ oː ɽ ɑː $,default,
psi_ar-Kinship-stepdaughter-1,,psi_ar,Kinship-stepdaughter,bwɑːst oːjɖək,bwɑːst_oːjɖək,bʷ ɑː s t + oː j ɖ ə k,,hindukush,,,^ bw ɑː s t _ oː j ɖ ə k $,default,
psi_ar-Kinship-fathersfathersfather-1,,psi_ar,Kinship-fathersfathersfather,bɽiːn bwɑː,bɽiːn_bwɑː,b ɽ iː n + bʷ ɑː,,hindukush,,,^ b ɽ iː n _ bw ɑː $,default,
psi_ar-Kinship-mothersmothersmother-1,,psi_ar,Kinship-mothersmothersmother,bɽən ɑːi,bɽən_ɑːi,b ɽ ə n + ɑː i,,hindukush,,,^ b ɽ ə n _ ɑːi $,default,
psi_ar-Kinship-forefather-1,,psi_ar,Kinship-forefather,bɽiːn bɑːbɑː,bɽiːn_bɑːbɑː,b ɽ iː n + b ɑː b ɑː,,hindukush,,,^ b ɽ iː n _ b ɑː b ɑː $,default,
psi_ar-Kinship-foremother-1,,psi_ar,Kinship-foremother,bɽiːn bɑːbɑː,bɽiːn_bɑːbɑː,b ɽ iː n + b ɑː b ɑː,,hindukush,,,^ b ɽ iː n _ b ɑː b ɑː $,default,
psi_ar-Kinship-fathersbrothersson-1,,psi_ar,Kinship-fathersbrothersson,kɑːkɑː oːjɑː,kɑːkɑː_oːjɑː,k ɑː k ɑː + oː j ɑː,,hindukush,,,^ k ɑː k ɑː _ oː j ɑː $,default,
psi_ar-Kinship-fathersbrothersdaughter-1,,psi_ar,Kinship-fathersbrothersdaughter,kɑːkɑː oːjɖək,kɑːkɑː_oːjɖək,k ɑː k ɑː + oː j ɖ ə k,,hindukush,,,^ k ɑː k ɑː _ oː j ɖ ə k $,default,
psi_ar-Kinship-fatherssistersson-1,,psi_ar,Kinship-fatherssistersson,nawaje,nawaje,n a w a j e,,hindukush,,,^ n a w a j e $,default,
psi_ar-Kinship-fatherssistersdaughter-1,,psi_ar,Kinship-fatherssistersdaughter,nadək,nadək,n a d ə k,,hindukush,,,^ n a d ə k $,default,
psi_ar-Kinship-mothersbrothersson-1,,psi_ar,Kinship-mothersbrothersson,mɑːmɑː oːjɑː,mɑːmɑː_oːjɑː,m ɑː m ɑː + oː j ɑː,,hindukush,,,^ m ɑː m ɑː _ oː j ɑː $,default,
psi_ar-Kinship-mothersbrothersdaughter-1,,psi_ar,Kinship-mothersbrothersdaughter,mɑːmɑː oːjɖək,mɑːmɑː_oːjɖək,m ɑː m ɑː + oː j ɖ ə k,,hindukush,,,^ m ɑː m ɑː _ oː j ɖ ə k $,default,
psi_ar-Kinship-motherssistersson-1,,psi_ar,Kinship-motherssistersson,mɑːmiː oːjɑː,mɑːmiː_oːjɑː,m ɑː m iː + oː j ɑː,,hindukush,,,^ m ɑː m iː _ oː j ɑː $,default,
psi_ar-Kinship-motherssistersdaughter-1,,psi_ar,Kinship-motherssistersdaughter,mɑːmoː oːiː,mɑːmoː_oːiː,m ɑː m oː + oː iː,,hindukush,,,^ m ɑː m oː _ oːiː $,default,
psi_ar-Kinship-relative-1,,psi_ar,Kinship-relative,tɑːnuk χalak,tɑːnuk_χalak,t ɑː n u k + χ a l a k,,hindukush,,,^ t ɑː n u k _ χ a l a k $,default,
psi_ar-Kinship-affinalrelative-1,,psi_ar,Kinship-affinalrelative,"χeːχɑːn, dustɑːn",χeːχɑːn,χ eː χ ɑː n,,hindukush,,,^ χ eː χ ɑː n $,default,
psi_ar-Kinship-affinalrelative-2,,psi_ar,Kinship-affinalrelative,"χeːχɑːn, dustɑːn",dustɑːn,d u s t ɑː n,,hindukush,,,^ d u s t ɑː n $,default,
psi_ar-Kinship-bloodrelative-1,,psi_ar,Kinship-bloodrelative,anʈi liː,anʈi_liː,a n ʈ i + l iː,,hindukush,,,^ a n ʈ i _ l iː $,default,
psi_ar-Kinship-wifesrelatives-1,,psi_ar,Kinship-wifesrelatives,sansərɑː guliː,sansərɑː_guliː,s a n s ə r ɑː + g u l iː,,hindukush,,,^ s a ns ə r ɑː _ g u l iː $,default,
psi_ar-Kinship-headofhousehold-1,,psi_ar,Kinship-headofhousehold,guʃəne ɖiʃʈɑː,guʃəne_ɖiʃʈɑː,g u ʃ ə n e + ɖ i ʃ ʈ ɑː,,hindukush,,,^ g u ʃ ə n e _ ɖ i ʃ ʈ ɑː $,default,
psi_ar-Kinship-headofclan-1,,psi_ar,Kinship-headofclan,"malək, qawmiː ɖiʃʈɑː",malək,m a l ə k,,hindukush,,,^ m a l ə k $,default,
psi_ar-Kinship-headofclan-2,,psi_ar,Kinship-headofclan,"malək, qawmiː ɖiʃʈɑː",qawmiː_ɖiʃʈɑː,q a w m iː + ɖ i ʃ ʈ ɑː,,hindukush,,,^ q a w m iː _ ɖ i ʃ ʈ ɑː $,default,
psi_ar-Kinship-headoftribe-1,,psi_ar,Kinship-headoftribe,qabiːlɑː ɖiʃʈɑː,qabiːlɑː_ɖiʃʈɑː,q a b iː l ɑː + ɖ i ʃ ʈ ɑː,,hindukush,,,^ q a b iː l ɑː _ ɖ i ʃ ʈ ɑː $,default,
psi_ar-Kinship-halfsistersamefatherdifferentmother-1,,psi_ar,Kinship-halfsistersamefatherdifferentmother,awar oːjɑː oːjɖək,awar_oːjɑː_oːjɖək,a w a r + oː j ɑː + oː j ɖ ə k,,hindukush,,,^ a w a r _ oː j ɑː _ oː j ɖ ə k $,default,
psi_ar-Kinship-halfbrothersamefatherdifferentmother-1,,psi_ar,Kinship-halfbrothersamefatherdifferentmother,awar oːjɑː,awar_oːjɑː,a w a r + oː j ɑː,,hindukush,,,^ a w a r _ oː j ɑː $,default,
psi_ar-Kinship-halfsistersamemotherdifferentfather-1,,psi_ar,Kinship-halfsistersamemotherdifferentfather,awar oːiː sajə,awar_oːiː_sajə,a w a r + oː iː + s a j ə,,hindukush,,,^ a w a r _ oːiː _ s a j ə $,default,
psi_ar-Kinship-halfbrothersamemotherdifferentfather-1,,psi_ar,Kinship-halfbrothersamemotherdifferentfather,awar laeː,awar_laeː,a w a r + l a eː,,hindukush,,,^ a w a r _ l aeː $,default,
glh_ag-Kinship-father-1,,glh_ag,Kinship-father,"baːwa, daːda, aːʁa, baːbo",baːwa,b aː w a,,hindukush,,,^ b aː w a $,default,
glh_ag-Kinship-father-2,,glh_ag,Kinship-father,"baːwa, daːda, aːʁa, baːbo",daːda,d aː d a,,hindukush,,,^ d aː d a $,default,
glh_ag-Kinship-father-3,,glh_ag,Kinship-father,"baːwa, daːda, aːʁa, baːbo",aːʁa,aː ʁ a,,hindukush,,,^ aː ʁ a $,default,
glh_ag-Kinship-father-4,,glh_ag,Kinship-father,"baːwa, daːda, aːʁa, baːbo",baːbo,b aː b o,,hindukush,,,^ b aː b o $,default,
glh_ag-Kinship-mother-1,,glh_ag,Kinship-mother,aːi,aːi,aːi,,hindukush,,,^ aːi $,default,
glh_ag-Kinship-son-1,,glh_ag,Kinship-son,"pujtər, pətreːm",pujtər,p u j t ə r,,hindukush,,,^ p u j t ə r $,default,
glh_ag-Kinship-son-2,,glh_ag,Kinship-son,"pujtər, pətreːm",pətreːm,p ə t r eː m,,hindukush,,,^ p ə t r eː m $,default,
glh_ag-Kinship-daughter-1,,glh_ag,Kinship-daughter,weːm,weːm,w eː m,,hindukush,,,^ w eː m $,default,
glh_ag-Kinship-ownchild-1,,glh_ag,Kinship-ownchild,baːɽo,baːɽo,b aː ɽ o,,hindukush,,,^ b aː ɽ o $,default,
glh_ag-Kinship-brother-1,,glh_ag,Kinship-brother,laːem,laːem,l aː e m,,hindukush,,,^ l aːe m $,default,
glh_ag-Kinship-sister-1,,glh_ag,Kinship-sister,saːem,saːem,s aː e m,,hindukush,,,^ s aːe m $,default,
glh_ag-Kinship-olderbrother-1,,glh_ag,Kinship-olderbrother,"ɑːlu, məʃər laːem",ɑːlu,ɑː l u,,hindukush,,,^ ɑː l u $,default,
glh_ag-Kinship-olderbrother-2,,glh_ag,Kinship-olderbrother,"ɑːlu, məʃər laːem",məʃər_laːem,m ə ʃ ə r + l aː e m,,hindukush,,,^ m ə ʃ ə r _ l aːe m $,default,
glh_ag-Kinship-youngerbrother-1,,glh_ag,Kinship-youngerbrother,"saɽaːko, kəʃər laːem",saɽaːko,s a ɽ aː k o,,hindukush,,,^ s a ɽ aː k o $,default,
glh_ag-Kinship-youngerbrother-2,,glh_ag,Kinship-youngerbrother,"saɽaːko, kəʃər laːem",kəʃər_laːem,k ə ʃ ə r + l aː e m,,hindukush,,,^ k ə ʃ ə r _ l aːe m $,default,
glh_ag-Kinship-oldersister-1,,glh_ag,Kinship-oldersister,"ɑːlu, məʃər saːem",ɑːlu,ɑː l u,,hindukush,,,^ ɑː l u $,default,
glh_ag-Kinship-oldersister-2,,glh_ag,Kinship-oldersister,"ɑːlu, məʃər saːem",məʃər_saːem,m ə ʃ ə r + s aː e m,,hindukush,,,^ m ə ʃ ə r _ s aːe m $,default,
glh_ag-Kinship-youngersister-1,,glh_ag,Kinship-youngersister,"saɽaːki, kəʃər saːem",saɽaːki,s a ɽ aː k i,,hindukush,,,^ s a ɽ aː k i $,default,
glh_ag-Kinship-youngersister-2,,glh_ag,Kinship-youngersister,"saɽaːki, kəʃər saːem",kəʃər_saːem,k ə ʃ ə r + s aː e m,,hindukush,,,^ k ə ʃ ə r _ s aːe m $,default,
glh_ag-Kinship-fathersfather-1,,glh_ag,Kinship-fathersfather,"baːba, baːwa, bəɖən baːwa",baːba,b aː b a,,hindukush,,,^ b aː b a $,default,
glh_ag-Kinship-fathersfather-2,,glh_ag,Kinship-fathersfather,"baːba, baːwa, bəɖən baːwa",baːwa,b aː w a,,hindukush,,,^ b aː w a $,default,
glh_ag-Kinship-fathersfather-3,,glh_ag,Kinship-fathersfather,"baːba, baːwa, bəɖən baːwa",bəɖən_baːwa,b ə ɖ ə n + b aː w a,,hindukush,,,^ b ə ɖ ə n _ b aː w a $,default,
glh_ag-Kinship-fathersmother-1,,glh_ag,Kinship-fathersmother,"bəɖənlaːi, aːi",bəɖənlaːi,b ə ɖ ə n l aːi,,hindukush,,,^ b ə ɖ ə n l aːi $,default,
glh_ag-Kinship-fathersmother-2,,glh_ag,Kinship-fathersmother,"bəɖənlaːi, aːi",aːi,aːi,,hindukush,,,^ aːi $,default,
glh_ag-Kinship-mothersfather-1,,glh_ag,Kinship-mothersfather,bəɖən baːwa,bəɖən_baːwa,b ə ɖ ə n + b aː w a,,hindukush,,,^ b ə ɖ ə n _ b aː w a $,default,
glh_ag-Kinship-mothersmother-1,,glh_ag,Kinship-mothersmother,aːkane bəɖənlaːi,aːkane_bəɖənlaːi,aː k a n e + b ə ɖ ə n l aːi,,hindukush,,,^ aː k a n e _ b ə ɖ ə n l aːi $,default,
glh_ag-Kinship-sonsson-1,,glh_ag,Kinship-sonsson,nawaːem,nawaːem,n a w aː e m,,hindukush,,,^ n a w aːe m $,default,
glh_ag-Kinship-sonsdaughter-1,,glh_ag,Kinship-sonsdaughter,natiːm,natiːm,n a t iː m,,hindukush,,,^ n a t iː m $,default,
glh_ag-Kinship-daughtersson-1,,glh_ag,Kinship-daughtersson,nawaːem,nawaːem,n a w aː e m,,hindukush,,,^ n a w aːe m $,default,
glh_ag-Kinship-daughtersdaughter-1,,glh_ag,Kinship-daughtersdaughter,natiːm,natiːm,n a t iː m,,hindukush,,,^ n a t iː m $,default,
glh_ag-Kinship-fathersbrother-1,,glh_ag,Kinship-fathersbrother,kaːka,kaːka,k aː k a,,hindukush,,,^ k aː k a $,default,
glh_ag-Kinship-fathersolderbrother-1,,glh_ag,Kinship-fathersolderbrother,"ɑːlu, məʃər kaːka",ɑːlu,ɑː l u,,hindukush,,,^ ɑː l u $,default,
glh_ag-Kinship-fathersolderbrother-2,,glh_ag,Kinship-fathersolderbrother,"ɑːlu, məʃər kaːka",məʃər_kaːka,m ə ʃ ə r + k aː k a,,hindukush,,,^ m ə ʃ ə r _ k aː k a $,default,
glh_ag-Kinship-fathersyoungerbrother-1,,glh_ag,Kinship-fathersyoungerbrother,saɽaːko kaːka,saɽaːko_kaːka,s a ɽ aː k o + k aː k a,,hindukush,,,^ s a ɽ aː k o _ k aː k a $,default,
glh_ag-Kinship-fatherssister-1,,glh_ag,Kinship-fatherssister,"maːnbi, ama",maːnbi,m aː n b i,,hindukush,,,^ m aː n b i $,default,
glh_ag-Kinship-fatherssister-2,,glh_ag,Kinship-fatherssister,"maːnbi, ama",ama,a m a,,hindukush,,,^ a m a $,default,
glh_ag-Kinship-fathersoldersister-1,,glh_ag,Kinship-fathersoldersister,"ɑːlu, məʃər maːnbi, ama",ɑːlu,ɑː l u,,hindukush,,,^ ɑː l u $,default,
glh_ag-Kinship-fathersoldersister-2,,glh_ag,Kinship-fathersoldersister,"ɑːlu, məʃər maːnbi, ama",məʃər_maːnbi,m ə ʃ ə r + m aː n b i,,hindukush,,,^ m ə ʃ ə r _ m aː n b i $,default,
glh_ag-Kinship-fathersoldersister-3,,glh_ag,Kinship-fathersoldersister,"ɑːlu, məʃər maːnbi, ama",ama,a m a,,hindukush,,,^ a m a $,default,
glh_ag-Kinship-fathersyoungersister-1,,glh_ag,Kinship-fathersyoungersister,kaneʃʈi maːnbi,kaneʃʈi_maːnbi,k a n e ʃ ʈ i + m aː n b i,,hindukush,,,^ k a n e ʃ ʈ i _ m aː n b i $,default,
glh_ag-Kinship-mothersbrother-1,,glh_ag,Kinship-mothersbrother,maːma,maːma,m aː m a,,hindukush,,,^ m aː m a $,default,
glh_ag-Kinship-mothersolderbrother-1,,glh_ag,Kinship-mothersolderbrother,məʃər maːma,məʃər_maːma,m ə ʃ ə r + m aː m a,,hindukush,,,^ m ə ʃ ə r _ m aː m a $,default,
glh_ag-Kinship-mothersyoungerbrother-1,,glh_ag,Kinship-mothersyoungerbrother,"saɽaːko, suɽ, kəʃər maːma",saɽaːko,s a ɽ aː k o,,hindukush,,,^ s a ɽ aː k o $,default,
glh_ag-Kinship-mothersyoungerbrother-2,,glh_ag,Kinship-mothersyoungerbrother,"saɽaːko, suɽ, kəʃər maːma",suɽ,s u ɽ,,hindukush,,,^ s u ɽ $,default,
glh_ag-Kinship-mothersyoungerbrother-3,,glh_ag,Kinship-mothersyoungerbrother,"saɽaːko, suɽ, kəʃər maːma",kəʃər_maːma,k ə ʃ ə r + m aː m a,,hindukush,,,^ k ə ʃ ə r _ m aː m a $,default,
glh_ag-Kinship-motherssister-1,,glh_ag,Kinship-motherssister,χaːla,χaːla,χ aː l a,,hindukush,,,^ χ aː l a $,default,
glh_ag-Kinship-mothersoldersister-1,,glh_ag,Kinship-mothersoldersister,"ɑːli, məʃər χaːla",ɑːli,ɑː l i,,hindukush,,,^ ɑː l i $,default,
glh_ag-Kinship-mothersoldersister-2,,glh_ag,Kinship-mothersoldersister,"ɑːli, məʃər χaːla",məʃər_χaːla,m ə ʃ ə r + χ aː l a,,hindukush,,,^ m ə ʃ ə r _ χ aː l a $,default,
glh_ag-Kinship-mothersyoungersister-1,,glh_ag,Kinship-mothersyoungersister,"suɽ, kəʃər, kaneʃʈi χaːla",suɽ,s u ɽ,,hindukush,,,^ s u ɽ $,default,
glh_ag-Kinship-mothersyoungersister-2,,glh_ag,Kinship-mothersyoungersister,"suɽ, kəʃər, kaneʃʈi χaːla",kəʃər,k ə ʃ ə r,,hindukush,,,^ k ə ʃ ə r $,default,
glh_ag-Kinship-mothersyoungersister-3,,glh_ag,Kinship-mothersyoungersister,"suɽ, kəʃər, kaneʃʈi χaːla",kaneʃʈi_χaːla,k a n e ʃ ʈ i + χ aː l a,,hindukush,,,^ k a n e ʃ ʈ i _ χ aː l a $,default,
glh_ag-Kinship-brothersson-1,,glh_ag,Kinship-brothersson,laːwu trəm,laːwu_trəm,l aː w u + t r ə m,,hindukush,,,^ l aː w u _ t r ə m $,default,
glh_ag-Kinship-brothersdaughter-1,,glh_ag,Kinship-brothersdaughter,laːweːm,laːweːm,l aː w eː m,,hindukush,,,^ l aː w eː m $,default,
glh_ag-Kinship-sistersson-1,,glh_ag,Kinship-sistersson,"seːaseme pətər, nawaːem",seːaseme_pətər,s eː a s e m e + p ə t ə r,,hindukush,,,^ s eːa s e m e _ p ə t ə r $,default,
glh_ag-Kinship-sistersson-2,,glh_ag,Kinship-sistersson,"seːaseme pətər, nawaːem",nawaːem,n a w aː e m,,hindukush,,,^ n a w aːe m $,default,
glh_ag-Kinship-sistersdaughter-1,,glh_ag,Kinship-sistersdaughter,"seːaseme weːa, natiːm",seːaseme_weːa,s eː a s e m e + w eː a,,hindukush,,,^ s eːa s e m e _ w eːa $,default,
glh_ag-Kinship-sistersdaughter-2,,glh_ag,Kinship-sistersdaughter,"seːaseme weːa, natiːm",natiːm,n a t iː m,,hindukush,,,^ n a t iː m $,default,
glh_ag-Kinship-husband-1,,glh_ag,Kinship-husband,"kaleːt, χaːwan, wajnu",kaleːt,k a l eː t,,hindukush,,,^ k a l eː t $,default,
glh_ag-Kinship-husband-2,,glh_ag,Kinship-husband,"kaleːt, χaːwan, wajnu",χaːwan,χ aː w a n,,hindukush,,,^ χ aː w a n $,default,
glh_ag-Kinship-husband-3,,glh_ag,Kinship-husband,"kaleːt, χaːwan, wajnu",wajnu,w a j n u,,hindukush,,,^ w a j n u $,default,
glh_ag-Kinship-wife-1,,glh_ag,Kinship-wife,"maːʃiːm, ajalim",maːʃiːm,m aː ʃ iː m,,hindukush,,,^ m aː ʃ iː m $,default,
glh_ag-Kinship-wife-2,,glh_ag,Kinship-wife,"maːʃiːm, ajalim",ajalim,a j a l i m,,hindukush,,,^ a j a l i m $,default,
glh_ag-Kinship-fathersolderbrotherswife-1,,glh_ag,Kinship-fathersolderbrotherswife,"məʃər kaːk maːʃiː, ɑːli mambat͡sa? maːʃiː",məʃər_kaːk_maːʃiː,m ə ʃ ə r + k aː k + m aː ʃ iː,,hindukush,,,^ m ə ʃ ə r _ k aː k _ m aː ʃ iː $,default,
glh_ag-Kinship-fathersolderbrotherswife-2,,glh_ag,Kinship-fathersolderbrotherswife,"məʃər kaːk maːʃiː, ɑːli mambat͡sa? maːʃiː",ɑːli_mambat͡sa?_maːʃiː,ɑː l i + m a m b a ts a + m aː ʃ iː,,hindukush,,,^ ɑː l i _ m a m b a t͡s a ? _ m aː ʃ iː $,default,
glh_ag-Kinship-fathersyoungerbrotherswife-1,,glh_ag,Kinship-fathersyoungerbrotherswife,"kəʃər kaːka maːʃiː, kaneʃʈi kaːk maːʃiː, saɽaːki mambat͡sa maːʃiː",kəʃər_kaːka_maːʃiː,k ə ʃ ə r + k aː k a + m aː ʃ iː,,hindukush,,,^ k ə ʃ ə r _ k aː k a _ m aː ʃ iː $,default,
glh_ag-Kinship-fathersyoungerbrotherswife-2,,glh_ag,Kinship-fathersyoungerbrotherswife,"kəʃər kaːka maːʃiː, kaneʃʈi kaːk maːʃiː, saɽaːki mambat͡sa maːʃiː",kaneʃʈi_kaːk_maːʃiː,k a n e ʃ ʈ i + k aː k + m aː ʃ iː,,hindukush,,,^ k a n e ʃ ʈ i _ k aː k _ m aː ʃ iː $,default,
glh_ag-Kinship-fathersyoungerbrotherswife-3,,glh_ag,Kinship-fathersyoungerbrotherswife,"kəʃər kaːka maːʃiː, kaneʃʈi kaːk maːʃiː, saɽaːki mambat͡sa maːʃiː",saɽaːki_mambat͡sa_maːʃiː,s a ɽ aː k i + m a m b a ts a + m aː ʃ iː,,hindukush,,,^ s a ɽ aː k i _ m a m b a t͡s a _ m aː ʃ iː $,default,
glh_ag-Kinship-fatherssistershusband-1,,glh_ag,Kinship-fatherssistershusband,mambat͡sam kaleːt,mambat͡sam_kaleːt,m a m b a ts a m + k a l eː t,,hindukush,,,^ m a m b a t͡s a m _ k a l eː t $,default,
glh_ag-Kinship-mothersbrotherswife-1,,glh_ag,Kinship-mothersbrotherswife,maːlusa maːʃiː,maːlusa_maːʃiː,m aː l u s a + m aː ʃ iː,,hindukush,,,^ m aː l u s a _ m aː ʃ iː $,default,
glh_ag-Kinship-motherssistershusband-1,,glh_ag,Kinship-motherssistershusband,mambat͡sam kaleːt,mambat͡sam_kaleːt,m a m b a ts a m + k a l eː t,,hindukush,,,^ m a m b a t͡s a m _ k a l eː t $,default,
glh_ag-Kinship-sonswife-1,,glh_ag,Kinship-sonswife,"t͡sanzeːm, pətrat͡sam maːʃiː",t͡sanzeːm,ts a n z eː m,,hindukush,,,^ t͡s a n z eː m $,default,
glh_ag-Kinship-sonswife-2,,glh_ag,Kinship-sonswife,"t͡sanzeːm, pətrat͡sam maːʃiː",pətrat͡sam_maːʃiː,p ə t r a ts a m + m aː ʃ iː,,hindukush,,,^ p ə t r a t͡s a m _ m aː ʃ iː $,default,
glh_ag-Kinship-daughtershusband-1,,glh_ag,Kinship-daughtershusband,"d͡ʒaːmeːm, d͡ʒaːmaeːm",d͡ʒaːmeːm,dʒ aː m eː m,,hindukush,,,^ d͡ʒ aː m eː m $,default,
glh_ag-Kinship-daughtershusband-2,,glh_ag,Kinship-daughtershusband,"d͡ʒaːmeːm, d͡ʒaːmaeːm",d͡ʒaːmaeːm,dʒ aː m a eː m,,hindukush,,,^ d͡ʒ aː m aeː m $,default,
glh_ag-Kinship-brotherswifemaleego-1,,glh_ag,Kinship-brotherswifemaleego,"wərindar, laːd͡ʒeːm, laː maːʃeːm",wərindar,w ə r i n d a r,,hindukush,,,^ w ə r i n d a r $,default,
glh_ag-Kinship-brotherswifemaleego-2,,glh_ag,Kinship-brotherswifemaleego,"wərindar, laːd͡ʒeːm, laː maːʃeːm",laːd͡ʒeːm,l aː dʒ eː m,,hindukush,,,^ l aː d͡ʒ eː m $,default,
glh_ag-Kinship-brotherswifemaleego-3,,glh_ag,Kinship-brotherswifemaleego,"wərindar, laːd͡ʒeːm, laː maːʃeːm",laː_maːʃeːm,l aː + m aː ʃ eː m,,hindukush,,,^ l aː _ m aː ʃ eː m $,default,
glh_ag-Kinship-brotherswifefemaleego-1,,glh_ag,Kinship-brotherswifefemaleego,laːd͡ʒeːm,laːd͡ʒeːm,l aː dʒ eː m,,hindukush,,,^ l aː d͡ʒ eː m $,default,
glh_ag-Kinship-sistershusbandmaleego-1,,glh_ag,Kinship-sistershusbandmaleego,d͡ʒaːmiːm,d͡ʒaːmiːm,dʒ aː m iː m,,hindukush,,,^ d͡ʒ aː m iː m $,default,
glh_ag-Kinship-sistershusbandfemaleego-1,,glh_ag,Kinship-sistershusbandfemaleego,"ʃeːreːm, maʃtamebaw",ʃeːreːm,ʃ eː r eː m,,hindukush,,,^ ʃ eː r eː m $,default,
glh_ag-Kinship-sistershusbandfemaleego-2,,glh_ag,Kinship-sistershusbandfemaleego,"ʃeːreːm, maʃtamebaw",maʃtamebaw,m a ʃ t a m e b a w,,hindukush,,,^ m a ʃ t a m e b a w $,default,
glh_ag-Kinship-wifesfather-1,,glh_ag,Kinship-wifesfather,ʃeːriːm,ʃeːriːm,ʃ eː r iː m,,hindukush,,,^ ʃ eː r iː m $,default,
glh_ag-Kinship-wifesmother-1,,glh_ag,Kinship-wifesmother,ʃeːriːm,ʃeːriːm,ʃ eː r iː m,,hindukush,,,^ ʃ eː r iː m $,default,
glh_ag-Kinship-husbandsfather-1,,glh_ag,Kinship-husbandsfather,ʃeːreːm,ʃeːreːm,ʃ eː r eː m,,hindukush,,,^ ʃ eː r eː m $,default,
glh_ag-Kinship-husbandsmother-1,,glh_ag,Kinship-husbandsmother,"ʃeʃriː, ʃeːreːm",ʃeʃriː,ʃ e ʃ r iː,,hindukush,,,^ ʃ e ʃ r iː $,default,
glh_ag-Kinship-husbandsmother-2,,glh_ag,Kinship-husbandsmother,"ʃeʃriː, ʃeːreːm",ʃeːreːm,ʃ eː r eː m,,hindukush,,,^ ʃ eː r eː m $,default,
glh_ag-Kinship-husbandsbrother-1,,glh_ag,Kinship-husbandsbrother,deːrewam,deːrewam,d eː r e w a m,,hindukush,,,^ d eː r e w a m $,default,
glh_ag-Kinship-husbandssister-1,,glh_ag,Kinship-husbandssister,d͡ʒaːmeːm,d͡ʒaːmeːm,dʒ aː m eː m,,hindukush,,,^ d͡ʒ aː m eː m $,default,
glh_ag-Kinship-wifesbrother-1,,glh_ag,Kinship-wifesbrother,iʃpaːɽiːm,iʃpaːɽiːm,i ʃ p aː ɽ iː m,,hindukush,,,^ i ʃ p aː ɽ iː m $,default,
glh_ag-Kinship-wifessister-1,,glh_ag,Kinship-wifessister,sajaːniːm,sajaːniːm,s a j aː n iː m,,hindukush,,,^ s a j aː n iː m $,default,
glh_ag-Kinship-husbandsbrotherswife-1,,glh_ag,Kinship-husbandsbrotherswife,deːrwesam maːʃiːm,deːrwesam_maːʃiːm,d eː r w e s a m + m aː ʃ iː m,,hindukush,,,^ d eː rw e s a m _ m aː ʃ iː m $,default,
glh_ag-Kinship-husbandssistershusband-1,,glh_ag,Kinship-husbandssistershusband,d͡ʒaːmasam kaleːt,d͡ʒaːmasam_kaleːt,dʒ aː m a s a m + k a l eː t,,hindukush,,,^ d͡ʒ aː m a s a m _ k a l eː t $,default,
glh_ag-Kinship-wifesbrotherswife-1,,glh_ag,Kinship-wifesbrotherswife,iʃpaɽasam maːʃiː,iʃpaɽasam_maːʃiː,i ʃ p a ɽ a s a m + m aː ʃ iː,,hindukush,,,^ i ʃ p a ɽ a s a m _ m aː ʃ iː $,default,
glh_ag-Kinship-wifessistershusband-1,,glh_ag,Kinship-wifessistershusband,baːd͡ʒoː,baːd͡ʒoː,b aː dʒ oː,,hindukush,,,^ b aː d͡ʒ oː $,default,
glh_ag-Kinship-cowife-1,,glh_ag,Kinship-cowife,anboːχ,anboːχ,a n b oː χ,,hindukush,,,^ a n b oː χ $,default,
glh_ag-Kinship-sonswifesfather-1,,glh_ag,Kinship-sonswifesfather,pətraːsame ʃeɽe,pətraːsame_ʃeɽe,p ə t r aː s a m e + ʃ e ɽ e,,hindukush,,,^ p ə t r aː s a m e _ ʃ e ɽ e $,default,
glh_ag-Kinship-sonswifesmother-1,,glh_ag,Kinship-sonswifesmother,pətraːsame ʃeɽija,pətraːsame_ʃeɽija,p ə t r aː s a m e + ʃ e ɽ i j a,,hindukush,,,^ p ə t r aː s a m e _ ʃ e ɽ i j a $,default,
glh_ag-Kinship-daughtershusbandsfather-1,,glh_ag,Kinship-daughtershusbandsfather,weaːsame ʃere,weaːsame_ʃere,w e aː s a m e + ʃ e r e,,hindukush,,,^ w eaː s a m e _ ʃ e r e $,default,
glh_ag-Kinship-daughtershusbandsmother-1,,glh_ag,Kinship-daughtershusbandsmother,weaːsame ʃerija,weaːsame_ʃerija,w e aː s a m e + ʃ e r i j a,,hindukush,,,^ w eaː s a m e _ ʃ e r i j a $,default,
glh_ag-Kinship-stepsisternosharedparent-1,,glh_ag,Kinship-stepsisternosharedparent,aːkane d͡ʒədu seːwur,aːkane_d͡ʒədu_seːwur,aː k a n e + dʒ ə d u + s eː w u r,,hindukush,,,^ aː k a n e _ d͡ʒ ə d u _ s eː w u r $,default,
glh_ag-Kinship-stepbrothernosharedparent-1,,glh_ag,Kinship-stepbrothernosharedparent,bərgəʈi,bərgəʈi,b ə r g ə ʈ i,,hindukush,,,^ b ə r g ə ʈ i $,default,
glh_ag-Kinship-stepmother-1,,glh_ag,Kinship-stepmother,awar aːiː,awar_aːiː,a w a r + aː iː,,hindukush,,,^ a w a r _ aːiː $,default,
glh_ag-Kinship-stepfather-1,,glh_ag,Kinship-stepfather,awar bawoː,awar_bawoː,a w a r + b a w oː,,hindukush,,,^ a w a r _ b a w oː $,default,
glh_ag-Kinship-stepson-1,,glh_ag,Kinship-stepson,bərgəʈ oː,bərgəʈ_oː,b ə r g ə ʈ + oː,,hindukush,,,^ b ə r g ə ʈ _ oː $,default,
glh_ag-Kinship-stepdaughter-1,,glh_ag,Kinship-stepdaughter,bərgəʈi,bərgəʈi,b ə r g ə ʈ i,,hindukush,,,^ b ə r g ə ʈ i $,default,
glh_ag-Kinship-fathersfathersfather-1,,glh_ag,Kinship-fathersfathersfather,"baːbaː, kaʈbəɽəm baːbaː",baːbaː,b aː b aː,,hindukush,,,^ b aː b aː $,default,
glh_ag-Kinship-fathersfathersfather-2,,glh_ag,Kinship-fathersfathersfather,"baːbaː, kaʈbəɽəm baːbaː",kaʈbəɽəm_baːbaː,k a ʈ b ə ɽ ə m + b aː b aː,,hindukush,,,^ k a ʈ b ə ɽ ə m _ b aː b aː $,default,
glh_ag-Kinship-mothersmothersmother-1,,glh_ag,Kinship-mothersmothersmother,aːiː,aːiː,aː iː,,hindukush,,,^ aːiː $,default,
glh_ag-Kinship-forefather-1,,glh_ag,Kinship-forefather,baːkane nasab,baːkane_nasab,b aː k a n e + n a s a b,,hindukush,,,^ b aː k a n e _ n a s a b $,default,
glh_ag-Kinship-foremother-1,,glh_ag,Kinship-foremother,aːkane nasab,aːkane_nasab,aː k a n e + n a s a b,,hindukush,,,^ aː k a n e _ n a s a b $,default,
glh_ag-Kinship-fathersbrothersson-1,,glh_ag,Kinship-fathersbrothersson,kaːkaː pujtur,kaːkaː_pujtur,k aː k aː + p u j t u r,,hindukush,,,^ k aː k aː _ p u j t u r $,default,
glh_ag-Kinship-fathersbrothersdaughter-1,,glh_ag,Kinship-fathersbrothersdaughter,baːsaːme maːmbasəwe,baːsaːme_maːmbasəwe,b aː s aː m e + m aː m b a s ə w e,,hindukush,,,^ b aː s aː m e _ m aː m b a s ə w e $,default,
glh_ag-Kinship-fatherssistersson-1,,glh_ag,Kinship-fatherssistersson,"baːsaːme seasewe, baːsaːme seasa pujtur",baːsaːme_seasewe,b aː s aː m e + s e a s e w e,,hindukush,,,^ b aː s aː m e _ s ea s e w e $,default,
glh_ag-Kinship-fatherssistersson-2,,glh_ag,Kinship-fatherssistersson,"baːsaːme seasewe, baːsaːme seasa pujtur",baːsaːme_seasa_pujtur,b aː s aː m e + s e a s a + p u j t u r,,hindukush,,,^ b aː s aː m e _ s ea s a _ p u j t u r $,default,
glh_ag-Kinship-fatherssistersdaughter-1,,glh_ag,Kinship-fatherssistersdaughter,amaːesam we,amaːesam_we,a m aː e s a m + w e,,hindukush,,,^ a m aːe s a m _ w e $,default,
glh_ag-Kinship-mothersbrothersson-1,,glh_ag,Kinship-mothersbrothersson,maːmaː pujtur,maːmaː_pujtur,m aː m aː + p u j t u r,,hindukush,,,^ m aː m aː _ p u j t u r $,default,
glh_ag-Kinship-mothersbrothersdaughter-1,,glh_ag,Kinship-mothersbrothersdaughter,maːmaː we,maːmaː_we,m aː m aː + w e,,hindukush,,,^ m aː m aː _ w e $,default,
glh_ag-Kinship-motherssistersson-1,,glh_ag,Kinship-motherssistersson,χaːlaː pujtur,χaːlaː_pujtur,χ aː l aː + p u j t u r,,hindukush,,,^ χ aː l aː _ p u j t u r $,default,
glh_ag-Kinship-motherssistersdaughter-1,,glh_ag,Kinship-motherssistersdaughter,χaːlaː we,χaːlaː_we,χ aː l aː + w e,,hindukush,,,^ χ aː l aː _ w e $,default,
glh_ag-Kinship-relative-1,,glh_ag,Kinship-relative,"doːstan, taːnjuk",doːstan,d oː s t a n,,hindukush,,,^ d oː s t a n $,default,
glh_ag-Kinship-relative-2,,glh_ag,Kinship-relative,"doːstan, taːnjuk",taːnjuk,t aː n j u k,,hindukush,,,^ t aː n j u k $,default,
glh_ag-Kinship-affinalrelative-1,,glh_ag,Kinship-affinalrelative,"goːrawal tarapeː tanuj, χeːʃaːn",goːrawal_tarapeː_tanuj,g oː r a w a l + t a r a p eː + t a n u j,,hindukush,,,^ g oː r a w a l _ t a r a p eː _ t a n u j $,default,
glh_ag-Kinship-affinalrelative-2,,glh_ag,Kinship-affinalrelative,"goːrawal tarapeː tanuj, χeːʃaːn",χeːʃaːn,χ eː ʃ aː n,,hindukush,,,^ χ eː ʃ aː n $,default,
glh_ag-Kinship-bloodrelative-1,,glh_ag,Kinship-bloodrelative,"nuzdig doːstan, beːru nuzu tanjuk",nuzdig_doːstan,n u z d i g + d oː s t a n,,hindukush,,,^ n u z d i g _ d oː s t a n $,default,
glh_ag-Kinship-bloodrelative-2,,glh_ag,Kinship-bloodrelative,"nuzdig doːstan, beːru nuzu tanjuk",beːru_nuzu_tanjuk,b eː r u + n u z u + t a n j u k,,hindukush,,,^ b eː r u _ n u z u _ t a n j u k $,default,
glh_ag-Kinship-wifesrelatives-1,,glh_ag,Kinship-wifesrelatives,χeːʃaːn,χeːʃaːn,χ eː ʃ aː n,,hindukush,,,^ χ eː ʃ aː n $,default,
glh_ag-Kinship-headofhousehold-1,,glh_ag,Kinship-headofhousehold,waːiː məʃər,waːiː_məʃər,w aː iː + m ə ʃ ə r,,hindukush,,,^ w aːiː _ m ə ʃ ə r $,default,
glh_ag-Kinship-headofclan-1,,glh_ag,Kinship-headofclan,"χɑːmi məʃər, malek",χɑːmi_məʃər,χ ɑː m i + m ə ʃ ə r,,hindukush,,,^ χ ɑː m i _ m ə ʃ ə r $,default,
glh_ag-Kinship-headofclan-2,,glh_ag,Kinship-headofclan,"χɑːmi məʃər, malek",malek,m a l e k,,hindukush,,,^ m a l e k $,default,
glh_ag-Kinship-headoftribe-1,,glh_ag,Kinship-headoftribe,"χɑːm məʃər, wanɖi məʃər, gruː məʃər, sargurub",χɑːm_məʃər,χ ɑː m + m ə ʃ ə r,,hindukush,,,^ χ ɑː m _ m ə ʃ ə r $,default,
glh_ag-Kinship-headoftribe-2,,glh_ag,Kinship-headoftribe,"χɑːm məʃər, wanɖi məʃər, gruː məʃər, sargurub",wanɖi_məʃər,w a n ɖ i + m ə ʃ ə r,,hindukush,,,^ w a n ɖ i _ m ə ʃ ə r $,default,
glh_ag-Kinship-headoftribe-3,,glh_ag,Kinship-headoftribe,"χɑːm məʃər, wanɖi məʃər, gruː məʃər, sargurub",gruː_məʃər,g r uː + m ə ʃ ə r,,hindukush,,,^ g r uː _ m ə ʃ ə r $,default,
glh_ag-Kinship-headoftribe-4,,glh_ag,Kinship-headoftribe,"χɑːm məʃər, wanɖi məʃər, gruː məʃər, sargurub",sargurub,s a r g u r u b,,hindukush,,,^ s a r g u r u b $,default,
glh_ag-Kinship-halfsistersamefatherdifferentmother-1,,glh_ag,Kinship-halfsistersamefatherdifferentmother,aːiː tarapeː d͡ʒudulaem,aːiː_tarapeː_d͡ʒudulaem,aː iː + t a r a p eː + dʒ u d u l a e m,,hindukush,,,^ aːiː _ t a r a p eː _ d͡ʒ u d u l ae m $,default,
glh_ag-Kinship-halfbrothersamefatherdifferentmother-1,,glh_ag,Kinship-halfbrothersamefatherdifferentmother,baː tarapna d͡ʒudulaem,baː_tarapna_d͡ʒudulaem,b aː + t a r a p n a + dʒ u d u l a e m,,hindukush,,,^ b aː _ t a r a p n a _ d͡ʒ u d u l ae m $,default,
glh_ag-Kinship-halfsistersamemotherdifferentfather-1,,glh_ag,Kinship-halfsistersamemotherdifferentfather,awar saem,awar_saem,a w a r + s a e m,,hindukush,,,^ a w a r _ s ae m $,default,
glh_ag-Kinship-halfbrothersamemotherdifferentfather-1,,glh_ag,Kinship-halfbrothersamemotherdifferentfather,awar laem,awar_laem,a w a r + l a e m,,hindukush,,,^ a w a r _ l ae m $,default,
psi_am-Kinship-father-1,,psi_am,Kinship-father,daːdaː,daːdaː,d aː d aː,,hindukush,,,^ d aː d aː $,default,
psi_am-Kinship-mother-1,,psi_am,Kinship-mother,aːi,aːi,aːi,,hindukush,,,^ aːi $,default,
psi_am-Kinship-parent-1,,psi_am,Kinship-parent,aːi aw daːdaː,aːi_aw_daːdaː,aːi + a w + d aː d aː,,hindukush,,,^ aːi _ a w _ d aː d aː $,default,
psi_am-Kinship-son-1,,psi_am,Kinship-son,pulim,pulim,p u l i m,,hindukush,,,^ p u l i m $,default,
psi_am-Kinship-daughter-1,,psi_am,Kinship-daughter,oːj,oːj,oː j,,hindukush,,,^ oː j $,default,
psi_am-Kinship-ownchild-1,,psi_am,Kinship-ownchild,t͡ʃənʈaː,t͡ʃənʈaː,tʃ ə n ʈ aː,,hindukush,,,^ t͡ʃ ə n ʈ aː $,default,
psi_am-Kinship-brother-1,,psi_am,Kinship-brother,laːiː,laːiː,l aː iː,,hindukush,,,^ l aːiː $,default,
psi_am-Kinship-sister-1,,psi_am,Kinship-sister,sajaːm,sajaːm,s a j aː m,,hindukush,,,^ s a j aː m $,default,
psi_am-Kinship-olderbrother-1,,psi_am,Kinship-olderbrother,gaɽaːnaː lajaːm,gaɽaːnaː_lajaːm,g a ɽ aː n aː + l a j aː m,,hindukush,,,^ g a ɽ aː n aː _ l a j aː m $,default,
psi_am-Kinship-youngerbrother-1,,psi_am,Kinship-youngerbrother,t͡ʃənʈaː lajaːm,t͡ʃənʈaː_lajaːm,tʃ ə n ʈ aː + l a j aː m,,hindukush,,,^ t͡ʃ ə n ʈ aː _ l a j aː m $,default,
psi_am-Kinship-oldersister-1,,psi_am,Kinship-oldersister,gaɽaːniː sajaːm,gaɽaːniː_sajaːm,g a ɽ aː n iː + s a j aː m,,hindukush,,,^ g a ɽ aː n iː _ s a j aː m $,default,
psi_am-Kinship-youngersister-1,,psi_am,Kinship-youngersister,t͡ʃənʈiː sajaːm,t͡ʃənʈiː_sajaːm,tʃ ə n ʈ iː + s a j aː m,,hindukush,,,^ t͡ʃ ə n ʈ iː _ s a j aː m $,default,
psi_am-Kinship-fathersfather-1,,psi_am,Kinship-fathersfather,baːbaː,baːbaː,b aː b aː,,hindukush,,,^ b aː b aː $,default,
psi_am-Kinship-fathersmother-1,,psi_am,Kinship-fathersmother,baːiː,baːiː,b aː iː,,hindukush,,,^ b aːiː $,default,
psi_am-Kinship-mothersfather-1,,psi_am,Kinship-mothersfather,baːbaː,baːbaː,b aː b aː,,hindukush,,,^ b aː b aː $,default,
psi_am-Kinship-mothersmother-1,,psi_am,Kinship-mothersmother,baːiː,baːiː,b aː iː,,hindukush,,,^ b aːiː $,default,
psi_am-Kinship-sonsson-1,,psi_am,Kinship-sonsson,nawaːi,nawaːi,n a w aːi,,hindukush,,,^ n a w aːi $,default,
psi_am-Kinship-sonsdaughter-1,,psi_am,Kinship-sonsdaughter,nadi,nadi,n a d i,,hindukush,,,^ n a d i $,default,
psi_am-Kinship-daughtersson-1,,psi_am,Kinship-daughtersson,nawaːi,nawaːi,n a w aːi,,hindukush,,,^ n a w aːi $,default,
psi_am-Kinship-daughtersdaughter-1,,psi_am,Kinship-daughtersdaughter,nadi,nadi,n a d i,,hindukush,,,^ n a d i $,default,
psi_am-Kinship-fathersbrother-1,,psi_am,Kinship-fathersbrother,kaːkaː,kaːkaː,k aː k aː,,hindukush,,,^ k aː k aː $,default,
psi_am-Kinship-fathersolderbrother-1,,psi_am,Kinship-fathersolderbrother,gaɽ kaːkaː,gaɽ_kaːkaː,g a ɽ + k aː k aː,,hindukush,,,^ g a ɽ _ k aː k aː $,default,
psi_am-Kinship-fathersyoungerbrother-1,,psi_am,Kinship-fathersyoungerbrother,t͡ʃənʈaː kaːkaː,t͡ʃənʈaː_kaːkaː,tʃ ə n ʈ aː + k aː k aː,,hindukush,,,^ t͡ʃ ə n ʈ aː _ k aː k aː $,default,
psi_am-Kinship-fatherssister-1,,psi_am,Kinship-fatherssister,maːmaː,maːmaː,m aː m aː,,hindukush,,,^ m aː m aː $,default,
psi_am-Kinship-fathersoldersister-1,,psi_am,Kinship-fathersoldersister,gaɽaːniː maːmaː,gaɽaːniː_maːmaː,g a ɽ aː n iː + m aː m aː,,hindukush,,,^ g a ɽ aː n iː _ m aː m aː $,default,
psi_am-Kinship-fathersyoungersister-1,,psi_am,Kinship-fathersyoungersister,t͡ʃənʈiː maːmaː,t͡ʃənʈiː_maːmaː,tʃ ə n ʈ iː + m aː m aː,,hindukush,,,^ t͡ʃ ə n ʈ iː _ m aː m aː $,default,
psi_am-Kinship-mothersbrother-1,,psi_am,Kinship-mothersbrother,baːwu,baːwu,b aː w u,,hindukush,,,^ b aː w u $,default,
psi_am-Kinship-mothersolderbrother-1,,psi_am,Kinship-mothersolderbrother,gaɽaːnaː baːwu,gaɽaːnaː_baːwu,g a ɽ aː n aː + b aː w u,,hindukush,,,^ g a ɽ aː n aː _ b aː w u $,default,
psi_am-Kinship-mothersyoungerbrother-1,,psi_am,Kinship-mothersyoungerbrother,t͡ʃənʈaː baːwu,t͡ʃənʈaː_baːwu,tʃ ə n ʈ aː + b aː w u,,hindukush,,,^ t͡ʃ ə n ʈ aː _ b aː w u $,default,
psi_am-Kinship-motherssister-1,,psi_am,Kinship-motherssister,maːmaː,maːmaː,m aː m aː,,hindukush,,,^ m aː m aː $,default,
psi_am-Kinship-mothersoldersister-1,,psi_am,Kinship-mothersoldersister,gaɽaːniː maːmaː,gaɽaːniː_maːmaː,g a ɽ aː n iː + m aː m aː,,hindukush,,,^ g a ɽ aː n iː _ m aː m aː $,default,
psi_am-Kinship-mothersyoungersister-1,,psi_am,Kinship-mothersyoungersister,t͡ʃənʈiː maːmaː,t͡ʃənʈiː_maːmaː,tʃ ə n ʈ iː + m aː m aː,,hindukush,,,^ t͡ʃ ə n ʈ iː _ m aː m aː $,default,
psi_am-Kinship-brothersson-1,,psi_am,Kinship-brothersson,laːwləm,laːwləm,l aː w l ə m,,hindukush,,,^ l aː w l ə m $,default,
psi_am-Kinship-brothersdaughter-1,,psi_am,Kinship-brothersdaughter,laːwjəm,laːwjəm,l aː w j ə m,,hindukush,,,^ l aː w j ə m $,default,
psi_am-Kinship-sistersson-1,,psi_am,Kinship-sistersson,nawaːi,nawaːi,n a w aːi,,hindukush,,,^ n a w aːi $,default,
psi_am-Kinship-sistersdaughter-1,,psi_am,Kinship-sistersdaughter,nadi,nadi,n a d i,,hindukush,,,^ n a d i $,default,
psi_am-Kinship-husband-1,,psi_am,Kinship-husband,paːnt͡ʃ,paːnt͡ʃ,p aː n tʃ,,hindukush,,,^ p aː n t͡ʃ $,default,
psi_am-Kinship-wife-1,,psi_am,Kinship-wife,maːda,maːda,m aː d a,,hindukush,,,^ m aː d a $,default,
psi_am-Kinship-fathersolderbrotherswife-1,,psi_am,Kinship-fathersolderbrotherswife,goːraː waj,goːraː_waj,g oː r aː + w a j,,hindukush,,,^ g oː r aː _ w a j $,default,
psi_am-Kinship-fathersyoungerbrotherswife-1,,psi_am,Kinship-fathersyoungerbrotherswife,t͡ʃənʈiː goːraː waj,t͡ʃənʈiː_goːraː_waj,tʃ ə n ʈ iː + g oː r aː + w a j,,hindukush,,,^ t͡ʃ ə n ʈ iː _ g oː r aː _ w a j $,default,
psi_am-Kinship-fatherssistershusband-1,,psi_am,Kinship-fatherssistershusband,maːmas paːnt͡ʃe [päːnje],maːmas_paːnt͡ʃe_,m aː m a s + p aː n tʃ e +,,hindukush,,,^ m aː m a s _ p aː n t͡ʃ e _ $,default,
psi_am-Kinship-mothersbrotherswife-1,,psi_am,Kinship-mothersbrotherswife,mowaːni,mowaːni,m o w aː n i,,hindukush,,,^ m o w aː n i $,default,
psi_am-Kinship-motherssistershusband-1,,psi_am,Kinship-motherssistershusband,maːmas paːnt͡ʃe,maːmas_paːnt͡ʃe,m aː m a s + p aː n tʃ e,,hindukush,,,^ m aː m a s _ p aː n t͡ʃ e $,default,
psi_am-Kinship-sonswife-1,,psi_am,Kinship-sonswife,sənzam,sənzam,s ə n z a m,,hindukush,,,^ s ə n z a m $,default,
psi_am-Kinship-daughtershusband-1,,psi_am,Kinship-daughtershusband,d͡ʒaːmaːi,d͡ʒaːmaːi,dʒ aː m aːi,,hindukush,,,^ d͡ʒ aː m aːi $,default,
psi_am-Kinship-brotherswifemaleego-1,,psi_am,Kinship-brotherswifemaleego,ʃinək,ʃinək,ʃ i n ə k,,hindukush,,,^ ʃ i n ə k $,default,
psi_am-Kinship-brotherswifefemaleego-1,,psi_am,Kinship-brotherswifefemaleego,ʃinək,ʃinək,ʃ i n ə k,,hindukush,,,^ ʃ i n ə k $,default,
psi_am-Kinship-sistershusbandmaleego-1,,psi_am,Kinship-sistershusbandmaleego,d͡ʒaːmaːi,d͡ʒaːmaːi,dʒ aː m aːi,,hindukush,,,^ d͡ʒ aː m aːi $,default,
psi_am-Kinship-sistershusbandfemaleego-1,,psi_am,Kinship-sistershusbandfemaleego,d͡ʒaːmaːi,d͡ʒaːmaːi,dʒ aː m aːi,,hindukush,,,^ d͡ʒ aː m aːi $,default,
psi_am-Kinship-wifesfather-1,,psi_am,Kinship-wifesfather,ʃeːruːm,ʃeːruːm,ʃ eː r uː m,,hindukush,,,^ ʃ eː r uː m $,default,
psi_am-Kinship-wifesmother-1,,psi_am,Kinship-wifesmother,ʃeːruːm,ʃeːruːm,ʃ eː r uː m,,hindukush,,,^ ʃ eː r uː m $,default,
psi_am-Kinship-husbandsfather-1,,psi_am,Kinship-husbandsfather,ʃeːruːm,ʃeːruːm,ʃ eː r uː m,,hindukush,,,^ ʃ eː r uː m $,default,
psi_am-Kinship-husbandsmother-1,,psi_am,Kinship-husbandsmother,ʃeːrim,ʃeːrim,ʃ eː r i m,,hindukush,,,^ ʃ eː r i m $,default,
psi_am-Kinship-husbandsbrother-1,,psi_am,Kinship-husbandsbrother,dərəw,dərəw,d ə r ə w,,hindukush,,,^ d ə r ə w $,default,
psi_am-Kinship-husbandssister-1,,psi_am,Kinship-husbandssister,d͡ʒaːmijaː,d͡ʒaːmijaː,dʒ aː m i j aː,,hindukush,,,^ d͡ʒ aː m i j aː $,default,
psi_am-Kinship-wifesbrother-1,,psi_am,Kinship-wifesbrother,paːiːriː,paːiːriː,p aː iː r iː,,hindukush,,,^ p aːiː r iː $,default,
psi_am-Kinship-wifessister-1,,psi_am,Kinship-wifessister,sijaːniː,sijaːniː,s i j aː n iː,,hindukush,,,^ s i j aː n iː $,default,
psi_am-Kinship-husbandsbrotherswife-1,,psi_am,Kinship-husbandsbrotherswife,dərəwan,dərəwan,d ə r ə w a n,,hindukush,,,^ d ə r ə w a n $,default,
psi_am-Kinship-husbandssistershusband-1,,psi_am,Kinship-husbandssistershusband,d͡ʒaːmijaː,d͡ʒaːmijaː,dʒ aː m i j aː,,hindukush,,,^ d͡ʒ aː m i j aː $,default,
psi_am-Kinship-wifesbrotherswife-1,,psi_am,Kinship-wifesbrotherswife,paːiːriː zajbi,paːiːriː_zajbi,p aː iː r iː + z a j b i,,hindukush,,,^ p aːiː r iː _ z a j b i $,default,
psi_am-Kinship-wifessistershusband-1,,psi_am,Kinship-wifessistershusband,baːd͡ʒaː,baːd͡ʒaː,b aː dʒ aː,,hindukush,,,^ b aː d͡ʒ aː $,default,
psi_am-Kinship-cowife-1,,psi_am,Kinship-cowife,ambak,ambak,a m b a k,,hindukush,,,^ a m b a k $,default,
psi_am-Kinship-sonswifesfather-1,,psi_am,Kinship-sonswifesfather,χeːχaːn,χeːχaːn,χ eː χ aː n,,hindukush,,,^ χ eː χ aː n $,default,
psi_am-Kinship-sonswifesmother-1,,psi_am,Kinship-sonswifesmother,χeːχaːn,χeːχaːn,χ eː χ aː n,,hindukush,,,^ χ eː χ aː n $,default,
psi_am-Kinship-daughtershusbandsfather-1,,psi_am,Kinship-daughtershusbandsfather,χeːχaːn,χeːχaːn,χ eː χ aː n,,hindukush,,,^ χ eː χ aː n $,default,
psi_am-Kinship-daughtershusbandsmother-1,,psi_am,Kinship-daughtershusbandsmother,χeːχaːn,χeːχaːn,χ eː χ aː n,,hindukush,,,^ χ eː χ aː n $,default,
psi_am-Kinship-stepsisternosharedparent-1,,psi_am,Kinship-stepsisternosharedparent,awər saraːi,awər_saraːi,a w ə r + s a r aːi,,hindukush,,,^ a w ə r _ s a r aːi $,default,
psi_am-Kinship-stepbrothernosharedparent-1,,psi_am,Kinship-stepbrothernosharedparent,awər laːi,awər_laːi,a w ə r + l aːi,,hindukush,,,^ a w ə r _ l aːi $,default,
psi_am-Kinship-stepmother-1,,psi_am,Kinship-stepmother,awər aːi,awər_aːi,a w ə r + aːi,,hindukush,,,^ a w ə r _ aːi $,default,
psi_am-Kinship-stepfather-1,,psi_am,Kinship-stepfather,awər daːdaː,awər_daːdaː,a w ə r + d aː d aː,,hindukush,,,^ a w ə r _ d aː d aː $,default,
psi_am-Kinship-stepson-1,,psi_am,Kinship-stepson,awər ?,awər_?,a w ə r +,,hindukush,,,^ a w ə r _ ? $,default,
psi_am-Kinship-stepdaughter-1,,psi_am,Kinship-stepdaughter,awər ?,awər_?,a w ə r +,,hindukush,,,^ a w ə r _ ? $,default,
psi_am-Kinship-fathersfathersfather-1,,psi_am,Kinship-fathersfathersfather,baːbaː,baːbaː,b aː b aː,,hindukush,,,^ b aː b aː $,default,
psi_am-Kinship-mothersmothersmother-1,,psi_am,Kinship-mothersmothersmother,baːbaː,baːbaː,b aː b aː,,hindukush,,,^ b aː b aː $,default,
psi_am-Kinship-forefather-1,,psi_am,Kinship-forefather,daːdaːs nasbi,daːdaːs_nasbi,d aː d aː s + n a s b i,,hindukush,,,^ d aː d aː s _ n a s b i $,default,
psi_am-Kinship-foremother-1,,psi_am,Kinship-foremother,aːis nasbi,aːis_nasbi,aːi s + n a s b i,,hindukush,,,^ aːi s _ n a s b i $,default,
psi_am-Kinship-fathersbrothersson-1,,psi_am,Kinship-fathersbrothersson,kaːkaːs pulə,kaːkaːs_pulə,k aː k aː s + p u l ə,,hindukush,,,^ k aː k aː s _ p u l ə $,default,
psi_am-Kinship-fathersbrothersdaughter-1,,psi_am,Kinship-fathersbrothersdaughter,kaːkaːs oːjə,kaːkaːs_oːjə,k aː k aː s + oː j ə,,hindukush,,,^ k aː k aː s _ oː j ə $,default,
psi_am-Kinship-fatherssistersson-1,,psi_am,Kinship-fatherssistersson,nawaːi,nawaːi,n a w aːi,,hindukush,,,^ n a w aːi $,default,
psi_am-Kinship-fatherssistersdaughter-1,,psi_am,Kinship-fatherssistersdaughter,nadi,nadi,n a d i,,hindukush,,,^ n a d i $,default,
psi_am-Kinship-mothersbrothersson-1,,psi_am,Kinship-mothersbrothersson,baːwu,baːwu,b aː w u,,hindukush,,,^ b aː w u $,default,
psi_am-Kinship-mothersbrothersdaughter-1,,psi_am,Kinship-mothersbrothersdaughter,t͡ʃapu,t͡ʃapu,tʃ a p u,,hindukush,,,^ t͡ʃ a p u $,default,
psi_am-Kinship-motherssistersson-1,,psi_am,Kinship-motherssistersson,nawaːi,nawaːi,n a w aːi,,hindukush,,,^ n a w aːi $,default,
psi_am-Kinship-motherssistersdaughter-1,,psi_am,Kinship-motherssistersdaughter,maːmaːs oːjə,maːmaːs_oːjə,m aː m aː s + oː j ə,,hindukush,,,^ m aː m aː s _ oː j ə $,default,
psi_am-Kinship-relative-1,,psi_am,Kinship-relative,taːnik,taːnik,t aː n i k,,hindukush,,,^ t aː n i k $,default,
psi_am-Kinship-affinalrelative-1,,psi_am,Kinship-affinalrelative,χeːχaːn,χeːχaːn,χ eː χ aː n,,hindukush,,,^ χ eː χ aː n $,default,
psi_am-Kinship-bloodrelative-1,,psi_am,Kinship-bloodrelative,anʈa ʃərik,anʈa_ʃərik,a n ʈ a + ʃ ə r i k,,hindukush,,,^ a n ʈ a _ ʃ ə r i k $,default,
psi_am-Kinship-wifesrelatives-1,,psi_am,Kinship-wifesrelatives,χeːχaːn,χeːχaːn,χ eː χ aː n,,hindukush,,,^ χ eː χ aː n $,default,
psi_am-Kinship-headofhousehold-1,,psi_am,Kinship-headofhousehold,guʃangas d͡ʒiʃʈaj,guʃangas_d͡ʒiʃʈaj,g u ʃ a n g a s + dʒ i ʃ ʈ a j,,hindukush,,,^ g u ʃ a n g a s _ d͡ʒ i ʃ ʈ a j $,default,
psi_am-Kinship-headofclan-1,,psi_am,Kinship-headofclan,qawmas d͡ʒiʃʈaj,qawmas_d͡ʒiʃʈaj,q a w m a s + dʒ i ʃ ʈ a j,,hindukush,,,^ q a w m a s _ d͡ʒ i ʃ ʈ a j $,default,
psi_am-Kinship-headoftribe-1,,psi_am,Kinship-headoftribe,qarijas d͡ʒiʃʈaj,qarijas_d͡ʒiʃʈaj,q a r i j a s + dʒ i ʃ ʈ a j,,hindukush,,,^ q a r i j a s _ d͡ʒ i ʃ ʈ a j $,default,
psi_am-Kinship-halfsistersamefatherdifferentmother-1,,psi_am,Kinship-halfsistersamefatherdifferentmother,awər saːi,awər_saːi,a w ə r + s aːi,,hindukush,,,^ a w ə r _ s aːi $,default,
psi_am-Kinship-halfbrothersamefatherdifferentmother-1,,psi_am,Kinship-halfbrothersamefatherdifferentmother,awər laːi,awər_laːi,a w ə r + l aːi,,hindukush,,,^ a w ə r _ l aːi $,default,
psi_am-Kinship-halfsistersamemotherdifferentfather-1,,psi_am,Kinship-halfsistersamemotherdifferentfather,awər saːi,awər_saːi,a w ə r + s aːi,,hindukush,,,^ a w ə r _ s aːi $,default,
psi_am-Kinship-halfbrothersamemotherdifferentfather-1,,psi_am,Kinship-halfbrothersamemotherdifferentfather,awər laːi,awər_laːi,a w ə r + l aːi,,hindukush,,,^ a w ə r _ l aːi $,default,
aee_at-Kinship-father-1,,aee_at,Kinship-father,bəːw,bəːw,b əː w,,hindukush,,,^ b əː w $,default,
aee_at-Kinship-mother-1,,aee_at,Kinship-mother,oːj,oːj,oː j,,hindukush,,,^ oː j $,default,
aee_at-Kinship-parent-1,,aee_at,Kinship-parent,oːj bəːw,oːj_bəːw,oː j + b əː w,,hindukush,,,^ oː j _ b əː w $,default,
aee_at-Kinship-son-1,,aee_at,Kinship-son,putrəm,putrəm,p u t r ə m,,hindukush,,,^ p u t r ə m $,default,
aee_at-Kinship-daughter-1,,aee_at,Kinship-daughter,wɑːm,wɑːm,w ɑː m,,hindukush,,,^ w ɑː m $,default,
aee_at-Kinship-ownchild-1,,aee_at,Kinship-ownchild,mɑːʃum,mɑːʃum,m ɑː ʃ u m,,hindukush,,,^ m ɑː ʃ u m $,default,
aee_at-Kinship-brother-1,,aee_at,Kinship-brother,blɑːm,blɑːm,b l ɑː m,,hindukush,,,^ b l ɑː m $,default,
aee_at-Kinship-sister-1,,aee_at,Kinship-sister,saːwom,saːwom,s aː w o m,,hindukush,,,^ s aː w o m $,default,
aee_at-Kinship-olderbrother-1,,aee_at,Kinship-olderbrother,ɖeːʃʈɑː blɑːm,ɖeːʃʈɑː_blɑːm,ɖ eː ʃ ʈ ɑː + b l ɑː m,,hindukush,,,^ ɖ eː ʃ ʈ ɑː _ b l ɑː m $,default,
aee_at-Kinship-youngerbrother-1,,aee_at,Kinship-youngerbrother,kaneːʃʈɑː blɑːm,kaneːʃʈɑː_blɑːm,k a n eː ʃ ʈ ɑː + b l ɑː m,,hindukush,,,^ k a n eː ʃ ʈ ɑː _ b l ɑː m $,default,
aee_at-Kinship-oldersister-1,,aee_at,Kinship-oldersister,ɖeːʃʈiː saːwom,ɖeːʃʈiː_saːwom,ɖ eː ʃ ʈ iː + s aː w o m,,hindukush,,,^ ɖ eː ʃ ʈ iː _ s aː w o m $,default,
aee_at-Kinship-youngersister-1,,aee_at,Kinship-youngersister,lam saːwom,lam_saːwom,l a m + s aː w o m,,hindukush,,,^ l a m _ s aː w o m $,default,
aee_at-Kinship-fathersfather-1,,aee_at,Kinship-fathersfather,bəːwəs bɑːbeː,bəːwəs_bɑːbeː,b əː w ə s + b ɑː b eː,,hindukush,,,^ b əː w ə s _ b ɑː b eː $,default,
aee_at-Kinship-fathersmother-1,,aee_at,Kinship-fathersmother,gaɽeːam,gaɽeːam,g a ɽ eː a m,,hindukush,,,^ g a ɽ eːa m $,default,
aee_at-Kinship-mothersfather-1,,aee_at,Kinship-mothersfather,bɑːbeːam,bɑːbeːam,b ɑː b eː a m,,hindukush,,,^ b ɑː b eːa m $,default,
aee_at-Kinship-mothersmother-1,,aee_at,Kinship-mothersmother,gaɽeːam,gaɽeːam,g a ɽ eː a m,,hindukush,,,^ g a ɽ eːa m $,default,
aee_at-Kinship-sonsson-1,,aee_at,Kinship-sonsson,nawɑːsum,nawɑːsum,n a w ɑː s u m,,hindukush,,,^ n a w ɑː s u m $,default,
aee_at-Kinship-sonsdaughter-1,,aee_at,Kinship-sonsdaughter,nɑːsijum,nɑːsijum,n ɑː s i j u m,,hindukush,,,^ n ɑː s i j u m $,default,
aee_at-Kinship-daughtersson-1,,aee_at,Kinship-daughtersson,nawɑːsum,nawɑːsum,n a w ɑː s u m,,hindukush,,,^ n a w ɑː s u m $,default,
aee_at-Kinship-daughtersdaughter-1,,aee_at,Kinship-daughtersdaughter,nɑːsijum,nɑːsijum,n ɑː s i j u m,,hindukush,,,^ n ɑː s i j u m $,default,
aee_at-Kinship-fathersbrother-1,,aee_at,Kinship-fathersbrother,kaːgɑː,kaːgɑː,k aː g ɑː,,hindukush,,,^ k aː g ɑː $,default,
aee_at-Kinship-fathersolderbrother-1,,aee_at,Kinship-fathersolderbrother,ɖeːʃʈɑː kaːgɑː,ɖeːʃʈɑː_kaːgɑː,ɖ eː ʃ ʈ ɑː + k aː g ɑː,,hindukush,,,^ ɖ eː ʃ ʈ ɑː _ k aː g ɑː $,default,
aee_at-Kinship-fathersyoungerbrother-1,,aee_at,Kinship-fathersyoungerbrother,lam kaːgɑː,lam_kaːgɑː,l a m + k aː g ɑː,,hindukush,,,^ l a m _ k aː g ɑː $,default,
aee_at-Kinship-fatherssister-1,,aee_at,Kinship-fatherssister,maːmeːam,maːmeːam,m aː m eː a m,,hindukush,,,^ m aː m eːa m $,default,
aee_at-Kinship-fathersoldersister-1,,aee_at,Kinship-fathersoldersister,ɖeːʃʈiː maːmeːam,ɖeːʃʈiː_maːmeːam,ɖ eː ʃ ʈ iː + m aː m eː a m,,hindukush,,,^ ɖ eː ʃ ʈ iː _ m aː m eːa m $,default,
aee_at-Kinship-fathersyoungersister-1,,aee_at,Kinship-fathersyoungersister,kaneːʃʈiː maːmeːam,kaneːʃʈiː_maːmeːam,k a n eː ʃ ʈ iː + m aː m eː a m,,hindukush,,,^ k a n eː ʃ ʈ iː _ m aː m eːa m $,default,
aee_at-Kinship-mothersbrother-1,,aee_at,Kinship-mothersbrother,maik,maik,m ai k,,hindukush,,,^ m ai k $,default,
aee_at-Kinship-mothersolderbrother-1,,aee_at,Kinship-mothersolderbrother,ɖeːʃʈɑː maik,ɖeːʃʈɑː_maik,ɖ eː ʃ ʈ ɑː + m ai k,,hindukush,,,^ ɖ eː ʃ ʈ ɑː _ m ai k $,default,
aee_at-Kinship-mothersyoungerbrother-1,,aee_at,Kinship-mothersyoungerbrother,kaneːʃʈɑː maik,kaneːʃʈɑː_maik,k a n eː ʃ ʈ ɑː + m ai k,,hindukush,,,^ k a n eː ʃ ʈ ɑː _ m ai k $,default,
aee_at-Kinship-motherssister-1,,aee_at,Kinship-motherssister,maːmeːam,maːmeːam,m aː m eː a m,,hindukush,,,^ m aː m eːa m $,default,
aee_at-Kinship-mothersoldersister-1,,aee_at,Kinship-mothersoldersister,ɖeːʃʈiː maːmeːam,ɖeːʃʈiː_maːmeːam,ɖ eː ʃ ʈ iː + m aː m eː a m,,hindukush,,,^ ɖ eː ʃ ʈ iː _ m aː m eːa m $,default,
aee_at-Kinship-mothersyoungersister-1,,aee_at,Kinship-mothersyoungersister,kaneːʃʈiː maːmeːam,kaneːʃʈiː_maːmeːam,k a n eː ʃ ʈ iː + m aː m eː a m,,hindukush,,,^ k a n eː ʃ ʈ iː _ m aː m eːa m $,default,
aee_at-Kinship-brothersson-1,,aee_at,Kinship-brothersson,laːestam,laːestam,l aː e s t a m,,hindukush,,,^ l aːe s t a m $,default,
aee_at-Kinship-brothersdaughter-1,,aee_at,Kinship-brothersdaughter,laːestam oːja,laːestam_oːja,l aː e s t a m + oː j a,,hindukush,,,^ l aːe s t a m _ oː j a $,default,
aee_at-Kinship-sistersson-1,,aee_at,Kinship-sistersson,nawɑːsa,nawɑːsa,n a w ɑː s a,,hindukush,,,^ n a w ɑː s a $,default,
aee_at-Kinship-sistersdaughter-1,,aee_at,Kinship-sistersdaughter,nawɑːsi,nawɑːsi,n a w ɑː s i,,hindukush,,,^ n a w ɑː s i $,default,
aee_at-Kinship-husband-1,,aee_at,Kinship-husband,poːnja,poːnja,p oː n j a,,hindukush,,,^ p oː n j a $,default,
aee_at-Kinship-wife-1,,aee_at,Kinship-wife,trik,trik,t r i k,,hindukush,,,^ t r i k $,default,
aee_at-Kinship-fathersolderbrotherswife-1,,aee_at,Kinship-fathersolderbrotherswife,aːji,aːji,aː j i,,hindukush,,,^ aː j i $,default,
aee_at-Kinship-fathersyoungerbrotherswife-1,,aee_at,Kinship-fathersyoungerbrotherswife,aːji,aːji,aː j i,,hindukush,,,^ aː j i $,default,
aee_at-Kinship-fatherssistershusband-1,,aee_at,Kinship-fatherssistershusband,mɑːmeːam,mɑːmeːam,m ɑː m eː a m,,hindukush,,,^ m ɑː m eːa m $,default,
aee_at-Kinship-mothersbrotherswife-1,,aee_at,Kinship-mothersbrotherswife,mamak,mamak,m a m a k,,hindukush,,,^ m a m a k $,default,
aee_at-Kinship-motherssistershusband-1,,aee_at,Kinship-motherssistershusband,mamba,mamba,m a m b a,,hindukush,,,^ m a m b a $,default,
aee_at-Kinship-sonswife-1,,aee_at,Kinship-sonswife,sunzam,sunzam,s u n z a m,,hindukush,,,^ s u n z a m $,default,
aee_at-Kinship-daughtershusband-1,,aee_at,Kinship-daughtershusband,"d͡ʒomɑːm, d͡ʒɑːmijɑː",d͡ʒomɑːm,dʒ o m ɑː m,,hindukush,,,^ d͡ʒ o m ɑː m $,default,
aee_at-Kinship-daughtershusband-2,,aee_at,Kinship-daughtershusband,"d͡ʒomɑːm, d͡ʒɑːmijɑː",d͡ʒɑːmijɑː,dʒ ɑː m i j ɑː,,hindukush,,,^ d͡ʒ ɑː m i j ɑː $,default,
aee_at-Kinship-brotherswifemaleego-1,,aee_at,Kinship-brotherswifemaleego,ʃenegam,ʃenegam,ʃ e n e g a m,,hindukush,,,^ ʃ e n e g a m $,default,
aee_at-Kinship-brotherswifefemaleego-1,,aee_at,Kinship-brotherswifefemaleego,ʃenegam,ʃenegam,ʃ e n e g a m,,hindukush,,,^ ʃ e n e g a m $,default,
aee_at-Kinship-sistershusbandmaleego-1,,aee_at,Kinship-sistershusbandmaleego,pɑːeːreːm,pɑːeːreːm,p ɑː eː r eː m,,hindukush,,,^ p ɑːeː r eː m $,default,
aee_at-Kinship-sistershusbandfemaleego-1,,aee_at,Kinship-sistershusbandfemaleego,pɑːeːreːm,pɑːeːreːm,p ɑː eː r eː m,,hindukush,,,^ p ɑːeː r eː m $,default,
aee_at-Kinship-wifesfather-1,,aee_at,Kinship-wifesfather,ʃeːrim,ʃeːrim,ʃ eː r i m,,hindukush,,,^ ʃ eː r i m $,default,
aee_at-Kinship-wifesmother-1,,aee_at,Kinship-wifesmother,ʃeːrim,ʃeːrim,ʃ eː r i m,,hindukush,,,^ ʃ eː r i m $,default,
aee_at-Kinship-husbandsfather-1,,aee_at,Kinship-husbandsfather,ʃenʃuːrɑː,ʃenʃuːrɑː,ʃ e n ʃ uː r ɑː,,hindukush,,,^ ʃ e nʃ uː r ɑː $,default,
aee_at-Kinship-husbandsmother-1,,aee_at,Kinship-husbandsmother,ʃenʃuːrim,ʃenʃuːrim,ʃ e n ʃ uː r i m,,hindukush,,,^ ʃ e nʃ uː r i m $,default,
aee_at-Kinship-husbandsbrother-1,,aee_at,Kinship-husbandsbrother,dərwiː,dərwiː,d ə r w iː,,hindukush,,,^ d ə rw iː $,default,
aee_at-Kinship-husbandssister-1,,aee_at,Kinship-husbandssister,d͡ʒɑːmijɑː,d͡ʒɑːmijɑː,dʒ ɑː m i j ɑː,,hindukush,,,^ d͡ʒ ɑː m i j ɑː $,default,
aee_at-Kinship-wifesbrother-1,,aee_at,Kinship-wifesbrother,faːriː,faːriː,f aː r iː,,hindukush,,,^ f aː r iː $,default,
aee_at-Kinship-wifessister-1,,aee_at,Kinship-wifessister,"awər blɑːm, awər saːwom",awər_blɑːm,a w ə r + b l ɑː m,,hindukush,,,^ a w ə r _ b l ɑː m $,default,
aee_at-Kinship-wifessister-2,,aee_at,Kinship-wifessister,"awər blɑːm, awər saːwom",awər_saːwom,a w ə r + s aː w o m,,hindukush,,,^ a w ə r _ s aː w o m $,default,
aee_at-Kinship-husbandsbrotherswife-1,,aee_at,Kinship-husbandsbrotherswife,"dərəwanum, dərəwan, zajif",dərəwanum,d ə r ə w a n u m,,hindukush,,,^ d ə r ə w a n u m $,default,
aee_at-Kinship-husbandsbrotherswife-2,,aee_at,Kinship-husbandsbrotherswife,"dərəwanum, dərəwan, zajif",dərəwan,d ə r ə w a n,,hindukush,,,^ d ə r ə w a n $,default,
aee_at-Kinship-husbandsbrotherswife-3,,aee_at,Kinship-husbandsbrotherswife,"dərəwanum, dərəwan, zajif",zajif,z a j i f,,hindukush,,,^ z a j i f $,default,
aee_at-Kinship-husbandssistershusband-1,,aee_at,Kinship-husbandssistershusband,laːlaː ham laːlaː,laːlaː_ham_laːlaː,l aː l aː + h a m + l aː l aː,,hindukush,,,^ l aː l aː _ h a m _ l aː l aː $,default,
aee_at-Kinship-wifesbrotherswife-1,,aee_at,Kinship-wifesbrotherswife,ʃənik,ʃənik,ʃ ə n i k,,hindukush,,,^ ʃ ə n i k $,default,
aee_at-Kinship-cowife-1,,aee_at,Kinship-cowife,ʒuwɑːɽin,ʒuwɑːɽin,ʒ u w ɑː ɽ i n,,hindukush,,,^ ʒ u w ɑː ɽ i n $,default,
aee_at-Kinship-sonswifesfather-1,,aee_at,Kinship-sonswifesfather,pətrɑːstam ʃeːrə,pətrɑːstam_ʃeːrə,p ə t r ɑː s t a m + ʃ eː r ə,,hindukush,,,^ p ə t r ɑː s t a m _ ʃ eː r ə $,default,
aee_at-Kinship-sonswifesmother-1,,aee_at,Kinship-sonswifesmother,pətrɑːstam ʃeːrəwɑː ham,pətrɑːstam_ʃeːrəwɑː_ham,p ə t r ɑː s t a m + ʃ eː r ə w ɑː + h a m,,hindukush,,,^ p ə t r ɑː s t a m _ ʃ eː r ə w ɑː _ h a m $,default,
aee_at-Kinship-daughtershusbandsfather-1,,aee_at,Kinship-daughtershusbandsfather,wɑːstam ʃeːrə ham,wɑːstam_ʃeːrə_ham,w ɑː s t a m + ʃ eː r ə + h a m,,hindukush,,,^ w ɑː s t a m _ ʃ eː r ə _ h a m $,default,
aee_at-Kinship-daughtershusbandsmother-1,,aee_at,Kinship-daughtershusbandsmother,wɑːstam ʃeːrəwɑː ʃeːrə,wɑːstam_ʃeːrəwɑː_ʃeːrə,w ɑː s t a m + ʃ eː r ə w ɑː + ʃ eː r ə,,hindukush,,,^ w ɑː s t a m _ ʃ eː r ə w ɑː _ ʃ eː r ə $,default,
aee_at-Kinship-stepsisternosharedparent-1,,aee_at,Kinship-stepsisternosharedparent,awər saːwom,awər_saːwom,a w ə r + s aː w o m,,hindukush,,,^ a w ə r _ s aː w o m $,default,
aee_at-Kinship-stepmother-1,,aee_at,Kinship-stepmother,awər,awər,a w ə r,,hindukush,,,^ a w ə r $,default,
aee_at-Kinship-stepfather-1,,aee_at,Kinship-stepfather,awər,awər,a w ə r,,hindukush,,,^ a w ə r $,default,
aee_at-Kinship-stepson-1,,aee_at,Kinship-stepson,bɑːwast pətrə,bɑːwast_pətrə,b ɑː w a s t + p ə t r ə,,hindukush,,,^ b ɑː w a s t _ p ə t r ə $,default,
aee_at-Kinship-stepdaughter-1,,aee_at,Kinship-stepdaughter,oːjast pətrə,oːjast_pətrə,oː j a s t + p ə t r ə,,hindukush,,,^ oː j a s t _ p ə t r ə $,default,
aee_at-Kinship-fathersfathersfather-1,,aee_at,Kinship-fathersfathersfather,baj bɑːwu,baj_bɑːwu,b a j + b ɑː w u,,hindukush,,,^ b a j _ b ɑː w u $,default,
aee_at-Kinship-mothersmothersmother-1,,aee_at,Kinship-mothersmothersmother,baj bɑːwast wajə,baj_bɑːwast_wajə,b a j + b ɑː w a s t + w a j ə,,hindukush,,,^ b a j _ b ɑː w a s t _ w a j ə $,default,
aee_at-Kinship-forefather-1,,aee_at,Kinship-forefather,bɑːwast,bɑːwast,b ɑː w a s t,,hindukush,,,^ b ɑː w a s t $,default,
aee_at-Kinship-foremother-1,,aee_at,Kinship-foremother,bɑːwast d͡ʒudɑː,bɑːwast_d͡ʒudɑː,b ɑː w a s t + dʒ u d ɑː,,hindukush,,,^ b ɑː w a s t _ d͡ʒ u d ɑː $,default,
aee_at-Kinship-fathersbrothersson-1,,aee_at,Kinship-fathersbrothersson,bɑːwast blɑːwa pətrə,bɑːwast_blɑːwa_pətrə,b ɑː w a s t + b l ɑː w a + p ə t r ə,,hindukush,,,^ b ɑː w a s t _ b l ɑː w a _ p ə t r ə $,default,
aee_at-Kinship-fathersbrothersdaughter-1,,aee_at,Kinship-fathersbrothersdaughter,bɑːwast blɑːwastɑː,bɑːwast_blɑːwastɑː,b ɑː w a s t + b l ɑː w a s t ɑː,,hindukush,,,^ b ɑː w a s t _ b l ɑː w a s t ɑː $,default,
aee_at-Kinship-fatherssistersson-1,,aee_at,Kinship-fatherssistersson,bɑːwast sɑːwastɑː pətrə,bɑːwast_sɑːwastɑː_pətrə,b ɑː w a s t + s ɑː w a s t ɑː + p ə t r ə,,hindukush,,,^ b ɑː w a s t _ s ɑː w a s t ɑː _ p ə t r ə $,default,
aee_at-Kinship-fatherssistersdaughter-1,,aee_at,Kinship-fatherssistersdaughter,bɑːwast wa,bɑːwast_wa,b ɑː w a s t + w a,,hindukush,,,^ b ɑː w a s t _ w a $,default,
aee_at-Kinship-mothersbrothersson-1,,aee_at,Kinship-mothersbrothersson,maikəst pətrə,maikəst_pətrə,m ai k ə s t + p ə t r ə,,hindukush,,,^ m ai k ə s t _ p ə t r ə $,default,
aee_at-Kinship-mothersbrothersdaughter-1,,aee_at,Kinship-mothersbrothersdaughter,maikəst wa,maikəst_wa,m ai k ə s t + w a,,hindukush,,,^ m ai k ə s t _ w a $,default,
aee_at-Kinship-motherssistersson-1,,aee_at,Kinship-motherssistersson,mambastam pətrə,mambastam_pətrə,m a m b a s t a m + p ə t r ə,,hindukush,,,^ m a m b a s t a m _ p ə t r ə $,default,
aee_at-Kinship-motherssistersdaughter-1,,aee_at,Kinship-motherssistersdaughter,mɑːmbeːjast wa,mɑːmbeːjast_wa,m ɑː m b eː j a s t + w a,,hindukush,,,^ m ɑː m b eː j a s t _ w a $,default,
aee_at-Kinship-relative-1,,aee_at,Kinship-relative,"tɑːnuk, dustan",tɑːnuk,t ɑː n u k,,hindukush,,,^ t ɑː n u k $,default,
aee_at-Kinship-relative-2,,aee_at,Kinship-relative,"tɑːnuk, dustan",dustan,d u s t a n,,hindukush,,,^ d u s t a n $,default,
aee_at-Kinship-affinalrelative-1,,aee_at,Kinship-affinalrelative,"χeːnan, dustan",χeːnan,χ eː n a n,,hindukush,,,^ χ eː n a n $,default,
aee_at-Kinship-affinalrelative-2,,aee_at,Kinship-affinalrelative,"χeːnan, dustan",dustan,d u s t a n,,hindukush,,,^ d u s t a n $,default,
aee_at-Kinship-bloodrelative-1,,aee_at,Kinship-bloodrelative,astrə ʃərik,astrə_ʃərik,a s t r ə + ʃ ə r i k,,hindukush,,,^ a s t r ə _ ʃ ə r i k $,default,
aee_at-Kinship-headofhousehold-1,,aee_at,Kinship-headofhousehold,gəʃinast məʃəra,gəʃinast_məʃəra,g ə ʃ i n a s t + m ə ʃ ə r a,,hindukush,,,^ g ə ʃ i n a s t _ m ə ʃ ə r a $,default,
aee_at-Kinship-headofclan-1,,aee_at,Kinship-headofclan,ulusas ɖeːʃʈeː,ulusas_ɖeːʃʈeː,u l u s a s + ɖ eː ʃ ʈ eː,,hindukush,,,^ u l u s a s _ ɖ eː ʃ ʈ eː $,default,
aee_at-Kinship-headoftribe-1,,aee_at,Kinship-headoftribe,tapɑːs ɖeːʃʈeː,tapɑːs_ɖeːʃʈeː,t a p ɑː s + ɖ eː ʃ ʈ eː,,hindukush,,,^ t a p ɑː s _ ɖ eː ʃ ʈ eː $,default,
aee_at-Kinship-halfsistersamemotherdifferentfather-1,,aee_at,Kinship-halfsistersamemotherdifferentfather,naːsikɑː sɑːw,naːsikɑː_sɑːw,n aː s i k ɑː + s ɑː w,,hindukush,,,^ n aː s i k ɑː _ s ɑː w $,default,
aee_at-Kinship-halfbrothersamemotherdifferentfather-1,,aee_at,Kinship-halfbrothersamemotherdifferentfather,naːsikɑː blɑːw,naːsikɑː_blɑːw,n aː s i k ɑː + b l ɑː w,,hindukush,,,^ n aː s i k ɑː _ b l ɑː w $,default,
aee_ch-Kinship-father-1,,aee_ch,Kinship-father,baːw,baːw,b aː w,,hindukush,,,^ b aː w $,default,
aee_ch-Kinship-mother-1,,aee_ch,Kinship-mother,aːi,aːi,aːi,,hindukush,,,^ aːi $,default,
aee_ch-Kinship-parent-1,,aee_ch,Kinship-parent,aːi aw baːw,aːi_aw_baːw,aːi + a w + b aː w,,hindukush,,,^ aːi _ a w _ b aː w $,default,
aee_ch-Kinship-son-1,,aee_ch,Kinship-son,pʰuːləm,pʰuːləm,pʰ uː l ə m,,hindukush,,,^ pʰ uː l ə m $,default,
aee_ch-Kinship-daughter-1,,aee_ch,Kinship-daughter,wom,wom,w o m,,hindukush,,,^ w o m $,default,
aee_ch-Kinship-ownchild-1,,aee_ch,Kinship-ownchild,laːm,laːm,l aː m,,hindukush,,,^ l aː m $,default,
aee_ch-Kinship-brother-1,,aee_ch,Kinship-brother,loːm,loːm,l oː m,,hindukush,,,^ l oː m $,default,
aee_ch-Kinship-sister-1,,aee_ch,Kinship-sister,saːwom,saːwom,s aː w o m,,hindukush,,,^ s aː w o m $,default,
aee_ch-Kinship-olderbrother-1,,aee_ch,Kinship-olderbrother,dəʃtoː loːm,dəʃtoː_loːm,d ə ʃ t oː + l oː m,,hindukush,,,^ d ə ʃ t oː _ l oː m $,default,
aee_ch-Kinship-youngerbrother-1,,aee_ch,Kinship-youngerbrother,kaːniʃtoː loːm,kaːniʃtoː_loːm,k aː n i ʃ t oː + l oː m,,hindukush,,,^ k aː n i ʃ t oː _ l oː m $,default,
aee_ch-Kinship-oldersister-1,,aee_ch,Kinship-oldersister,dəʃtiː saːwom,dəʃtiː_saːwom,d ə ʃ t iː + s aː w o m,,hindukush,,,^ d ə ʃ t iː _ s aː w o m $,default,
aee_ch-Kinship-youngersister-1,,aee_ch,Kinship-youngersister,kaːniʃtiː saːwom,kaːniʃtiː_saːwom,k aː n i ʃ t iː + s aː w o m,,hindukush,,,^ k aː n i ʃ t iː _ s aː w o m $,default,
aee_ch-Kinship-fathersfather-1,,aee_ch,Kinship-fathersfather,gaːɽ baːw,gaːɽ_baːw,g aː ɽ + b aː w,,hindukush,,,^ g aː ɽ _ b aː w $,default,
aee_ch-Kinship-fathersmother-1,,aee_ch,Kinship-fathersmother,gaːɽ aːi,gaːɽ_aːi,g aː ɽ + aːi,,hindukush,,,^ g aː ɽ _ aːi $,default,
aee_ch-Kinship-mothersfather-1,,aee_ch,Kinship-mothersfather,aːi bohoː gaːɽ baːw,aːi_bohoː_gaːɽ_baːw,aːi + b o h oː + g aː ɽ + b aː w,,hindukush,,,^ aːi _ b o h oː _ g aː ɽ _ b aː w $,default,
aee_ch-Kinship-mothersmother-1,,aee_ch,Kinship-mothersmother,aːi bohoː gaːɽ aːi,aːi_bohoː_gaːɽ_aːi,aːi + b o h oː + g aː ɽ + aːi,,hindukush,,,^ aːi _ b o h oː _ g aː ɽ _ aːi $,default,
aee_ch-Kinship-sonsson-1,,aee_ch,Kinship-sonsson,nusum,nusum,n u s u m,,hindukush,,,^ n u s u m $,default,
aee_ch-Kinship-sonsdaughter-1,,aee_ch,Kinship-sonsdaughter,nusijim,nusijim,n u s i j i m,,hindukush,,,^ n u s i j i m $,default,
aee_ch-Kinship-daughtersson-1,,aee_ch,Kinship-daughtersson,"waːstəm pʰulə, nusum",waːstəm_pʰulə,w aː s t ə m + pʰ u l ə,,hindukush,,,^ w aː s t ə m _ pʰ u l ə $,default,
aee_ch-Kinship-daughtersson-2,,aee_ch,Kinship-daughtersson,"waːstəm pʰulə, nusum",nusum,n u s u m,,hindukush,,,^ n u s u m $,default,
aee_ch-Kinship-daughtersdaughter-1,,aee_ch,Kinship-daughtersdaughter,"waːstəm waː, nusijim",waːstəm_waː,w aː s t ə m + w aː,,hindukush,,,^ w aː s t ə m _ w aː $,default,
aee_ch-Kinship-daughtersdaughter-2,,aee_ch,Kinship-daughtersdaughter,"waːstəm waː, nusijim",nusijim,n u s i j i m,,hindukush,,,^ n u s i j i m $,default,
aee_ch-Kinship-fathersbrother-1,,aee_ch,Kinship-fathersbrother,baːwas la,baːwas_la,b aː w a s + l a,,hindukush,,,^ b aː w a s _ l a $,default,
aee_ch-Kinship-fathersolderbrother-1,,aee_ch,Kinship-fathersolderbrother,baːwas dəʃtoː la,baːwas_dəʃtoː_la,b aː w a s + d ə ʃ t oː + l a,,hindukush,,,^ b aː w a s _ d ə ʃ t oː _ l a $,default,
aee_ch-Kinship-fathersyoungerbrother-1,,aee_ch,Kinship-fathersyoungerbrother,baːwas kaːniʃtoː la,baːwas_kaːniʃtoː_la,b aː w a s + k aː n i ʃ t oː + l a,,hindukush,,,^ b aː w a s _ k aː n i ʃ t oː _ l a $,default,
aee_ch-Kinship-fatherssister-1,,aee_ch,Kinship-fatherssister,"baːwas sawaː, mumik",baːwas_sawaː,b aː w a s + s a w aː,,hindukush,,,^ b aː w a s _ s a w aː $,default,
aee_ch-Kinship-fatherssister-2,,aee_ch,Kinship-fatherssister,"baːwas sawaː, mumik",mumik,m u m i k,,hindukush,,,^ m u m i k $,default,
aee_ch-Kinship-fathersoldersister-1,,aee_ch,Kinship-fathersoldersister,"baːwas dəʃʈiː sawaː, dəʃʈiː mumik",baːwas_dəʃʈiː_sawaː,b aː w a s + d ə ʃ ʈ iː + s a w aː,,hindukush,,,^ b aː w a s _ d ə ʃ ʈ iː _ s a w aː $,default,
aee_ch-Kinship-fathersoldersister-2,,aee_ch,Kinship-fathersoldersister,"baːwas dəʃʈiː sawaː, dəʃʈiː mumik",dəʃʈiː_mumik,d ə ʃ ʈ iː + m u m i k,,hindukush,,,^ d ə ʃ ʈ iː _ m u m i k $,default,
aee_ch-Kinship-fathersyoungersister-1,,aee_ch,Kinship-fathersyoungersister,"baːwas kaːniʃtiː sawaː, kaːniʃtiː mumik",baːwas_kaːniʃtiː_sawaː,b aː w a s + k aː n i ʃ t iː + s a w aː,,hindukush,,,^ b aː w a s _ k aː n i ʃ t iː _ s a w aː $,default,
aee_ch-Kinship-fathersyoungersister-2,,aee_ch,Kinship-fathersyoungersister,"baːwas kaːniʃtiː sawaː, kaːniʃtiː mumik",kaːniʃtiː_mumik,k aː n i ʃ t iː + m u m i k,,hindukush,,,^ k aː n i ʃ t iː _ m u m i k $,default,
aee_ch-Kinship-mothersbrother-1,,aee_ch,Kinship-mothersbrother,"meːk, aːis la",meːk,m eː k,,hindukush,,,^ m eː k $,default,
aee_ch-Kinship-mothersbrother-2,,aee_ch,Kinship-mothersbrother,"meːk, aːis la",aːis_la,aːi s + l a,,hindukush,,,^ aːi s _ l a $,default,
aee_ch-Kinship-mothersolderbrother-1,,aee_ch,Kinship-mothersolderbrother,"aːis dəʃtoː la, dəʃtoː meːk",aːis_dəʃtoː_la,aːi s + d ə ʃ t oː + l a,,hindukush,,,^ aːi s _ d ə ʃ t oː _ l a $,default,
aee_ch-Kinship-mothersolderbrother-2,,aee_ch,Kinship-mothersolderbrother,"aːis dəʃtoː la, dəʃtoː meːk",dəʃtoː_meːk,d ə ʃ t oː + m eː k,,hindukush,,,^ d ə ʃ t oː _ m eː k $,default,
aee_ch-Kinship-mothersyoungerbrother-1,,aee_ch,Kinship-mothersyoungerbrother,"aːis kaːniʃtoː la, kaːniʃtoː meːk",aːis_kaːniʃtoː_la,aːi s + k aː n i ʃ t oː + l a,,hindukush,,,^ aːi s _ k aː n i ʃ t oː _ l a $,default,
aee_ch-Kinship-mothersyoungerbrother-2,,aee_ch,Kinship-mothersyoungerbrother,"aːis kaːniʃtoː la, kaːniʃtoː meːk",kaːniʃtoː_meːk,k aː n i ʃ t oː + m eː k,,hindukush,,,^ k aː n i ʃ t oː _ m eː k $,default,
aee_ch-Kinship-motherssister-1,,aee_ch,Kinship-motherssister,"aːis sawaː, kaːniʃtiː aːi",aːis_sawaː,aːi s + s a w aː,,hindukush,,,^ aːi s _ s a w aː $,default,
aee_ch-Kinship-motherssister-2,,aee_ch,Kinship-motherssister,"aːis sawaː, kaːniʃtiː aːi",kaːniʃtiː_aːi,k aː n i ʃ t iː + aːi,,hindukush,,,^ k aː n i ʃ t iː _ aːi $,default,
aee_ch-Kinship-mothersoldersister-1,,aee_ch,Kinship-mothersoldersister,"aːis dəʃtiː saːwa, dəʃtiː aːi",aːis_dəʃtiː_saːwa,aːi s + d ə ʃ t iː + s aː w a,,hindukush,,,^ aːi s _ d ə ʃ t iː _ s aː w a $,default,
aee_ch-Kinship-mothersoldersister-2,,aee_ch,Kinship-mothersoldersister,"aːis dəʃtiː saːwa, dəʃtiː aːi",dəʃtiː_aːi,d ə ʃ t iː + aːi,,hindukush,,,^ d ə ʃ t iː _ aːi $,default,
aee_ch-Kinship-mothersyoungersister-1,,aee_ch,Kinship-mothersyoungersister,"aːis kaːniʃtiː saːwa, kaːniʃtiː aːi",aːis_kaːniʃtiː_saːwa,aːi s + k aː n i ʃ t iː + s aː w a,,hindukush,,,^ aːi s _ k aː n i ʃ t iː _ s aː w a $,default,
aee_ch-Kinship-mothersyoungersister-2,,aee_ch,Kinship-mothersyoungersister,"aːis kaːniʃtiː saːwa, kaːniʃtiː aːi",kaːniʃtiː_aːi,k aː n i ʃ t iː + aːi,,hindukush,,,^ k aː n i ʃ t iː _ aːi $,default,
aee_ch-Kinship-brothersson-1,,aee_ch,Kinship-brothersson,laːstəm pʰulə,laːstəm_pʰulə,l aː s t ə m + pʰ u l ə,,hindukush,,,^ l aː s t ə m _ pʰ u l ə $,default,
aee_ch-Kinship-brothersdaughter-1,,aee_ch,Kinship-brothersdaughter,laːstəm wa,laːstəm_wa,l aː s t ə m + w a,,hindukush,,,^ l aː s t ə m _ w a $,default,
aee_ch-Kinship-sistersson-1,,aee_ch,Kinship-sistersson,"xoːraja, sawaːstəm pʰulə",xoːraja,x oː r a j a,,hindukush,,,^ x oː r a j a $,default,
aee_ch-Kinship-sistersson-2,,aee_ch,Kinship-sistersson,"xoːraja, sawaːstəm pʰulə",sawaːstəm_pʰulə,s a w aː s t ə m + pʰ u l ə,,hindukush,,,^ s a w aː s t ə m _ pʰ u l ə $,default,
aee_ch-Kinship-sistersdaughter-1,,aee_ch,Kinship-sistersdaughter,"nosim, sawaːstəm wa",nosim,n o s i m,,hindukush,,,^ n o s i m $,default,
aee_ch-Kinship-sistersdaughter-2,,aee_ch,Kinship-sistersdaughter,"nosim, sawaːstəm wa",sawaːstəm_wa,s a w aː s t ə m + w a,,hindukush,,,^ s a w aː s t ə m _ w a $,default,
aee_ch-Kinship-husband-1,,aee_ch,Kinship-husband,pojn,pojn,p o j n,,hindukush,,,^ p o j n $,default,
aee_ch-Kinship-wife-1,,aee_ch,Kinship-wife,"ɬik, moʃi",ɬik,ɬ i k,,hindukush,,,^ ɬ i k $,default,
aee_ch-Kinship-wife-2,,aee_ch,Kinship-wife,"ɬik, moʃi",moʃi,m o ʃ i,,hindukush,,,^ m o ʃ i $,default,
aee_ch-Kinship-fathersolderbrotherswife-1,,aee_ch,Kinship-fathersolderbrotherswife,baːwas dəʃtiː laːstoː ɬik,baːwas_dəʃtiː_laːstoː_ɬik,b aː w a s + d ə ʃ t iː + l aː s t oː + ɬ i k,,hindukush,,,^ b aː w a s _ d ə ʃ t iː _ l aː s t oː _ ɬ i k $,default,
aee_ch-Kinship-fathersyoungerbrotherswife-1,,aee_ch,Kinship-fathersyoungerbrotherswife,baːwas kaːniʃtoː laːstoː ɬikja,baːwas_kaːniʃtoː_laːstoː_ɬikja,b aː w a s + k aː n i ʃ t oː + l aː s t oː + ɬ i k j a,,hindukush,,,^ b aː w a s _ k aː n i ʃ t oː _ l aː s t oː _ ɬ i k j a $,default,
aee_ch-Kinship-fatherssistershusband-1,,aee_ch,Kinship-fatherssistershusband,"mumik kəs poːzə, baːwas sawaːstoː poːzə",mumik_kəs_poːzə,m u m i k + k ə s + p oː z ə,,hindukush,,,^ m u m i k _ k ə s _ p oː z ə $,default,
aee_ch-Kinship-fatherssistershusband-2,,aee_ch,Kinship-fatherssistershusband,"mumik kəs poːzə, baːwas sawaːstoː poːzə",baːwas_sawaːstoː_poːzə,b aː w a s + s a w aː s t oː + p oː z ə,,hindukush,,,^ b aː w a s _ s a w aː s t oː _ p oː z ə $,default,
aee_ch-Kinship-mothersbrotherswife-1,,aee_ch,Kinship-mothersbrotherswife,mumik ɬik,mumik_ɬik,m u m i k + ɬ i k,,hindukush,,,^ m u m i k _ ɬ i k $,default,
aee_ch-Kinship-motherssistershusband-1,,aee_ch,Kinship-motherssistershusband,aːis sawaːstoː poːzə,aːis_sawaːstoː_poːzə,aːi s + s a w aː s t oː + p oː z ə,,hindukush,,,^ aːi s _ s a w aː s t oː _ p oː z ə $,default,
aee_ch-Kinship-sonswife-1,,aee_ch,Kinship-sonswife,suzoːm,suzoːm,s u z oː m,,hindukush,,,^ s u z oː m $,default,
aee_ch-Kinship-daughtershusband-1,,aee_ch,Kinship-daughtershusband,"zoːmom, zoːmaːi",zoːmom,z oː m o m,,hindukush,,,^ z oː m o m $,default,
aee_ch-Kinship-daughtershusband-2,,aee_ch,Kinship-daughtershusband,"zoːmom, zoːmaːi",zoːmaːi,z oː m aːi,,hindukush,,,^ z oː m aːi $,default,
aee_ch-Kinship-brotherswifemaleego-1,,aee_ch,Kinship-brotherswifemaleego,"ʃinik, la səm ɬikja",ʃinik,ʃ i n i k,,hindukush,,,^ ʃ i n i k $,default,
aee_ch-Kinship-brotherswifemaleego-2,,aee_ch,Kinship-brotherswifemaleego,"ʃinik, la səm ɬikja",la_səm_ɬikja,l a + s ə m + ɬ i k j a,,hindukush,,,^ l a _ s ə m _ ɬ i k j a $,default,
aee_ch-Kinship-brotherswifefemaleego-1,,aee_ch,Kinship-brotherswifefemaleego,ʃinik,ʃinik,ʃ i n i k,,hindukush,,,^ ʃ i n i k $,default,
aee_ch-Kinship-sistershusbandmaleego-1,,aee_ch,Kinship-sistershusbandmaleego,"zoːmom, sawaːstəm poːzə",zoːmom,z oː m o m,,hindukush,,,^ z oː m o m $,default,
aee_ch-Kinship-sistershusbandmaleego-2,,aee_ch,Kinship-sistershusbandmaleego,"zoːmom, sawaːstəm poːzə",sawaːstəm_poːzə,s a w aː s t ə m + p oː z ə,,hindukush,,,^ s a w aː s t ə m _ p oː z ə $,default,
aee_ch-Kinship-sistershusbandfemaleego-1,,aee_ch,Kinship-sistershusbandfemaleego,ʃiwuɽuk,ʃiwuɽuk,ʃ i w u ɽ u k,,hindukush,,,^ ʃ i w u ɽ u k $,default,
aee_ch-Kinship-wifesfather-1,,aee_ch,Kinship-wifesfather,"ʃəʃuːroː, ɬijastəm baːwa",ʃəʃuːroː,ʃ ə ʃ uː r oː,,hindukush,,,^ ʃ ə ʃ uː r oː $,default,
aee_ch-Kinship-wifesfather-2,,aee_ch,Kinship-wifesfather,"ʃəʃuːroː, ɬijastəm baːwa",ɬijastəm_baːwa,ɬ i j a s t ə m + b aː w a,,hindukush,,,^ ɬ i j a s t ə m _ b aː w a $,default,
aee_ch-Kinship-wifesmother-1,,aee_ch,Kinship-wifesmother,"ʃəʃuːriː, ɬijastəm oːja",ʃəʃuːriː,ʃ ə ʃ uː r iː,,hindukush,,,^ ʃ ə ʃ uː r iː $,default,
aee_ch-Kinship-wifesmother-2,,aee_ch,Kinship-wifesmother,"ʃəʃuːriː, ɬijastəm oːja",ɬijastəm_oːja,ɬ i j a s t ə m + oː j a,,hindukush,,,^ ɬ i j a s t ə m _ oː j a $,default,
aee_ch-Kinship-husbandsfather-1,,aee_ch,Kinship-husbandsfather,"ʃəʃuːroː, poːzəstəm baːwa",ʃəʃuːroː,ʃ ə ʃ uː r oː,,hindukush,,,^ ʃ ə ʃ uː r oː $,default,
aee_ch-Kinship-husbandsfather-2,,aee_ch,Kinship-husbandsfather,"ʃəʃuːroː, poːzəstəm baːwa",poːzəstəm_baːwa,p oː z ə s t ə m + b aː w a,,hindukush,,,^ p oː z ə s t ə m _ b aː w a $,default,
aee_ch-Kinship-husbandsmother-1,,aee_ch,Kinship-husbandsmother,"ʃəʃuːriː, poːzəstəm oːja",ʃəʃuːriː,ʃ ə ʃ uː r iː,,hindukush,,,^ ʃ ə ʃ uː r iː $,default,
aee_ch-Kinship-husbandsmother-2,,aee_ch,Kinship-husbandsmother,"ʃəʃuːriː, poːzəstəm oːja",poːzəstəm_oːja,p oː z ə s t ə m + oː j a,,hindukush,,,^ p oː z ə s t ə m _ oː j a $,default,
aee_ch-Kinship-husbandsbrother-1,,aee_ch,Kinship-husbandsbrother,ʃiwuɽuk,ʃiwuɽuk,ʃ i w u ɽ u k,,hindukush,,,^ ʃ i w u ɽ u k $,default,
aee_ch-Kinship-husbandssister-1,,aee_ch,Kinship-husbandssister,zuzumi,zuzumi,z u z u m i,,hindukush,,,^ z u z u m i $,default,
aee_ch-Kinship-wifesbrother-1,,aee_ch,Kinship-wifesbrother,ʃiwuɽuk,ʃiwuɽuk,ʃ i w u ɽ u k,,hindukush,,,^ ʃ i w u ɽ u k $,default,
aee_ch-Kinship-wifessister-1,,aee_ch,Kinship-wifessister,ʃiwuɽik,ʃiwuɽik,ʃ i w u ɽ i k,,hindukush,,,^ ʃ i w u ɽ i k $,default,
aee_ch-Kinship-husbandsbrotherswife-1,,aee_ch,Kinship-husbandsbrotherswife,ʃuʈunik,ʃuʈunik,ʃ u ʈ u n i k,,hindukush,,,^ ʃ u ʈ u n i k $,default,
aee_ch-Kinship-husbandssistershusband-1,,aee_ch,Kinship-husbandssistershusband,zuzumi poːzə,zuzumi_poːzə,z u z u m i + p oː z ə,,hindukush,,,^ z u z u m i _ p oː z ə $,default,
aee_ch-Kinship-wifesbrotherswife-1,,aee_ch,Kinship-wifesbrotherswife,ʃiwuɽik ɬija,ʃiwuɽik_ɬija,ʃ i w u ɽ i k + ɬ i j a,,hindukush,,,^ ʃ i w u ɽ i k _ ɬ i j a $,default,
aee_ch-Kinship-wifessistershusband-1,,aee_ch,Kinship-wifessistershusband,ʃiwuɽik,ʃiwuɽik,ʃ i w u ɽ i k,,hindukush,,,^ ʃ i w u ɽ i k $,default,
aee_ch-Kinship-cowife-1,,aee_ch,Kinship-cowife,d͡ʒoːɽ,d͡ʒoːɽ,dʒ oː ɽ,,hindukush,,,^ d͡ʒ oː ɽ $,default,
aee_ch-Kinship-sonswifesfather-1,,aee_ch,Kinship-sonswifesfather,pʰuləstəm ʃəʃuːraː,pʰuləstəm_ʃəʃuːraː,pʰ u l ə s t ə m + ʃ ə ʃ uː r aː,,hindukush,,,^ pʰ u l ə s t ə m _ ʃ ə ʃ uː r aː $,default,
aee_ch-Kinship-sonswifesmother-1,,aee_ch,Kinship-sonswifesmother,pʰuləstəm ʃəʃuːriːjow,pʰuləstəm_ʃəʃuːriːjow,pʰ u l ə s t ə m + ʃ ə ʃ uː r iː j o w,,hindukush,,,^ pʰ u l ə s t ə m _ ʃ ə ʃ uː r iː j o w $,default,
aee_ch-Kinship-daughtershusbandsfather-1,,aee_ch,Kinship-daughtershusbandsfather,waːstəm ʃəʃuːroː,waːstəm_ʃəʃuːroː,w aː s t ə m + ʃ ə ʃ uː r oː,,hindukush,,,^ w aː s t ə m _ ʃ ə ʃ uː r oː $,default,
aee_ch-Kinship-daughtershusbandsmother-1,,aee_ch,Kinship-daughtershusbandsmother,waːstəm ʃəʃuːriːjow,waːstəm_ʃəʃuːriːjow,w aː s t ə m + ʃ ə ʃ uː r iː j o w,,hindukush,,,^ w aː s t ə m _ ʃ ə ʃ uː r iː j o w $,default,
aee_ch-Kinship-stepsisternosharedparent-1,,aee_ch,Kinship-stepsisternosharedparent,pərəsaːw,pərəsaːw,p ə r ə s aː w,,hindukush,,,^ p ə r ə s aː w $,default,
aee_ch-Kinship-stepmother-1,,aee_ch,Kinship-stepmother,pərə,pərə,p ə r ə,,hindukush,,,^ p ə r ə $,default,
aee_ch-Kinship-stepfather-1,,aee_ch,Kinship-stepfather,pərə baːw,pərə_baːw,p ə r ə + b aː w,,hindukush,,,^ p ə r ə _ b aː w $,default,
aee_ch-Kinship-stepson-1,,aee_ch,Kinship-stepson,pərə pʰuləm,pərə_pʰuləm,p ə r ə + pʰ u l ə m,,hindukush,,,^ p ə r ə _ pʰ u l ə m $,default,
aee_ch-Kinship-stepdaughter-1,,aee_ch,Kinship-stepdaughter,pərə wom,pərə_wom,p ə r ə + w o m,,hindukush,,,^ p ə r ə _ w o m $,default,
aee_ch-Kinship-fathersfathersfather-1,,aee_ch,Kinship-fathersfathersfather,gaːɽ baːw,gaːɽ_baːw,g aː ɽ + b aː w,,hindukush,,,^ g aː ɽ _ b aː w $,default,
aee_ch-Kinship-mothersmothersmother-1,,aee_ch,Kinship-mothersmothersmother,gaːɽ aːi,gaːɽ_aːi,g aː ɽ + aːi,,hindukush,,,^ g aː ɽ _ aːi $,default,
aee_ch-Kinship-forefather-1,,aee_ch,Kinship-forefather,baːwas gaːɽ baːwa,baːwas_gaːɽ_baːwa,b aː w a s + g aː ɽ + b aː w a,,hindukush,,,^ b aː w a s _ g aː ɽ _ b aː w a $,default,
aee_ch-Kinship-foremother-1,,aee_ch,Kinship-foremother,aːis gaːɽ baːwa,aːis_gaːɽ_baːwa,aːi s + g aː ɽ + b aː w a,,hindukush,,,^ aːi s _ g aː ɽ _ b aː w a $,default,
aee_ch-Kinship-fathersbrothersson-1,,aee_ch,Kinship-fathersbrothersson,baːwas loː pʰulə,baːwas_loː_pʰulə,b aː w a s + l oː + pʰ u l ə,,hindukush,,,^ b aː w a s _ l oː _ pʰ u l ə $,default,
aee_ch-Kinship-fathersbrothersdaughter-1,,aee_ch,Kinship-fathersbrothersdaughter,baːwas laːstoː wa,baːwas_laːstoː_wa,b aː w a s + l aː s t oː + w a,,hindukush,,,^ b aː w a s _ l aː s t oː _ w a $,default,
aee_ch-Kinship-fatherssistersson-1,,aee_ch,Kinship-fatherssistersson,baːwas nusija,baːwas_nusija,b aː w a s + n u s i j a,,hindukush,,,^ b aː w a s _ n u s i j a $,default,
aee_ch-Kinship-fatherssistersdaughter-1,,aee_ch,Kinship-fatherssistersdaughter,mumik kəs wa,mumik_kəs_wa,m u m i k + k ə s + w a,,hindukush,,,^ m u m i k _ k ə s _ w a $,default,
aee_ch-Kinship-mothersbrothersson-1,,aee_ch,Kinship-mothersbrothersson,meːk kəs pʰulə,meːk_kəs_pʰulə,m eː k + k ə s + pʰ u l ə,,hindukush,,,^ m eː k _ k ə s _ pʰ u l ə $,default,
aee_ch-Kinship-mothersbrothersdaughter-1,,aee_ch,Kinship-mothersbrothersdaughter,meːk kəs wa,meːk_kəs_wa,m eː k + k ə s + w a,,hindukush,,,^ m eː k _ k ə s _ w a $,default,
aee_ch-Kinship-motherssistersson-1,,aee_ch,Kinship-motherssistersson,aːis sawaːstoː pʰulə,aːis_sawaːstoː_pʰulə,aːi s + s a w aː s t oː + pʰ u l ə,,hindukush,,,^ aːi s _ s a w aː s t oː _ pʰ u l ə $,default,
aee_ch-Kinship-motherssistersdaughter-1,,aee_ch,Kinship-motherssistersdaughter,aːis sawaːstoː wa,aːis_sawaːstoː_wa,aːi s + s a w aː s t oː + w a,,hindukush,,,^ aːi s _ s a w aː s t oː _ w a $,default,
aee_ch-Kinship-relative-1,,aee_ch,Kinship-relative,aχpəl wom,aχpəl_wom,a χ p ə l + w o m,,hindukush,,,^ a χ p ə l _ w o m $,default,
aee_ch-Kinship-affinalrelative-1,,aee_ch,Kinship-affinalrelative,ʃəʃuːroː aχpəl nu aχpəl wom,ʃəʃuːroː_aχpəl_nu_aχpəl_wom,ʃ ə ʃ uː r oː + a χ p ə l + n u + a χ p ə l + w o m,,hindukush,,,^ ʃ ə ʃ uː r oː _ a χ p ə l _ n u _ a χ p ə l _ w o m $,default,
aee_ch-Kinship-bloodrelative-1,,aee_ch,Kinship-bloodrelative,adaːk aχpəl wom,adaːk_aχpəl_wom,a d aː k + a χ p ə l + w o m,,hindukush,,,^ a d aː k _ a χ p ə l _ w o m $,default,
aee_ch-Kinship-wifesrelatives-1,,aee_ch,Kinship-wifesrelatives,ʃəʃuːroː aχpəl,ʃəʃuːroː_aχpəl,ʃ ə ʃ uː r oː + a χ p ə l,,hindukush,,,^ ʃ ə ʃ uː r oː _ a χ p ə l $,default,
aee_ch-Kinship-headofhousehold-1,,aee_ch,Kinship-headofhousehold,giʃin dəʃtiː,giʃin_dəʃtiː,g i ʃ i n + d ə ʃ t iː,,hindukush,,,^ g i ʃ i n _ d ə ʃ t iː $,default,
aee_ch-Kinship-headofclan-1,,aee_ch,Kinship-headofclan,qoːmunu dəʃtiː,qoːmunu_dəʃtiː,q oː m u n u + d ə ʃ t iː,,hindukush,,,^ q oː m u n u _ d ə ʃ t iː $,default,
aee_ch-Kinship-headoftribe-1,,aee_ch,Kinship-headoftribe,kəndijəs dəʃtiː,kəndijəs_dəʃtiː,k ə n d i j ə s + d ə ʃ t iː,,hindukush,,,^ k ə n d i j ə s _ d ə ʃ t iː $,default,
aee_ch-Kinship-halfsistersamefatherdifferentmother-1,,aee_ch,Kinship-halfsistersamefatherdifferentmother,pərə aːis saːwom,pərə_aːis_saːwom,p ə r ə + aːi s + s aː w o m,,hindukush,,,^ p ə r ə _ aːi s _ s aː w o m $,default,
aee_ch-Kinship-halfbrothersamefatherdifferentmother-1,,aee_ch,Kinship-halfbrothersamefatherdifferentmother,pərə aːis bohoː loːm,pərə_aːis_bohoː_loːm,p ə r ə + aːi s + b o h oː + l oː m,,hindukush,,,^ p ə r ə _ aːi s _ b o h oː _ l oː m $,default,
aee_ch-Kinship-halfsistersamemotherdifferentfather-1,,aee_ch,Kinship-halfsistersamemotherdifferentfather,pərə baːwas bohoː saːwom,pərə_baːwas_bohoː_saːwom,p ə r ə + b aː w a s + b o h oː + s aː w o m,,hindukush,,,^ p ə r ə _ b aː w a s _ b o h oː _ s aː w o m $,default,
aee_ch-Kinship-halfbrothersamemotherdifferentfather-1,,aee_ch,Kinship-halfbrothersamemotherdifferentfather,pərə baːwas bohoː loːm,pərə_baːwas_bohoː_loːm,p ə r ə + b aː w a s + b o h oː + l oː m,,hindukush,,,^ p ə r ə _ b aː w a s _ b o h oː _ l oː m $,default,
aee_kg-Kinship-father-1,,aee_kg,Kinship-father,babɑː,babɑː,b a b ɑː,,hindukush,,,^ b a b ɑː $,default,
aee_kg-Kinship-mother-1,,aee_kg,Kinship-mother,aːi,aːi,aːi,,hindukush,,,^ aːi $,default,
aee_kg-Kinship-parent-1,,aee_kg,Kinship-parent,aːi aw babɑː,aːi_aw_babɑː,aːi + a w + b a b ɑː,,hindukush,,,^ aːi _ a w _ b a b ɑː $,default,
aee_kg-Kinship-son-1,,aee_kg,Kinship-son,pʰuləm,pʰuləm,pʰ u l ə m,,hindukush,,,^ pʰ u l ə m $,default,
aee_kg-Kinship-daughter-1,,aee_kg,Kinship-daughter,wɑːm,wɑːm,w ɑː m,,hindukush,,,^ w ɑː m $,default,
aee_kg-Kinship-ownchild-1,,aee_kg,Kinship-ownchild,kɑːku,kɑːku,k ɑː k u,,hindukush,,,^ k ɑː k u $,default,
aee_kg-Kinship-brother-1,,aee_kg,Kinship-brother,lɑːm,lɑːm,l ɑː m,,hindukush,,,^ l ɑː m $,default,
aee_kg-Kinship-sister-1,,aee_kg,Kinship-sister,sawɑːm,sawɑːm,s a w ɑː m,,hindukush,,,^ s a w ɑː m $,default,
aee_kg-Kinship-olderbrother-1,,aee_kg,Kinship-olderbrother,ɖəʃʈɑː lɑːm,ɖəʃʈɑː_lɑːm,ɖ ə ʃ ʈ ɑː + l ɑː m,,hindukush,,,^ ɖ ə ʃ ʈ ɑː _ l ɑː m $,default,
aee_kg-Kinship-youngerbrother-1,,aee_kg,Kinship-youngerbrother,kaniʃʈɑː lɑːm,kaniʃʈɑː_lɑːm,k a n i ʃ ʈ ɑː + l ɑː m,,hindukush,,,^ k a n i ʃ ʈ ɑː _ l ɑː m $,default,
aee_kg-Kinship-oldersister-1,,aee_kg,Kinship-oldersister,ɖəʃʈiː sawɑːm,ɖəʃʈiː_sawɑːm,ɖ ə ʃ ʈ iː + s a w ɑː m,,hindukush,,,^ ɖ ə ʃ ʈ iː _ s a w ɑː m $,default,
aee_kg-Kinship-youngersister-1,,aee_kg,Kinship-youngersister,kaniʃʈiː sawɑːm,kaniʃʈiː_sawɑːm,k a n i ʃ ʈ iː + s a w ɑː m,,hindukush,,,^ k a n i ʃ ʈ iː _ s a w ɑː m $,default,
aee_kg-Kinship-fathersfather-1,,aee_kg,Kinship-fathersfather,bluw babɑː,bluw_babɑː,b l u w + b a b ɑː,,hindukush,,,^ b l u w _ b a b ɑː $,default,
aee_kg-Kinship-fathersmother-1,,aee_kg,Kinship-fathersmother,bluwiː aːi,bluwiː_aːi,b l u w iː + aːi,,hindukush,,,^ b l u w iː _ aːi $,default,
aee_kg-Kinship-mothersfather-1,,aee_kg,Kinship-mothersfather,bluw babɑː,bluw_babɑː,b l u w + b a b ɑː,,hindukush,,,^ b l u w _ b a b ɑː $,default,
aee_kg-Kinship-mothersmother-1,,aee_kg,Kinship-mothersmother,bluwiː aːi,bluwiː_aːi,b l u w iː + aːi,,hindukush,,,^ b l u w iː _ aːi $,default,
aee_kg-Kinship-sonsson-1,,aee_kg,Kinship-sonsson,masej,masej,m a s e j,,hindukush,,,^ m a s e j $,default,
aee_kg-Kinship-sonsdaughter-1,,aee_kg,Kinship-sonsdaughter,masej,masej,m a s e j,,hindukush,,,^ m a s e j $,default,
aee_kg-Kinship-daughtersson-1,,aee_kg,Kinship-daughtersson,masej,masej,m a s e j,,hindukush,,,^ m a s e j $,default,
aee_kg-Kinship-daughtersdaughter-1,,aee_kg,Kinship-daughtersdaughter,masej,masej,m a s e j,,hindukush,,,^ m a s e j $,default,
aee_kg-Kinship-fathersbrother-1,,aee_kg,Kinship-fathersbrother,dɑːdɑː,dɑːdɑː,d ɑː d ɑː,,hindukush,,,^ d ɑː d ɑː $,default,
aee_kg-Kinship-fathersolderbrother-1,,aee_kg,Kinship-fathersolderbrother,ɖəʃʈɑː dɑːdɑː,ɖəʃʈɑː_dɑːdɑː,ɖ ə ʃ ʈ ɑː + d ɑː d ɑː,,hindukush,,,^ ɖ ə ʃ ʈ ɑː _ d ɑː d ɑː $,default,
aee_kg-Kinship-fathersyoungerbrother-1,,aee_kg,Kinship-fathersyoungerbrother,kaniʃʈɑː dɑːdɑː,kaniʃʈɑː_dɑːdɑː,k a n i ʃ ʈ ɑː + d ɑː d ɑː,,hindukush,,,^ k a n i ʃ ʈ ɑː _ d ɑː d ɑː $,default,
aee_kg-Kinship-fatherssister-1,,aee_kg,Kinship-fatherssister,kaniʃʈiː aːi,kaniʃʈiː_aːi,k a n i ʃ ʈ iː + aːi,,hindukush,,,^ k a n i ʃ ʈ iː _ aːi $,default,
aee_kg-Kinship-fathersoldersister-1,,aee_kg,Kinship-fathersoldersister,ɖəʃʈiː aːi,ɖəʃʈiː_aːi,ɖ ə ʃ ʈ iː + aːi,,hindukush,,,^ ɖ ə ʃ ʈ iː _ aːi $,default,
aee_kg-Kinship-fathersyoungersister-1,,aee_kg,Kinship-fathersyoungersister,kaniʃʈiː aːi,kaniʃʈiː_aːi,k a n i ʃ ʈ iː + aːi,,hindukush,,,^ k a n i ʃ ʈ iː _ aːi $,default,
aee_kg-Kinship-mothersbrother-1,,aee_kg,Kinship-mothersbrother,mɑːmɑː,mɑːmɑː,m ɑː m ɑː,,hindukush,,,^ m ɑː m ɑː $,default,
aee_kg-Kinship-mothersolderbrother-1,,aee_kg,Kinship-mothersolderbrother,ɖəʃʈɑː mɑːmɑː,ɖəʃʈɑː_mɑːmɑː,ɖ ə ʃ ʈ ɑː + m ɑː m ɑː,,hindukush,,,^ ɖ ə ʃ ʈ ɑː _ m ɑː m ɑː $,default,
aee_kg-Kinship-mothersyoungerbrother-1,,aee_kg,Kinship-mothersyoungerbrother,kaniʃʈɑː mɑːmɑː,kaniʃʈɑː_mɑːmɑː,k a n i ʃ ʈ ɑː + m ɑː m ɑː,,hindukush,,,^ k a n i ʃ ʈ ɑː _ m ɑː m ɑː $,default,
aee_kg-Kinship-motherssister-1,,aee_kg,Kinship-motherssister,aːi,aːi,aːi,,hindukush,,,^ aːi $,default,
aee_kg-Kinship-mothersoldersister-1,,aee_kg,Kinship-mothersoldersister,"ɖəʃʈiː aːi, gaːi",ɖəʃʈiː_aːi,ɖ ə ʃ ʈ iː + aːi,,hindukush,,,^ ɖ ə ʃ ʈ iː _ aːi $,default,
aee_kg-Kinship-mothersoldersister-2,,aee_kg,Kinship-mothersoldersister,"ɖəʃʈiː aːi, gaːi",gaːi,g aːi,,hindukush,,,^ g aːi $,default,
aee_kg-Kinship-mothersyoungersister-1,,aee_kg,Kinship-mothersyoungersister,kaniʃʈiː aːi,kaniʃʈiː_aːi,k a n i ʃ ʈ iː + aːi,,hindukush,,,^ k a n i ʃ ʈ iː _ aːi $,default,
aee_kg-Kinship-brothersson-1,,aee_kg,Kinship-brothersson,wuraːrə,wuraːrə,w u r aː r ə,,hindukush,,,^ w u r aː r ə $,default,
aee_kg-Kinship-brothersdaughter-1,,aee_kg,Kinship-brothersdaughter,wurijeːrə,wurijeːrə,w u r i j eː r ə,,hindukush,,,^ w u r i j eː r ə $,default,
aee_kg-Kinship-sistersson-1,,aee_kg,Kinship-sistersson,χarijɑː,χarijɑː,χ a r i j ɑː,,hindukush,,,^ χ a r i j ɑː $,default,
aee_kg-Kinship-sistersdaughter-1,,aee_kg,Kinship-sistersdaughter,χurzəm,χurzəm,χ u r z ə m,,hindukush,,,^ χ u r z ə m $,default,
aee_kg-Kinship-husband-1,,aee_kg,Kinship-husband,punzə,punzə,p u n z ə,,hindukush,,,^ p u n z ə $,default,
aee_kg-Kinship-wife-1,,aee_kg,Kinship-wife,muːʃim,muːʃim,m uː ʃ i m,,hindukush,,,^ m uː ʃ i m $,default,
aee_kg-Kinship-fathersolderbrotherswife-1,,aee_kg,Kinship-fathersolderbrotherswife,ɖəʃʈɑː bɑːwɑːs muːʃijɑː,ɖəʃʈɑː_bɑːwɑːs_muːʃijɑː,ɖ ə ʃ ʈ ɑː + b ɑː w ɑː s + m uː ʃ i j ɑː,,hindukush,,,^ ɖ ə ʃ ʈ ɑː _ b ɑː w ɑː s _ m uː ʃ i j ɑː $,default,
aee_kg-Kinship-fathersyoungerbrotherswife-1,,aee_kg,Kinship-fathersyoungerbrotherswife,kaniʃʈɑː bɑːwɑːs muːʃijɑː,kaniʃʈɑː_bɑːwɑːs_muːʃijɑː,k a n i ʃ ʈ ɑː + b ɑː w ɑː s + m uː ʃ i j ɑː,,hindukush,,,^ k a n i ʃ ʈ ɑː _ b ɑː w ɑː s _ m uː ʃ i j ɑː $,default,
aee_kg-Kinship-fatherssistershusband-1,,aee_kg,Kinship-fatherssistershusband,mumik,mumik,m u m i k,,hindukush,,,^ m u m i k $,default,
aee_kg-Kinship-mothersbrotherswife-1,,aee_kg,Kinship-mothersbrotherswife,makjuni,makjuni,m a k j u n i,,hindukush,,,^ m a k j u n i $,default,
aee_kg-Kinship-motherssistershusband-1,,aee_kg,Kinship-motherssistershusband,kaniʃʈiː aːi,kaniʃʈiː_aːi,k a n i ʃ ʈ iː + aːi,,hindukush,,,^ k a n i ʃ ʈ iː _ aːi $,default,
aee_kg-Kinship-sonswife-1,,aee_kg,Kinship-sonswife,sunzom,sunzom,s u n z o m,,hindukush,,,^ s u n z o m $,default,
aee_kg-Kinship-daughtershusband-1,,aee_kg,Kinship-daughtershusband,"zoːməm, zum",zoːməm,z oː m ə m,,hindukush,,,^ z oː m ə m $,default,
aee_kg-Kinship-daughtershusband-2,,aee_kg,Kinship-daughtershusband,"zoːməm, zum",zum,z u m,,hindukush,,,^ z u m $,default,
aee_kg-Kinship-brotherswifemaleego-1,,aee_kg,Kinship-brotherswifemaleego,ʃənik,ʃənik,ʃ ə n i k,,hindukush,,,^ ʃ ə n i k $,default,
aee_kg-Kinship-brotherswifefemaleego-1,,aee_kg,Kinship-brotherswifefemaleego,ʃənik,ʃənik,ʃ ə n i k,,hindukush,,,^ ʃ ə n i k $,default,
aee_kg-Kinship-sistershusbandmaleego-1,,aee_kg,Kinship-sistershusbandmaleego,zum,zum,z u m,,hindukush,,,^ z u m $,default,
aee_kg-Kinship-sistershusbandfemaleego-1,,aee_kg,Kinship-sistershusbandfemaleego,zum,zum,z u m,,hindukush,,,^ z u m $,default,
aee_kg-Kinship-wifesfather-1,,aee_kg,Kinship-wifesfather,ʃəʃurɑː,ʃəʃurɑː,ʃ ə ʃ u r ɑː,,hindukush,,,^ ʃ ə ʃ u r ɑː $,default,
aee_kg-Kinship-wifesmother-1,,aee_kg,Kinship-wifesmother,ʃəʃuriː,ʃəʃuriː,ʃ ə ʃ u r iː,,hindukush,,,^ ʃ ə ʃ u r iː $,default,
aee_kg-Kinship-husbandsfather-1,,aee_kg,Kinship-husbandsfather,ʃəʃuroː,ʃəʃuroː,ʃ ə ʃ u r oː,,hindukush,,,^ ʃ ə ʃ u r oː $,default,
aee_kg-Kinship-husbandsmother-1,,aee_kg,Kinship-husbandsmother,ʃəʃuriː,ʃəʃuriː,ʃ ə ʃ u r iː,,hindukush,,,^ ʃ ə ʃ u r iː $,default,
aee_kg-Kinship-husbandssister-1,,aee_kg,Kinship-husbandssister,poːzstəm sawa,poːzstəm_sawa,p oː z s t ə m + s a w a,,hindukush,,,^ p oː zs t ə m _ s a w a $,default,
aee_kg-Kinship-wifessister-1,,aee_kg,Kinship-wifessister,χina,χina,χ i n a,,hindukush,,,^ χ i n a $,default,
aee_kg-Kinship-husbandsbrotherswife-1,,aee_kg,Kinship-husbandsbrotherswife,ʃənik,ʃənik,ʃ ə n i k,,hindukush,,,^ ʃ ə n i k $,default,
aee_kg-Kinship-husbandssistershusband-1,,aee_kg,Kinship-husbandssistershusband,sɑːnɖu,sɑːnɖu,s ɑː n ɖ u,,hindukush,,,^ s ɑː n ɖ u $,default,
aee_kg-Kinship-wifesbrotherswife-1,,aee_kg,Kinship-wifesbrotherswife,awχstəm muːʃijɑː,awχstəm_muːʃijɑː,a w χ s t ə m + m uː ʃ i j ɑː,,hindukush,,,^ a w χs t ə m _ m uː ʃ i j ɑː $,default,
aee_kg-Kinship-wifessistershusband-1,,aee_kg,Kinship-wifessistershusband,sɑːnɖu,sɑːnɖu,s ɑː n ɖ u,,hindukush,,,^ s ɑː n ɖ u $,default,
aee_kg-Kinship-cowife-1,,aee_kg,Kinship-cowife,d͡ʒoːɽa,d͡ʒoːɽa,dʒ oː ɽ a,,hindukush,,,^ d͡ʒ oː ɽ a $,default,
aee_kg-Kinship-sonswifesfather-1,,aee_kg,Kinship-sonswifesfather,ʃəʃurɑː,ʃəʃurɑː,ʃ ə ʃ u r ɑː,,hindukush,,,^ ʃ ə ʃ u r ɑː $,default,
aee_kg-Kinship-sonswifesmother-1,,aee_kg,Kinship-sonswifesmother,ʃəʃuriː,ʃəʃuriː,ʃ ə ʃ u r iː,,hindukush,,,^ ʃ ə ʃ u r iː $,default,
aee_kg-Kinship-daughtershusbandsfather-1,,aee_kg,Kinship-daughtershusbandsfather,ʃəjru,ʃəjru,ʃ ə j r u,,hindukush,,,^ ʃ ə j r u $,default,
aee_kg-Kinship-daughtershusbandsmother-1,,aee_kg,Kinship-daughtershusbandsmother,ʃəjru,ʃəjru,ʃ ə j r u,,hindukush,,,^ ʃ ə j r u $,default,
aee_kg-Kinship-stepsisternosharedparent-1,,aee_kg,Kinship-stepsisternosharedparent,sawɑːm,sawɑːm,s a w ɑː m,,hindukush,,,^ s a w ɑː m $,default,
aee_kg-Kinship-stepbrothernosharedparent-1,,aee_kg,Kinship-stepbrothernosharedparent,lɑːm,lɑːm,l ɑː m,,hindukush,,,^ l ɑː m $,default,
aee_kg-Kinship-stepmother-1,,aee_kg,Kinship-stepmother,majra aːijəm,majra_aːijəm,m a j r a + aːi j ə m,,hindukush,,,^ m a j r a _ aːi j ə m $,default,
aee_kg-Kinship-stepfather-1,,aee_kg,Kinship-stepfather,majra bɑːwɑːm,majra_bɑːwɑːm,m a j r a + b ɑː w ɑː m,,hindukush,,,^ m a j r a _ b ɑː w ɑː m $,default,
aee_kg-Kinship-stepson-1,,aee_kg,Kinship-stepson,aːi pat͡ʃədeːwɑː,aːi_pat͡ʃədeːwɑː,aːi + p a tʃ ə d eː w ɑː,,hindukush,,,^ aːi _ p a t͡ʃ ə d eː w ɑː $,default,
aee_kg-Kinship-stepdaughter-1,,aee_kg,Kinship-stepdaughter,aːi pat͡ʃədeːwiː,aːi_pat͡ʃədeːwiː,aːi + p a tʃ ə d eː w iː,,hindukush,,,^ aːi _ p a t͡ʃ ə d eː w iː $,default,
aee_kg-Kinship-fathersfathersfather-1,,aee_kg,Kinship-fathersfathersfather,nikə,nikə,n i k ə,,hindukush,,,^ n i k ə $,default,
aee_kg-Kinship-mothersmothersmother-1,,aee_kg,Kinship-mothersmothersmother,"bluwiː, ɖəʃʈiː, kaniʃʈiː aːi",bluwiː,b l u w iː,,hindukush,,,^ b l u w iː $,default,
aee_kg-Kinship-mothersmothersmother-2,,aee_kg,Kinship-mothersmothersmother,"bluwiː, ɖəʃʈiː, kaniʃʈiː aːi",ɖəʃʈiː,ɖ ə ʃ ʈ iː,,hindukush,,,^ ɖ ə ʃ ʈ iː $,default,
aee_kg-Kinship-mothersmothersmother-3,,aee_kg,Kinship-mothersmothersmother,"bluwiː, ɖəʃʈiː, kaniʃʈiː aːi",kaniʃʈiː_aːi,k a n i ʃ ʈ iː + aːi,,hindukush,,,^ k a n i ʃ ʈ iː _ aːi $,default,
aee_kg-Kinship-fathersbrothersson-1,,aee_kg,Kinship-fathersbrothersson,dɑːdɑːs pʰulə,dɑːdɑːs_pʰulə,d ɑː d ɑː s + pʰ u l ə,,hindukush,,,^ d ɑː d ɑː s _ pʰ u l ə $,default,
aee_kg-Kinship-fathersbrothersdaughter-1,,aee_kg,Kinship-fathersbrothersdaughter,dɑːdɑːs wa,dɑːdɑːs_wa,d ɑː d ɑː s + w a,,hindukush,,,^ d ɑː d ɑː s _ w a $,default,
aee_kg-Kinship-fatherssistersson-1,,aee_kg,Kinship-fatherssistersson,mumikas pʰulə,mumikas_pʰulə,m u m i k a s + pʰ u l ə,,hindukush,,,^ m u m i k a s _ pʰ u l ə $,default,
aee_kg-Kinship-fatherssistersdaughter-1,,aee_kg,Kinship-fatherssistersdaughter,mumikas wa,mumikas_wa,m u m i k a s + w a,,hindukush,,,^ m u m i k a s _ w a $,default,
aee_kg-Kinship-mothersbrothersson-1,,aee_kg,Kinship-mothersbrothersson,mɑːmɑːs pʰulə,mɑːmɑːs_pʰulə,m ɑː m ɑː s + pʰ u l ə,,hindukush,,,^ m ɑː m ɑː s _ pʰ u l ə $,default,
aee_kg-Kinship-mothersbrothersdaughter-1,,aee_kg,Kinship-mothersbrothersdaughter,mɑːmɑːs wa,mɑːmɑːs_wa,m ɑː m ɑː s + w a,,hindukush,,,^ m ɑː m ɑː s _ w a $,default,
aee_kg-Kinship-motherssistersson-1,,aee_kg,Kinship-motherssistersson,kaniʃʈiː aːijas pʰulə,kaniʃʈiː_aːijas_pʰulə,k a n i ʃ ʈ iː + aːi j a s + pʰ u l ə,,hindukush,,,^ k a n i ʃ ʈ iː _ aːi j a s _ pʰ u l ə $,default,
aee_kg-Kinship-motherssistersdaughter-1,,aee_kg,Kinship-motherssistersdaughter,sawɑːstəm wa,sawɑːstəm_wa,s a w ɑː s t ə m + w a,,hindukush,,,^ s a w ɑː s t ə m _ w a $,default,
aee_kg-Kinship-relative-1,,aee_kg,Kinship-relative,tunugɑːn,tunugɑːn,t u n u g ɑː n,,hindukush,,,^ t u n u g ɑː n $,default,
aee_kg-Kinship-affinalrelative-1,,aee_kg,Kinship-affinalrelative,aχpəl wan,aχpəl_wan,a χ p ə l + w a n,,hindukush,,,^ a χ p ə l _ w a n $,default,
aee_kg-Kinship-bloodrelative-1,,aee_kg,Kinship-bloodrelative,tunugɑːn,tunugɑːn,t u n u g ɑː n,,hindukush,,,^ t u n u g ɑː n $,default,
aee_kg-Kinship-wifesrelatives-1,,aee_kg,Kinship-wifesrelatives,"ʃəʃurɑː χeːnɑːn, ʃəʃuriː χeːnɑːn",ʃəʃurɑː_χeːnɑːn,ʃ ə ʃ u r ɑː + χ eː n ɑː n,,hindukush,,,^ ʃ ə ʃ u r ɑː _ χ eː n ɑː n $,default,
aee_kg-Kinship-wifesrelatives-2,,aee_kg,Kinship-wifesrelatives,"ʃəʃurɑː χeːnɑːn, ʃəʃuriː χeːnɑːn",ʃəʃuriː_χeːnɑːn,ʃ ə ʃ u r iː + χ eː n ɑː n,,hindukush,,,^ ʃ ə ʃ u r iː _ χ eː n ɑː n $,default,
aee_kg-Kinship-headofhousehold-1,,aee_kg,Kinship-headofhousehold,ɖəʃʈɑː,ɖəʃʈɑː,ɖ ə ʃ ʈ ɑː,,hindukush,,,^ ɖ ə ʃ ʈ ɑː $,default,
aee_kg-Kinship-headofclan-1,,aee_kg,Kinship-headofclan,ɬumu məleːk,ɬumu_məleːk,ɬ u m u + m ə l eː k,,hindukush,,,^ ɬ u m u _ m ə l eː k $,default,
aee_kg-Kinship-headoftribe-1,,aee_kg,Kinship-headoftribe,ɬumu miʃir,ɬumu_miʃir,ɬ u m u + m i ʃ i r,,hindukush,,,^ ɬ u m u _ m i ʃ i r $,default,
aee_kg-Kinship-halfsistersamefatherdifferentmother-1,,aee_kg,Kinship-halfsistersamefatherdifferentmother,sawɑːm,sawɑːm,s a w ɑː m,,hindukush,,,^ s a w ɑː m $,default,
aee_kg-Kinship-halfbrothersamefatherdifferentmother-1,,aee_kg,Kinship-halfbrothersamefatherdifferentmother,pʰuləm,pʰuləm,pʰ u l ə m,,hindukush,,,^ pʰ u l ə m $,default,
aee_kg-Kinship-halfsistersamemotherdifferentfather-1,,aee_kg,Kinship-halfsistersamemotherdifferentfather,wari aːis sawɑːm,wari_aːis_sawɑːm,w a r i + aːi s + s a w ɑː m,,hindukush,,,^ w a r i _ aːi s _ s a w ɑː m $,default,
aee_kg-Kinship-halfbrothersamemotherdifferentfather-1,,aee_kg,Kinship-halfbrothersamemotherdifferentfather,wari aːis pʰuləm,wari_aːis_pʰuləm,w a r i + aːi s + pʰ u l ə m,,hindukush,,,^ w a r i _ aːi s _ pʰ u l ə m $,default,
glh_sn-Kinship-father-1,,glh_sn,Kinship-father,bɑːbɑː,bɑːbɑː,b ɑː b ɑː,,hindukush,,,^ b ɑː b ɑː $,default,
glh_sn-Kinship-mother-1,,glh_sn,Kinship-mother,ɑːiː,ɑːiː,ɑː iː,,hindukush,,,^ ɑːiː $,default,
glh_sn-Kinship-parent-1,,glh_sn,Kinship-parent,uːjaw buː,uːjaw_buː,uː j a w + b uː,,hindukush,,,^ uː j a w _ b uː $,default,
glh_sn-Kinship-son-1,,glh_sn,Kinship-son,puːtər,puːtər,p uː t ə r,,hindukush,,,^ p uː t ə r $,default,
glh_sn-Kinship-daughter-1,,glh_sn,Kinship-daughter,d͡ʒɑːnd͡ʒigə,d͡ʒɑːnd͡ʒigə,dʒ ɑː n dʒ i g ə,,hindukush,,,^ d͡ʒ ɑː n d͡ʒ i g ə $,default,
glh_sn-Kinship-ownchild-1,,glh_sn,Kinship-ownchild,oʃʈuːk,oʃʈuːk,o ʃ ʈ uː k,,hindukush,,,^ o ʃ ʈ uː k $,default,
glh_sn-Kinship-brother-1,,glh_sn,Kinship-brother,bɽuːjə,bɽuːjə,b ɽ uː j ə,,hindukush,,,^ b ɽ uː j ə $,default,
glh_sn-Kinship-sister-1,,glh_sn,Kinship-sister,sɑːjə,sɑːjə,s ɑː j ə,,hindukush,,,^ s ɑː j ə $,default,
glh_sn-Kinship-olderbrother-1,,glh_sn,Kinship-olderbrother,ɑːwluː bɽuːjə,ɑːwluː_bɽuːjə,ɑː w l uː + b ɽ uː j ə,,hindukush,,,^ ɑː w l uː _ b ɽ uː j ə $,default,
glh_sn-Kinship-youngerbrother-1,,glh_sn,Kinship-youngerbrother,jaqaʈuː bɽuːjə,jaqaʈuː_bɽuːjə,j a q a ʈ uː + b ɽ uː j ə,,hindukush,,,^ j a q a ʈ uː _ b ɽ uː j ə $,default,
glh_sn-Kinship-oldersister-1,,glh_sn,Kinship-oldersister,ɑːwliː sɑːjə,ɑːwliː_sɑːjə,ɑː w l iː + s ɑː j ə,,hindukush,,,^ ɑː w l iː _ s ɑː j ə $,default,
glh_sn-Kinship-youngersister-1,,glh_sn,Kinship-youngersister,jaqaʈiː sɑːjə,jaqaʈiː_sɑːjə,j a q a ʈ iː + s ɑː j ə,,hindukush,,,^ j a q a ʈ iː _ s ɑː j ə $,default,
glh_sn-Kinship-fathersfather-1,,glh_sn,Kinship-fathersfather,ɑːwluː buː,ɑːwluː_buː,ɑː w l uː + b uː,,hindukush,,,^ ɑː w l uː _ b uː $,default,
glh_sn-Kinship-fathersmother-1,,glh_sn,Kinship-fathersmother,ɑːwliː ɑːiː,ɑːwliː_ɑːiː,ɑː w l iː + ɑː iː,,hindukush,,,^ ɑː w l iː _ ɑːiː $,default,
glh_sn-Kinship-mothersfather-1,,glh_sn,Kinship-mothersfather,ɑːwluː buː,ɑːwluː_buː,ɑː w l uː + b uː,,hindukush,,,^ ɑː w l uː _ b uː $,default,
glh_sn-Kinship-mothersmother-1,,glh_sn,Kinship-mothersmother,ɑːwliː ɑːiː,ɑːwliː_ɑːiː,ɑː w l iː + ɑː iː,,hindukush,,,^ ɑː w l iː _ ɑːiː $,default,
glh_sn-Kinship-sonsson-1,,glh_sn,Kinship-sonsson,nawəj,nawəj,n a w ə j,,hindukush,,,^ n a w ə j $,default,
glh_sn-Kinship-sonsdaughter-1,,glh_sn,Kinship-sonsdaughter,nati,nati,n a t i,,hindukush,,,^ n a t i $,default,
glh_sn-Kinship-daughtersson-1,,glh_sn,Kinship-daughtersson,nawəj,nawəj,n a w ə j,,hindukush,,,^ n a w ə j $,default,
glh_sn-Kinship-daughtersdaughter-1,,glh_sn,Kinship-daughtersdaughter,nati,nati,n a t i,,hindukush,,,^ n a t i $,default,
glh_sn-Kinship-fathersbrother-1,,glh_sn,Kinship-fathersbrother,mambuː,mambuː,m a m b uː,,hindukush,,,^ m a m b uː $,default,
glh_sn-Kinship-fathersolderbrother-1,,glh_sn,Kinship-fathersolderbrother,mambuː,mambuː,m a m b uː,,hindukush,,,^ m a m b uː $,default,
glh_sn-Kinship-fathersyoungerbrother-1,,glh_sn,Kinship-fathersyoungerbrother,mambuː,mambuː,m a m b uː,,hindukush,,,^ m a m b uː $,default,
glh_sn-Kinship-fatherssister-1,,glh_sn,Kinship-fatherssister,ɑːmə,ɑːmə,ɑː m ə,,hindukush,,,^ ɑː m ə $,default,
glh_sn-Kinship-fathersoldersister-1,,glh_sn,Kinship-fathersoldersister,ɑːmə,ɑːmə,ɑː m ə,,hindukush,,,^ ɑː m ə $,default,
glh_sn-Kinship-fathersyoungersister-1,,glh_sn,Kinship-fathersyoungersister,ɑːmə,ɑːmə,ɑː m ə,,hindukush,,,^ ɑː m ə $,default,
glh_sn-Kinship-mothersbrother-1,,glh_sn,Kinship-mothersbrother,mawluː,mawluː,m a w l uː,,hindukush,,,^ m a w l uː $,default,
glh_sn-Kinship-mothersolderbrother-1,,glh_sn,Kinship-mothersolderbrother,mawluː,mawluː,m a w l uː,,hindukush,,,^ m a w l uː $,default,
glh_sn-Kinship-mothersyoungerbrother-1,,glh_sn,Kinship-mothersyoungerbrother,mawluː,mawluː,m a w l uː,,hindukush,,,^ m a w l uː $,default,
glh_sn-Kinship-motherssister-1,,glh_sn,Kinship-motherssister,mɑːm biː,mɑːm_biː,m ɑː m + b iː,,hindukush,,,^ m ɑː m _ b iː $,default,
glh_sn-Kinship-mothersoldersister-1,,glh_sn,Kinship-mothersoldersister,mɑːm biː,mɑːm_biː,m ɑː m + b iː,,hindukush,,,^ m ɑː m _ b iː $,default,
glh_sn-Kinship-mothersyoungersister-1,,glh_sn,Kinship-mothersyoungersister,mɑːm biː,mɑːm_biː,m ɑː m + b iː,,hindukush,,,^ m ɑː m _ b iː $,default,
glh_sn-Kinship-brothersson-1,,glh_sn,Kinship-brothersson,bɽɑːw tuːr,bɽɑːw_tuːr,b ɽ ɑː w + t uː r,,hindukush,,,^ b ɽ ɑː w _ t uː r $,default,
glh_sn-Kinship-brothersdaughter-1,,glh_sn,Kinship-brothersdaughter,χuwɑːr dɑːduː,χuwɑːr_dɑːduː,χ u w ɑː r + d ɑː d uː,,hindukush,,,^ χ u w ɑː r _ d ɑː d uː $,default,
glh_sn-Kinship-sistersson-1,,glh_sn,Kinship-sistersson,χuwɑːr dɑːduː,χuwɑːr_dɑːduː,χ u w ɑː r + d ɑː d uː,,hindukush,,,^ χ u w ɑː r _ d ɑː d uː $,default,
glh_sn-Kinship-sistersdaughter-1,,glh_sn,Kinship-sistersdaughter,χuwɑːr dɑːduː,χuwɑːr_dɑːduː,χ u w ɑː r + d ɑː d uː,,hindukush,,,^ χ u w ɑː r _ d ɑː d uː $,default,
glh_sn-Kinship-husband-1,,glh_sn,Kinship-husband,iʃpund͡ʒ,iʃpund͡ʒ,i ʃ p u n dʒ,,hindukush,,,^ i ʃ p u n d͡ʒ $,default,
glh_sn-Kinship-wife-1,,glh_sn,Kinship-wife,iʃtərkə,iʃtərkə,i ʃ t ə r k ə,,hindukush,,,^ i ʃ t ə r k ə $,default,
glh_sn-Kinship-fathersolderbrotherswife-1,,glh_sn,Kinship-fathersolderbrotherswife,jənguː,jənguː,j ə n g uː,,hindukush,,,^ j ə n g uː $,default,
glh_sn-Kinship-fathersyoungerbrotherswife-1,,glh_sn,Kinship-fathersyoungerbrotherswife,jənguː,jənguː,j ə n g uː,,hindukush,,,^ j ə n g uː $,default,
glh_sn-Kinship-fatherssistershusband-1,,glh_sn,Kinship-fatherssistershusband,d͡ʒɑːmɑː,d͡ʒɑːmɑː,dʒ ɑː m ɑː,,hindukush,,,^ d͡ʒ ɑː m ɑː $,default,
glh_sn-Kinship-mothersbrotherswife-1,,glh_sn,Kinship-mothersbrotherswife,jənguː,jənguː,j ə n g uː,,hindukush,,,^ j ə n g uː $,default,
glh_sn-Kinship-motherssistershusband-1,,glh_sn,Kinship-motherssistershusband,mɑːm biː iʃpund͡ʒ,mɑːm_biː_iʃpund͡ʒ,m ɑː m + b iː + i ʃ p u n dʒ,,hindukush,,,^ m ɑː m _ b iː _ i ʃ p u n d͡ʒ $,default,
glh_sn-Kinship-sonswife-1,,glh_sn,Kinship-sonswife,sənzə,sənzə,s ə n z ə,,hindukush,,,^ s ə n z ə $,default,
glh_sn-Kinship-daughtershusband-1,,glh_sn,Kinship-daughtershusband,d͡ʒɑːmɑː,d͡ʒɑːmɑː,dʒ ɑː m ɑː,,hindukush,,,^ d͡ʒ ɑː m ɑː $,default,
glh_sn-Kinship-brotherswifemaleego-1,,glh_sn,Kinship-brotherswifemaleego,jənguː,jənguː,j ə n g uː,,hindukush,,,^ j ə n g uː $,default,
glh_sn-Kinship-brotherswifefemaleego-1,,glh_sn,Kinship-brotherswifefemaleego,jənguː,jənguː,j ə n g uː,,hindukush,,,^ j ə n g uː $,default,
glh_sn-Kinship-sistershusbandmaleego-1,,glh_sn,Kinship-sistershusbandmaleego,d͡ʒɑːmɑː,d͡ʒɑːmɑː,dʒ ɑː m ɑː,,hindukush,,,^ d͡ʒ ɑː m ɑː $,default,
glh_sn-Kinship-sistershusbandfemaleego-1,,glh_sn,Kinship-sistershusbandfemaleego,d͡ʒɑːmɑː,d͡ʒɑːmɑː,dʒ ɑː m ɑː,,hindukush,,,^ d͡ʒ ɑː m ɑː $,default,
glh_sn-Kinship-wifesfather-1,,glh_sn,Kinship-wifesfather,ʃəjiːr,ʃəjiːr,ʃ ə j iː r,,hindukush,,,^ ʃ ə j iː r $,default,
glh_sn-Kinship-wifesmother-1,,glh_sn,Kinship-wifesmother,ʃəjruː,ʃəjruː,ʃ ə j r uː,,hindukush,,,^ ʃ ə j r uː $,default,
glh_sn-Kinship-husbandsfather-1,,glh_sn,Kinship-husbandsfather,ʃəjiːr,ʃəjiːr,ʃ ə j iː r,,hindukush,,,^ ʃ ə j iː r $,default,
glh_sn-Kinship-husbandsmother-1,,glh_sn,Kinship-husbandsmother,ʃəjruː,ʃəjruː,ʃ ə j r uː,,hindukush,,,^ ʃ ə j r uː $,default,
glh_sn-Kinship-husbandsbrother-1,,glh_sn,Kinship-husbandsbrother,diːruː,diːruː,d iː r uː,,hindukush,,,^ d iː r uː $,default,
glh_sn-Kinship-husbandssister-1,,glh_sn,Kinship-husbandssister,d͡ʒɑːmiː,d͡ʒɑːmiː,dʒ ɑː m iː,,hindukush,,,^ d͡ʒ ɑː m iː $,default,
glh_sn-Kinship-wifesbrother-1,,glh_sn,Kinship-wifesbrother,iʃpɑːriː,iʃpɑːriː,i ʃ p ɑː r iː,,hindukush,,,^ i ʃ p ɑː r iː $,default,
glh_sn-Kinship-wifessister-1,,glh_sn,Kinship-wifessister,sajɑːniː,sajɑːniː,s a j ɑː n iː,,hindukush,,,^ s a j ɑː n iː $,default,
glh_sn-Kinship-husbandsbrotherswife-1,,glh_sn,Kinship-husbandsbrotherswife,diːruː iʃtərkə,diːruː_iʃtərkə,d iː r uː + i ʃ t ə r k ə,,hindukush,,,^ d iː r uː _ i ʃ t ə r k ə $,default,
glh_sn-Kinship-husbandssistershusband-1,,glh_sn,Kinship-husbandssistershusband,d͡ʒɑːmɑː,d͡ʒɑːmɑː,dʒ ɑː m ɑː,,hindukush,,,^ d͡ʒ ɑː m ɑː $,default,
glh_sn-Kinship-wifesbrotherswife-1,,glh_sn,Kinship-wifesbrotherswife,iʃpɑːriːsəm iʃtərkə,iʃpɑːriːsəm_iʃtərkə,i ʃ p ɑː r iː s ə m + i ʃ t ə r k ə,,hindukush,,,^ i ʃ p ɑː r iː s ə m _ i ʃ t ə r k ə $,default,
glh_sn-Kinship-wifessistershusband-1,,glh_sn,Kinship-wifessistershusband,bɑːd͡ʒuː,bɑːd͡ʒuː,b ɑː dʒ uː,,hindukush,,,^ b ɑː d͡ʒ uː $,default,
glh_sn-Kinship-cowife-1,,glh_sn,Kinship-cowife,ambɑːʁə,ambɑːʁə,a m b ɑː ʁ ə,,hindukush,,,^ a m b ɑː ʁ ə $,default,
glh_sn-Kinship-sonswifesfather-1,,glh_sn,Kinship-sonswifesfather,quduː,quduː,q u d uː,,hindukush,,,^ q u d uː $,default,
glh_sn-Kinship-sonswifesmother-1,,glh_sn,Kinship-sonswifesmother,quduː,quduː,q u d uː,,hindukush,,,^ q u d uː $,default,
glh_sn-Kinship-daughtershusbandsfather-1,,glh_sn,Kinship-daughtershusbandsfather,quduː,quduː,q u d uː,,hindukush,,,^ q u d uː $,default,
glh_sn-Kinship-daughtershusbandsmother-1,,glh_sn,Kinship-daughtershusbandsmother,quduː,quduː,q u d uː,,hindukush,,,^ q u d uː $,default,
glh_sn-Kinship-stepsisternosharedparent-1,,glh_sn,Kinship-stepsisternosharedparent,andəriː sɑːjə,andəriː_sɑːjə,a n d ə r iː + s ɑː j ə,,hindukush,,,^ a n d ə r iː _ s ɑː j ə $,default,
glh_sn-Kinship-stepbrothernosharedparent-1,,glh_sn,Kinship-stepbrothernosharedparent,andəriː bɽuːjə,andəriː_bɽuːjə,a n d ə r iː + b ɽ uː j ə,,hindukush,,,^ a n d ə r iː _ b ɽ uː j ə $,default,
glh_sn-Kinship-stepmother-1,,glh_sn,Kinship-stepmother,awar uːjə,awar_uːjə,a w a r + uː j ə,,hindukush,,,^ a w a r _ uː j ə $,default,
glh_sn-Kinship-stepfather-1,,glh_sn,Kinship-stepfather,awar buː,awar_buː,a w a r + b uː,,hindukush,,,^ a w a r _ b uː $,default,
glh_sn-Kinship-stepson-1,,glh_sn,Kinship-stepson,andəriː puːtər,andəriː_puːtər,a n d ə r iː + p uː t ə r,,hindukush,,,^ a n d ə r iː _ p uː t ə r $,default,
glh_sn-Kinship-stepdaughter-1,,glh_sn,Kinship-stepdaughter,andəriː wejə,andəriː_wejə,a n d ə r iː + w e j ə,,hindukush,,,^ a n d ə r iː _ w e j ə $,default,
glh_sn-Kinship-fathersfathersfather-1,,glh_sn,Kinship-fathersfathersfather,ɑːwluː buː,ɑːwluː_buː,ɑː w l uː + b uː,,hindukush,,,^ ɑː w l uː _ b uː $,default,
glh_sn-Kinship-mothersmothersmother-1,,glh_sn,Kinship-mothersmothersmother,ɑːwliː ɑːiː,ɑːwliː_ɑːiː,ɑː w l iː + ɑː iː,,hindukush,,,^ ɑː w l iː _ ɑːiː $,default,
glh_sn-Kinship-forefather-1,,glh_sn,Kinship-forefather,bɑːbə kəlɑːn,bɑːbə_kəlɑːn,b ɑː b ə + k ə l ɑː n,,hindukush,,,^ b ɑː b ə _ k ə l ɑː n $,default,
glh_sn-Kinship-foremother-1,,glh_sn,Kinship-foremother,bɑːbə kəlɑːn,bɑːbə_kəlɑːn,b ɑː b ə + k ə l ɑː n,,hindukush,,,^ b ɑː b ə _ k ə l ɑː n $,default,
glh_sn-Kinship-fathersbrothersson-1,,glh_sn,Kinship-fathersbrothersson,mambɑː puːtər,mambɑː_puːtər,m a m b ɑː + p uː t ə r,,hindukush,,,^ m a m b ɑː _ p uː t ə r $,default,
glh_sn-Kinship-fathersbrothersdaughter-1,,glh_sn,Kinship-fathersbrothersdaughter,mambɑː wejə,mambɑː_wejə,m a m b ɑː + w e j ə,,hindukush,,,^ m a m b ɑː _ w e j ə $,default,
glh_sn-Kinship-fatherssistersson-1,,glh_sn,Kinship-fatherssistersson,ɑːmə puːtər,ɑːmə_puːtər,ɑː m ə + p uː t ə r,,hindukush,,,^ ɑː m ə _ p uː t ə r $,default,
glh_sn-Kinship-fatherssistersdaughter-1,,glh_sn,Kinship-fatherssistersdaughter,ɑːmə wejə,ɑːmə_wejə,ɑː m ə + w e j ə,,hindukush,,,^ ɑː m ə _ w e j ə $,default,
glh_sn-Kinship-mothersbrothersson-1,,glh_sn,Kinship-mothersbrothersson,mawlə puːtər,mawlə_puːtər,m a w l ə + p uː t ə r,,hindukush,,,^ m a w l ə _ p uː t ə r $,default,
glh_sn-Kinship-mothersbrothersdaughter-1,,glh_sn,Kinship-mothersbrothersdaughter,mawlə wejə,mawlə_wejə,m a w l ə + w e j ə,,hindukush,,,^ m a w l ə _ w e j ə $,default,
glh_sn-Kinship-motherssistersson-1,,glh_sn,Kinship-motherssistersson,mambiː puːtər,mambiː_puːtər,m a m b iː + p uː t ə r,,hindukush,,,^ m a m b iː _ p uː t ə r $,default,
glh_sn-Kinship-motherssistersdaughter-1,,glh_sn,Kinship-motherssistersdaughter,mambiː wejə,mambiː_wejə,m a m b iː + w e j ə,,hindukush,,,^ m a m b iː _ w e j ə $,default,
glh_sn-Kinship-relative-1,,glh_sn,Kinship-relative,nəzdiːkɑː,nəzdiːkɑː,n ə z d iː k ɑː,,hindukush,,,^ n ə z d iː k ɑː $,default,
glh_sn-Kinship-affinalrelative-1,,glh_sn,Kinship-affinalrelative,χəjʃ,χəjʃ,χ ə j ʃ,,hindukush,,,^ χ ə jʃ $,default,
glh_sn-Kinship-bloodrelative-1,,glh_sn,Kinship-bloodrelative,iː pədər,iː_pədər,iː + p ə d ə r,,hindukush,,,^ iː _ p ə d ə r $,default,
glh_sn-Kinship-wifesrelatives-1,,glh_sn,Kinship-wifesrelatives,ʃəjər kuliː,ʃəjər_kuliː,ʃ ə j ə r + k u l iː,,hindukush,,,^ ʃ ə j ə r _ k u l iː $,default,
glh_sn-Kinship-headofhousehold-1,,glh_sn,Kinship-headofhousehold,ɑːwluː fɑːməl astɑː,ɑːwluː_fɑːməl_astɑː,ɑː w l uː + f ɑː m ə l + a s t ɑː,,hindukush,,,^ ɑː w l uː _ f ɑː m ə l _ a s t ɑː $,default,
glh_sn-Kinship-headofclan-1,,glh_sn,Kinship-headofclan,ɖabal qaw,ɖabal_qaw,ɖ a b a l + q a w,,hindukush,,,^ ɖ a b a l _ q a w $,default,
glh_sn-Kinship-headoftribe-1,,glh_sn,Kinship-headoftribe,malik qarijuː,malik_qarijuː,m a l i k + q a r i j uː,,hindukush,,,^ m a l i k _ q a r i j uː $,default,
glh_sn-Kinship-halfsistersamefatherdifferentmother-1,,glh_sn,Kinship-halfsistersamefatherdifferentmother,andəriː sɑːjə pədəriː,andəriː_sɑːjə_pədəriː,a n d ə r iː + s ɑː j ə + p ə d ə r iː,,hindukush,,,^ a n d ə r iː _ s ɑː j ə _ p ə d ə r iː $,default,
glh_sn-Kinship-halfbrothersamefatherdifferentmother-1,,glh_sn,Kinship-halfbrothersamefatherdifferentmother,andəriː bɽuːjə pədəriː,andəriː_bɽuːjə_pədəriː,a n d ə r iː + b ɽ uː j ə + p ə d ə r iː,,hindukush,,,^ a n d ə r iː _ b ɽ uː j ə _ p ə d ə r iː $,default,
glh_sn-Kinship-halfsistersamemotherdifferentfather-1,,glh_sn,Kinship-halfsistersamemotherdifferentfather,andəriː sɑːjə mɑːdəriː,andəriː_sɑːjə_mɑːdəriː,a n d ə r iː + s ɑː j ə + m ɑː d ə r iː,,hindukush,,,^ a n d ə r iː _ s ɑː j ə _ m ɑː d ə r iː $,default,
glh_sn-Kinship-halfbrothersamemotherdifferentfather-1,,glh_sn,Kinship-halfbrothersamemotherdifferentfather,andəriː bɽuːjə mɑːdəriː,andəriː_bɽuːjə_mɑːdəriː,a n d ə r iː + b ɽ uː j ə + m ɑː d ə r iː,,hindukush,,,^ a n d ə r iː _ b ɽ uː j ə _ m ɑː d ə r iː $,default,
aee_sh-Kinship-father-1,,aee_sh,Kinship-father,bɑːw,bɑːw,b ɑː w,,hindukush,,,^ b ɑː w $,default,
aee_sh-Kinship-mother-1,,aee_sh,Kinship-mother,aːi,aːi,aːi,,hindukush,,,^ aːi $,default,
aee_sh-Kinship-parent-1,,aee_sh,Kinship-parent,aːi bɑːw,aːi_bɑːw,aːi + b ɑː w,,hindukush,,,^ aːi _ b ɑː w $,default,
aee_sh-Kinship-son-1,,aee_sh,Kinship-son,puləm,puləm,p u l ə m,,hindukush,,,^ p u l ə m $,default,
aee_sh-Kinship-daughter-1,,aee_sh,Kinship-daughter,wɑːm,wɑːm,w ɑː m,,hindukush,,,^ w ɑː m $,default,
aee_sh-Kinship-ownchild-1,,aee_sh,Kinship-ownchild,bəlɑːgul,bəlɑːgul,b ə l ɑː g u l,,hindukush,,,^ b ə l ɑː g u l $,default,
aee_sh-Kinship-brother-1,,aee_sh,Kinship-brother,lɑːm,lɑːm,l ɑː m,,hindukush,,,^ l ɑː m $,default,
aee_sh-Kinship-sister-1,,aee_sh,Kinship-sister,sawɑːm,sawɑːm,s a w ɑː m,,hindukush,,,^ s a w ɑː m $,default,
aee_sh-Kinship-olderbrother-1,,aee_sh,Kinship-olderbrother,ɖəʃʈɑː lɑːm,ɖəʃʈɑː_lɑːm,ɖ ə ʃ ʈ ɑː + l ɑː m,,hindukush,,,^ ɖ ə ʃ ʈ ɑː _ l ɑː m $,default,
aee_sh-Kinship-youngerbrother-1,,aee_sh,Kinship-youngerbrother,kaniʃʈɑː lɑːm,kaniʃʈɑː_lɑːm,k a n i ʃ ʈ ɑː + l ɑː m,,hindukush,,,^ k a n i ʃ ʈ ɑː _ l ɑː m $,default,
aee_sh-Kinship-oldersister-1,,aee_sh,Kinship-oldersister,ɖəʃʈiː sawɑːm,ɖəʃʈiː_sawɑːm,ɖ ə ʃ ʈ iː + s a w ɑː m,,hindukush,,,^ ɖ ə ʃ ʈ iː _ s a w ɑː m $,default,
aee_sh-Kinship-youngersister-1,,aee_sh,Kinship-youngersister,kaniʃʈiː sawɑːm,kaniʃʈiː_sawɑːm,k a n i ʃ ʈ iː + s a w ɑː m,,hindukush,,,^ k a n i ʃ ʈ iː _ s a w ɑː m $,default,
aee_sh-Kinship-fathersfather-1,,aee_sh,Kinship-fathersfather,gaɽ bɑːw,gaɽ_bɑːw,g a ɽ + b ɑː w,,hindukush,,,^ g a ɽ _ b ɑː w $,default,
aee_sh-Kinship-fathersmother-1,,aee_sh,Kinship-fathersmother,gaɽ aːi,gaɽ_aːi,g a ɽ + aːi,,hindukush,,,^ g a ɽ _ aːi $,default,
aee_sh-Kinship-mothersfather-1,,aee_sh,Kinship-mothersfather,aːi bɑːw gaɽ aːi,aːi_bɑːw_gaɽ_aːi,aːi + b ɑː w + g a ɽ + aːi,,hindukush,,,^ aːi _ b ɑː w _ g a ɽ _ aːi $,default,
aee_sh-Kinship-mothersmother-1,,aee_sh,Kinship-mothersmother,aːi bɑːw gaɽ aːi,aːi_bɑːw_gaɽ_aːi,aːi + b ɑː w + g a ɽ + aːi,,hindukush,,,^ aːi _ b ɑː w _ g a ɽ _ aːi $,default,
aee_sh-Kinship-sonsson-1,,aee_sh,Kinship-sonsson,nɑːwajeːm,nɑːwajeːm,n ɑː w a j eː m,,hindukush,,,^ n ɑː w a j eː m $,default,
aee_sh-Kinship-sonsdaughter-1,,aee_sh,Kinship-sonsdaughter,nɑːsijem,nɑːsijem,n ɑː s i j e m,,hindukush,,,^ n ɑː s i j e m $,default,
aee_sh-Kinship-daughtersson-1,,aee_sh,Kinship-daughtersson,nɑːwajeːm,nɑːwajeːm,n ɑː w a j eː m,,hindukush,,,^ n ɑː w a j eː m $,default,
aee_sh-Kinship-daughtersdaughter-1,,aee_sh,Kinship-daughtersdaughter,nɑːsijem,nɑːsijem,n ɑː s i j e m,,hindukush,,,^ n ɑː s i j e m $,default,
aee_sh-Kinship-fathersbrother-1,,aee_sh,Kinship-fathersbrother,bɑːwəs la,bɑːwəs_la,b ɑː w ə s + l a,,hindukush,,,^ b ɑː w ə s _ l a $,default,
aee_sh-Kinship-fathersolderbrother-1,,aee_sh,Kinship-fathersolderbrother,bɑːwəs ɖəʃʈɑː la,bɑːwəs_ɖəʃʈɑː_la,b ɑː w ə s + ɖ ə ʃ ʈ ɑː + l a,,hindukush,,,^ b ɑː w ə s _ ɖ ə ʃ ʈ ɑː _ l a $,default,
aee_sh-Kinship-fathersyoungerbrother-1,,aee_sh,Kinship-fathersyoungerbrother,bɑːwəs kaniʃʈɑː la,bɑːwəs_kaniʃʈɑː_la,b ɑː w ə s + k a n i ʃ ʈ ɑː + l a,,hindukush,,,^ b ɑː w ə s _ k a n i ʃ ʈ ɑː _ l a $,default,
aee_sh-Kinship-fatherssister-1,,aee_sh,Kinship-fatherssister,bɑːwəs sawa,bɑːwəs_sawa,b ɑː w ə s + s a w a,,hindukush,,,^ b ɑː w ə s _ s a w a $,default,
aee_sh-Kinship-fathersoldersister-1,,aee_sh,Kinship-fathersoldersister,bɑːwəs ɖəʃʈiː sawa,bɑːwəs_ɖəʃʈiː_sawa,b ɑː w ə s + ɖ ə ʃ ʈ iː + s a w a,,hindukush,,,^ b ɑː w ə s _ ɖ ə ʃ ʈ iː _ s a w a $,default,
aee_sh-Kinship-fathersyoungersister-1,,aee_sh,Kinship-fathersyoungersister,bɑːwəs kaniʃʈiː sawa,bɑːwəs_kaniʃʈiː_sawa,b ɑː w ə s + k a n i ʃ ʈ iː + s a w a,,hindukush,,,^ b ɑː w ə s _ k a n i ʃ ʈ iː _ s a w a $,default,
aee_sh-Kinship-mothersbrother-1,,aee_sh,Kinship-mothersbrother,moːləm,moːləm,m oː l ə m,,hindukush,,,^ m oː l ə m $,default,
aee_sh-Kinship-mothersolderbrother-1,,aee_sh,Kinship-mothersolderbrother,moːləstəm ɖəʃʈɑː la,moːləstəm_ɖəʃʈɑː_la,m oː l ə s t ə m + ɖ ə ʃ ʈ ɑː + l a,,hindukush,,,^ m oː l ə s t ə m _ ɖ ə ʃ ʈ ɑː _ l a $,default,
aee_sh-Kinship-mothersyoungerbrother-1,,aee_sh,Kinship-mothersyoungerbrother,aːis kaniʃʈɑː la,aːis_kaniʃʈɑː_la,aːi s + k a n i ʃ ʈ ɑː + l a,,hindukush,,,^ aːi s _ k a n i ʃ ʈ ɑː _ l a $,default,
aee_sh-Kinship-motherssister-1,,aee_sh,Kinship-motherssister,aːis sawa,aːis_sawa,aːi s + s a w a,,hindukush,,,^ aːi s _ s a w a $,default,
aee_sh-Kinship-mothersoldersister-1,,aee_sh,Kinship-mothersoldersister,aːis ɖəʃʈiː sawa,aːis_ɖəʃʈiː_sawa,aːi s + ɖ ə ʃ ʈ iː + s a w a,,hindukush,,,^ aːi s _ ɖ ə ʃ ʈ iː _ s a w a $,default,
aee_sh-Kinship-mothersyoungersister-1,,aee_sh,Kinship-mothersyoungersister,aːis kaniʃʈiː sawa,aːis_kaniʃʈiː_sawa,aːi s + k a n i ʃ ʈ iː + s a w a,,hindukush,,,^ aːi s _ k a n i ʃ ʈ iː _ s a w a $,default,
aee_sh-Kinship-brothersson-1,,aee_sh,Kinship-brothersson,laːstəm pulə,laːstəm_pulə,l aː s t ə m + p u l ə,,hindukush,,,^ l aː s t ə m _ p u l ə $,default,
aee_sh-Kinship-brothersdaughter-1,,aee_sh,Kinship-brothersdaughter,laːstəm wa,laːstəm_wa,l aː s t ə m + w a,,hindukush,,,^ l aː s t ə m _ w a $,default,
aee_sh-Kinship-sistersson-1,,aee_sh,Kinship-sistersson,susastəm pulə,susastəm_pulə,s u s a s t ə m + p u l ə,,hindukush,,,^ s u s a s t ə m _ p u l ə $,default,
aee_sh-Kinship-sistersdaughter-1,,aee_sh,Kinship-sistersdaughter,sawastəm wa,sawastəm_wa,s a w a s t ə m + w a,,hindukush,,,^ s a w a s t ə m _ w a $,default,
aee_sh-Kinship-husband-1,,aee_sh,Kinship-husband,ɬik pɑːnzuk,ɬik_pɑːnzuk,ɬ i k + p ɑː n z u k,,hindukush,,,^ ɬ i k _ p ɑː n z u k $,default,
aee_sh-Kinship-wife-1,,aee_sh,Kinship-wife,pɑːnzuk ɬik,pɑːnzuk_ɬik,p ɑː n z u k + ɬ i k,,hindukush,,,^ p ɑː n z u k _ ɬ i k $,default,
aee_sh-Kinship-fathersolderbrotherswife-1,,aee_sh,Kinship-fathersolderbrotherswife,bɑːwəs laːstɑː ɬika,bɑːwəs_laːstɑː_ɬika,b ɑː w ə s + l aː s t ɑː + ɬ i k a,,hindukush,,,^ b ɑː w ə s _ l aː s t ɑː _ ɬ i k a $,default,
aee_sh-Kinship-fathersyoungerbrotherswife-1,,aee_sh,Kinship-fathersyoungerbrotherswife,bɑːwəs kaniʃʈɑː laːstɑː ɬika,bɑːwəs_kaniʃʈɑː_laːstɑː_ɬika,b ɑː w ə s + k a n i ʃ ʈ ɑː + l aː s t ɑː + ɬ i k a,,hindukush,,,^ b ɑː w ə s _ k a n i ʃ ʈ ɑː _ l aː s t ɑː _ ɬ i k a $,default,
aee_sh-Kinship-fatherssistershusband-1,,aee_sh,Kinship-fatherssistershusband,bɑːwəs sawastɑː pɑːnzə,bɑːwəs_sawastɑː_pɑːnzə,b ɑː w ə s + s a w a s t ɑː + p ɑː n z ə,,hindukush,,,^ b ɑː w ə s _ s a w a s t ɑː _ p ɑː n z ə $,default,
aee_sh-Kinship-mothersbrotherswife-1,,aee_sh,Kinship-mothersbrotherswife,moːləstəm ɬika,moːləstəm_ɬika,m oː l ə s t ə m + ɬ i k a,,hindukush,,,^ m oː l ə s t ə m _ ɬ i k a $,default,
aee_sh-Kinship-motherssistershusband-1,,aee_sh,Kinship-motherssistershusband,aːis sawastɑː pɑːnzə,aːis_sawastɑː_pɑːnzə,aːi s + s a w a s t ɑː + p ɑː n z ə,,hindukush,,,^ aːi s _ s a w a s t ɑː _ p ɑː n z ə $,default,
aee_sh-Kinship-sonswife-1,,aee_sh,Kinship-sonswife,suzɑːm,suzɑːm,s u z ɑː m,,hindukush,,,^ s u z ɑː m $,default,
aee_sh-Kinship-daughtershusband-1,,aee_sh,Kinship-daughtershusband,"wastəm pɑːnzə, zomɑːm",wastəm_pɑːnzə,w a s t ə m + p ɑː n z ə,,hindukush,,,^ w a s t ə m _ p ɑː n z ə $,default,
aee_sh-Kinship-daughtershusband-2,,aee_sh,Kinship-daughtershusband,"wastəm pɑːnzə, zomɑːm",zomɑːm,z o m ɑː m,,hindukush,,,^ z o m ɑː m $,default,
aee_sh-Kinship-brotherswifemaleego-1,,aee_sh,Kinship-brotherswifemaleego,ʃənigeːm,ʃənigeːm,ʃ ə n i g eː m,,hindukush,,,^ ʃ ə n i g eː m $,default,
aee_sh-Kinship-brotherswifefemaleego-1,,aee_sh,Kinship-brotherswifefemaleego,laːstəm ɬika,laːstəm_ɬika,l aː s t ə m + ɬ i k a,,hindukush,,,^ l aː s t ə m _ ɬ i k a $,default,
aee_sh-Kinship-sistershusbandmaleego-1,,aee_sh,Kinship-sistershusbandmaleego,zomɑːm,zomɑːm,z o m ɑː m,,hindukush,,,^ z o m ɑː m $,default,
aee_sh-Kinship-sistershusbandfemaleego-1,,aee_sh,Kinship-sistershusbandfemaleego,pɑːrijeːm,pɑːrijeːm,p ɑː r i j eː m,,hindukush,,,^ p ɑː r i j eː m $,default,
aee_sh-Kinship-wifesfather-1,,aee_sh,Kinship-wifesfather,ʃeːrəm,ʃeːrəm,ʃ eː r ə m,,hindukush,,,^ ʃ eː r ə m $,default,
aee_sh-Kinship-wifesmother-1,,aee_sh,Kinship-wifesmother,ʃanʃurijeːm,ʃanʃurijeːm,ʃ a n ʃ u r i j eː m,,hindukush,,,^ ʃ a nʃ u r i j eː m $,default,
aee_sh-Kinship-husbandsfather-1,,aee_sh,Kinship-husbandsfather,ʃeːrəm,ʃeːrəm,ʃ eː r ə m,,hindukush,,,^ ʃ eː r ə m $,default,
aee_sh-Kinship-husbandsmother-1,,aee_sh,Kinship-husbandsmother,ʃanʃurijeːm,ʃanʃurijeːm,ʃ a n ʃ u r i j eː m,,hindukush,,,^ ʃ a nʃ u r i j eː m $,default,
aee_sh-Kinship-husbandsbrother-1,,aee_sh,Kinship-husbandsbrother,pɑːnzstəm la deːra,pɑːnzstəm_la_deːra,p ɑː n z s t ə m + l a + d eː r a,,hindukush,,,^ p ɑː n zs t ə m _ l a _ d eː r a $,default,
aee_sh-Kinship-husbandssister-1,,aee_sh,Kinship-husbandssister,zuzumijeːm,zuzumijeːm,z u z u m i j eː m,,hindukush,,,^ z u z u m i j eː m $,default,
aee_sh-Kinship-wifesbrother-1,,aee_sh,Kinship-wifesbrother,poːriː,poːriː,p oː r iː,,hindukush,,,^ p oː r iː $,default,
aee_sh-Kinship-wifessister-1,,aee_sh,Kinship-wifessister,ʃijɑːɽik,ʃijɑːɽik,ʃ i j ɑː ɽ i k,,hindukush,,,^ ʃ i j ɑː ɽ i k $,default,
aee_sh-Kinship-husbandsbrotherswife-1,,aee_sh,Kinship-husbandsbrotherswife,ʃənik,ʃənik,ʃ ə n i k,,hindukush,,,^ ʃ ə n i k $,default,
aee_sh-Kinship-husbandssistershusband-1,,aee_sh,Kinship-husbandssistershusband,zomɑːn,zomɑːn,z o m ɑː n,,hindukush,,,^ z o m ɑː n $,default,
aee_sh-Kinship-wifesbrotherswife-1,,aee_sh,Kinship-wifesbrotherswife,pəlustəm ɬija,pəlustəm_ɬija,p ə l u s t ə m + ɬ i j a,,hindukush,,,^ p ə l u s t ə m _ ɬ i j a $,default,
aee_sh-Kinship-wifessistershusband-1,,aee_sh,Kinship-wifessistershusband,sanɖugɑːn,sanɖugɑːn,s a n ɖ u g ɑː n,,hindukush,,,^ s a n ɖ u g ɑː n $,default,
aee_sh-Kinship-cowife-1,,aee_sh,Kinship-cowife,jɑːɽ,jɑːɽ,j ɑː ɽ,,hindukush,,,^ j ɑː ɽ $,default,
aee_sh-Kinship-sonswifesfather-1,,aee_sh,Kinship-sonswifesfather,suzɑːm,suzɑːm,s u z ɑː m,,hindukush,,,^ s u z ɑː m $,default,
aee_sh-Kinship-sonswifesmother-1,,aee_sh,Kinship-sonswifesmother,ʃanʃuriː,ʃanʃuriː,ʃ a n ʃ u r iː,,hindukush,,,^ ʃ a nʃ u r iː $,default,
aee_sh-Kinship-daughtershusbandsfather-1,,aee_sh,Kinship-daughtershusbandsfather,ʃeːrəm,ʃeːrəm,ʃ eː r ə m,,hindukush,,,^ ʃ eː r ə m $,default,
aee_sh-Kinship-daughtershusbandsmother-1,,aee_sh,Kinship-daughtershusbandsmother,ʃanʃurijeːm,ʃanʃurijeːm,ʃ a n ʃ u r i j eː m,,hindukush,,,^ ʃ a nʃ u r i j eː m $,default,
aee_sh-Kinship-stepsisternosharedparent-1,,aee_sh,Kinship-stepsisternosharedparent,səraguɽɑː,səraguɽɑː,s ə r a g u ɽ ɑː,,hindukush,,,^ s ə r a g u ɽ ɑː $,default,
aee_sh-Kinship-stepbrothernosharedparent-1,,aee_sh,Kinship-stepbrothernosharedparent,səraguɽɑː lɑːm,səraguɽɑː_lɑːm,s ə r a g u ɽ ɑː + l ɑː m,,hindukush,,,^ s ə r a g u ɽ ɑː _ l ɑː m $,default,
aee_sh-Kinship-stepmother-1,,aee_sh,Kinship-stepmother,jɑːɽ,jɑːɽ,j ɑː ɽ,,hindukush,,,^ j ɑː ɽ $,default,
aee_sh-Kinship-stepfather-1,,aee_sh,Kinship-stepfather,bɑːw,bɑːw,b ɑː w,,hindukush,,,^ b ɑː w $,default,
aee_sh-Kinship-stepson-1,,aee_sh,Kinship-stepson,puləm,puləm,p u l ə m,,hindukush,,,^ p u l ə m $,default,
aee_sh-Kinship-stepdaughter-1,,aee_sh,Kinship-stepdaughter,wɑːm,wɑːm,w ɑː m,,hindukush,,,^ w ɑː m $,default,
aee_sh-Kinship-fathersfathersfather-1,,aee_sh,Kinship-fathersfathersfather,gaɽ bɑːw,gaɽ_bɑːw,g a ɽ + b ɑː w,,hindukush,,,^ g a ɽ _ b ɑː w $,default,
aee_sh-Kinship-mothersmothersmother-1,,aee_sh,Kinship-mothersmothersmother,gaɽ aːi,gaɽ_aːi,g a ɽ + aːi,,hindukush,,,^ g a ɽ _ aːi $,default,
aee_sh-Kinship-forefather-1,,aee_sh,Kinship-forefather,gaɽ bɑːw,gaɽ_bɑːw,g a ɽ + b ɑː w,,hindukush,,,^ g a ɽ _ b ɑː w $,default,
aee_sh-Kinship-foremother-1,,aee_sh,Kinship-foremother,gaɽ aːi,gaɽ_aːi,g a ɽ + aːi,,hindukush,,,^ g a ɽ _ aːi $,default,
aee_sh-Kinship-fathersbrothersson-1,,aee_sh,Kinship-fathersbrothersson,səraguɽɑː lɑːm,səraguɽɑː_lɑːm,s ə r a g u ɽ ɑː + l ɑː m,,hindukush,,,^ s ə r a g u ɽ ɑː _ l ɑː m $,default,
aee_sh-Kinship-fathersbrothersdaughter-1,,aee_sh,Kinship-fathersbrothersdaughter,səraguɽiː sawɑːm,səraguɽiː_sawɑːm,s ə r a g u ɽ iː + s a w ɑː m,,hindukush,,,^ s ə r a g u ɽ iː _ s a w ɑː m $,default,
aee_sh-Kinship-fatherssistersson-1,,aee_sh,Kinship-fatherssistersson,nɑːwajeːm,nɑːwajeːm,n ɑː w a j eː m,,hindukush,,,^ n ɑː w a j eː m $,default,
aee_sh-Kinship-fatherssistersdaughter-1,,aee_sh,Kinship-fatherssistersdaughter,nɑːsijem,nɑːsijem,n ɑː s i j e m,,hindukush,,,^ n ɑː s i j e m $,default,
aee_sh-Kinship-mothersbrothersson-1,,aee_sh,Kinship-mothersbrothersson,moːlastəm pulə,moːlastəm_pulə,m oː l a s t ə m + p u l ə,,hindukush,,,^ m oː l a s t ə m _ p u l ə $,default,
aee_sh-Kinship-mothersbrothersdaughter-1,,aee_sh,Kinship-mothersbrothersdaughter,moːlastəm wa,moːlastəm_wa,m oː l a s t ə m + w a,,hindukush,,,^ m oː l a s t ə m _ w a $,default,
aee_sh-Kinship-motherssistersson-1,,aee_sh,Kinship-motherssistersson,səraguɽɑː lɑːm,səraguɽɑː_lɑːm,s ə r a g u ɽ ɑː + l ɑː m,,hindukush,,,^ s ə r a g u ɽ ɑː _ l ɑː m $,default,
aee_sh-Kinship-motherssistersdaughter-1,,aee_sh,Kinship-motherssistersdaughter,səraguɽiː sawɑːm,səraguɽiː_sawɑːm,s ə r a g u ɽ iː + s a w ɑː m,,hindukush,,,^ s ə r a g u ɽ iː _ s a w ɑː m $,default,
aee_sh-Kinship-relative-1,,aee_sh,Kinship-relative,tunugam dəstanam,tunugam_dəstanam,t u n u g a m + d ə s t a n a m,,hindukush,,,^ t u n u g a m _ d ə s t a n a m $,default,
aee_sh-Kinship-affinalrelative-1,,aee_sh,Kinship-affinalrelative,dəstanam,dəstanam,d ə s t a n a m,,hindukush,,,^ d ə s t a n a m $,default,
aee_sh-Kinship-bloodrelative-1,,aee_sh,Kinship-bloodrelative,tunugam,tunugam,t u n u g a m,,hindukush,,,^ t u n u g a m $,default,
aee_sh-Kinship-wifesrelatives-1,,aee_sh,Kinship-wifesrelatives,ʃeːrəm,ʃeːrəm,ʃ eː r ə m,,hindukush,,,^ ʃ eː r ə m $,default,
aee_sh-Kinship-headofhousehold-1,,aee_sh,Kinship-headofhousehold,ɖəʃʈɑː,ɖəʃʈɑː,ɖ ə ʃ ʈ ɑː,,hindukush,,,^ ɖ ə ʃ ʈ ɑː $,default,
aee_sh-Kinship-headofclan-1,,aee_sh,Kinship-headofclan,məleːk,məleːk,m ə l eː k,,hindukush,,,^ m ə l eː k $,default,
aee_sh-Kinship-headoftribe-1,,aee_sh,Kinship-headoftribe,tapɑːs ɖəʃʈa,tapɑːs_ɖəʃʈa,t a p ɑː s + ɖ ə ʃ ʈ a,,hindukush,,,^ t a p ɑː s _ ɖ ə ʃ ʈ a $,default,
aee_sh-Kinship-halfsistersamefatherdifferentmother-1,,aee_sh,Kinship-halfsistersamefatherdifferentmother,jɑːɽ sawɑːm,jɑːɽ_sawɑːm,j ɑː ɽ + s a w ɑː m,,hindukush,,,^ j ɑː ɽ _ s a w ɑː m $,default,
aee_sh-Kinship-halfbrothersamefatherdifferentmother-1,,aee_sh,Kinship-halfbrothersamefatherdifferentmother,jɑːɽ lɑːm,jɑːɽ_lɑːm,j ɑː ɽ + l ɑː m,,hindukush,,,^ j ɑː ɽ _ l ɑː m $,default,
aee_sh-Kinship-halfsistersamemotherdifferentfather-1,,aee_sh,Kinship-halfsistersamemotherdifferentfather,jɑːɽ sawɑːm,jɑːɽ_sawɑːm,j ɑː ɽ + s a w ɑː m,,hindukush,,,^ j ɑː ɽ _ s a w ɑː m $,default,
aee_sh-Kinship-halfbrothersamemotherdifferentfather-1,,aee_sh,Kinship-halfbrothersamemotherdifferentfather,jɑːɽ lɑːm,jɑːɽ_lɑːm,j ɑː ɽ + l ɑː m,,hindukush,,,^ j ɑː ɽ _ l ɑː m $,default,
pbu_a-Kinship-father-1,,pbu_a,Kinship-father,plaːr,plaːr,p l aː r,,hindukush,,,^ p l aː r $,default,
pbu_a-Kinship-mother-1,,pbu_a,Kinship-mother,moːr,moːr,m oː r,,hindukush,,,^ m oː r $,default,
pbu_a-Kinship-parent-1,,pbu_a,Kinship-parent,waːlidejn,waːlidejn,w aː l i d e j n,,hindukush,,,^ w aː l i d e j n $,default,
pbu_a-Kinship-son-1,,pbu_a,Kinship-son,zoːi,zoːi,z oː i,,hindukush,,,^ z oːi $,default,
pbu_a-Kinship-daughter-1,,pbu_a,Kinship-daughter,lur,lur,l u r,,hindukush,,,^ l u r $,default,
pbu_a-Kinship-ownchild-1,,pbu_a,Kinship-ownchild,kut͡ʃneː,kut͡ʃneː,k u tʃ n eː,,hindukush,,,^ k u t͡ʃ n eː $,default,
pbu_a-Kinship-brother-1,,pbu_a,Kinship-brother,wroːr,wroːr,w r oː r,,hindukush,,,^ w r oː r $,default,
pbu_a-Kinship-sister-1,,pbu_a,Kinship-sister,χoːr,χoːr,χ oː r,,hindukush,,,^ χ oː r $,default,
pbu_a-Kinship-olderbrother-1,,pbu_a,Kinship-olderbrother,laːlaː,laːlaː,l aː l aː,,hindukush,,,^ l aː l aː $,default,
pbu_a-Kinship-youngerbrother-1,,pbu_a,Kinship-youngerbrother,laːloː,laːloː,l aː l oː,,hindukush,,,^ l aː l oː $,default,
pbu_a-Kinship-oldersister-1,,pbu_a,Kinship-oldersister,baːboː,baːboː,b aː b oː,,hindukush,,,^ b aː b oː $,default,
pbu_a-Kinship-youngersister-1,,pbu_a,Kinship-youngersister,laːlej,laːlej,l aː l e j,,hindukush,,,^ l aː l e j $,default,
pbu_a-Kinship-fathersfather-1,,pbu_a,Kinship-fathersfather,baːbaː,baːbaː,b aː b aː,,hindukush,,,^ b aː b aː $,default,
pbu_a-Kinship-fathersmother-1,,pbu_a,Kinship-fathersmother,"adəkoː, anaː",adəkoː,a d ə k oː,,hindukush,,,^ a d ə k oː $,default,
pbu_a-Kinship-fathersmother-2,,pbu_a,Kinship-fathersmother,"adəkoː, anaː",anaː,a n aː,,hindukush,,,^ a n aː $,default,
pbu_a-Kinship-mothersfather-1,,pbu_a,Kinship-mothersfather,baːbaː,baːbaː,b aː b aː,,hindukush,,,^ b aː b aː $,default,
pbu_a-Kinship-mothersmother-1,,pbu_a,Kinship-mothersmother,"adəkoː, anaː",adəkoː,a d ə k oː,,hindukush,,,^ a d ə k oː $,default,
pbu_a-Kinship-mothersmother-2,,pbu_a,Kinship-mothersmother,"adəkoː, anaː",anaː,a n aː,,hindukush,,,^ a n aː $,default,
pbu_a-Kinship-sonsson-1,,pbu_a,Kinship-sonsson,lmaseː,lmaseː,l m a s eː,,hindukush,,,^ l m a s eː $,default,
pbu_a-Kinship-sonsdaughter-1,,pbu_a,Kinship-sonsdaughter,lmasej,lmasej,l m a s e j,,hindukush,,,^ l m a s e j $,default,
pbu_a-Kinship-daughtersson-1,,pbu_a,Kinship-daughtersson,lmaseː,lmaseː,l m a s eː,,hindukush,,,^ l m a s eː $,default,
pbu_a-Kinship-daughtersdaughter-1,,pbu_a,Kinship-daughtersdaughter,lmasej,lmasej,l m a s e j,,hindukush,,,^ l m a s e j $,default,
pbu_a-Kinship-fathersbrother-1,,pbu_a,Kinship-fathersbrother,kaːkaː,kaːkaː,k aː k aː,,hindukush,,,^ k aː k aː $,default,
pbu_a-Kinship-fathersolderbrother-1,,pbu_a,Kinship-fathersolderbrother,kaːkaː,kaːkaː,k aː k aː,,hindukush,,,^ k aː k aː $,default,
pbu_a-Kinship-fathersyoungerbrother-1,,pbu_a,Kinship-fathersyoungerbrother,kaːkaː,kaːkaː,k aː k aː,,hindukush,,,^ k aː k aː $,default,
pbu_a-Kinship-fatherssister-1,,pbu_a,Kinship-fatherssister,"ama, amakəj",ama,a m a,,hindukush,,,^ a m a $,default,
pbu_a-Kinship-fatherssister-2,,pbu_a,Kinship-fatherssister,"ama, amakəj",amakəj,a m a k ə j,,hindukush,,,^ a m a k ə j $,default,
pbu_a-Kinship-fathersoldersister-1,,pbu_a,Kinship-fathersoldersister,"ama, amakəj",ama,a m a,,hindukush,,,^ a m a $,default,
pbu_a-Kinship-fathersoldersister-2,,pbu_a,Kinship-fathersoldersister,"ama, amakəj",amakəj,a m a k ə j,,hindukush,,,^ a m a k ə j $,default,
pbu_a-Kinship-fathersyoungersister-1,,pbu_a,Kinship-fathersyoungersister,"ama, amakəj",ama,a m a,,hindukush,,,^ a m a $,default,
pbu_a-Kinship-fathersyoungersister-2,,pbu_a,Kinship-fathersyoungersister,"ama, amakəj",amakəj,a m a k ə j,,hindukush,,,^ a m a k ə j $,default,
pbu_a-Kinship-mothersbrother-1,,pbu_a,Kinship-mothersbrother,maːmaː,maːmaː,m aː m aː,,hindukush,,,^ m aː m aː $,default,
pbu_a-Kinship-mothersolderbrother-1,,pbu_a,Kinship-mothersolderbrother,maːmaː,maːmaː,m aː m aː,,hindukush,,,^ m aː m aː $,default,
pbu_a-Kinship-mothersyoungerbrother-1,,pbu_a,Kinship-mothersyoungerbrother,maːmaː,maːmaː,m aː m aː,,hindukush,,,^ m aː m aː $,default,
pbu_a-Kinship-motherssister-1,,pbu_a,Kinship-motherssister,χaːla,χaːla,χ aː l a,,hindukush,,,^ χ aː l a $,default,
pbu_a-Kinship-mothersoldersister-1,,pbu_a,Kinship-mothersoldersister,χaːla,χaːla,χ aː l a,,hindukush,,,^ χ aː l a $,default,
pbu_a-Kinship-mothersyoungersister-1,,pbu_a,Kinship-mothersyoungersister,χaːla,χaːla,χ aː l a,,hindukush,,,^ χ aː l a $,default,
pbu_a-Kinship-brothersson-1,,pbu_a,Kinship-brothersson,wraːrə,wraːrə,w r aː r ə,,hindukush,,,^ w r aː r ə $,default,
pbu_a-Kinship-brothersdaughter-1,,pbu_a,Kinship-brothersdaughter,wreːrə,wreːrə,w r eː r ə,,hindukush,,,^ w r eː r ə $,default,
pbu_a-Kinship-sistersson-1,,pbu_a,Kinship-sistersson,χureːje,χureːje,χ u r eː j e,,hindukush,,,^ χ u r eː j e $,default,
pbu_a-Kinship-sistersdaughter-1,,pbu_a,Kinship-sistersdaughter,χurzə,χurzə,χ u r z ə,,hindukush,,,^ χ u r z ə $,default,
pbu_a-Kinship-husband-1,,pbu_a,Kinship-husband,meːɽə,meːɽə,m eː ɽ ə,,hindukush,,,^ m eː ɽ ə $,default,
pbu_a-Kinship-wife-1,,pbu_a,Kinship-wife,xəza,xəza,x ə z a,,hindukush,,,^ x ə z a $,default,
pbu_a-Kinship-fathersolderbrotherswife-1,,pbu_a,Kinship-fathersolderbrotherswife,kaːkaːrteːna,kaːkaːrteːna,k aː k aː r t eː n a,,hindukush,,,^ k aː k aː r t eː n a $,default,
pbu_a-Kinship-fathersyoungerbrotherswife-1,,pbu_a,Kinship-fathersyoungerbrotherswife,kaːkaːrteːna,kaːkaːrteːna,k aː k aː r t eː n a,,hindukush,,,^ k aː k aː r t eː n a $,default,
pbu_a-Kinship-fatherssistershusband-1,,pbu_a,Kinship-fatherssistershusband,awxeː,awxeː,a w x eː,,hindukush,,,^ a w x eː $,default,
pbu_a-Kinship-mothersbrotherswife-1,,pbu_a,Kinship-mothersbrotherswife,maːmaːrteːna,maːmaːrteːna,m aː m aː r t eː n a,,hindukush,,,^ m aː m aː r t eː n a $,default,
pbu_a-Kinship-motherssistershusband-1,,pbu_a,Kinship-motherssistershusband,laːlaː,laːlaː,l aː l aː,,hindukush,,,^ l aː l aː $,default,
pbu_a-Kinship-sonswife-1,,pbu_a,Kinship-sonswife,ingoːr,ingoːr,i n g oː r,,hindukush,,,^ i n g oː r $,default,
pbu_a-Kinship-daughtershusband-1,,pbu_a,Kinship-daughtershusband,zum,zum,z u m,,hindukush,,,^ z u m $,default,
pbu_a-Kinship-brotherswifemaleego-1,,pbu_a,Kinship-brotherswifemaleego,wrindaːrə,wrindaːrə,w r i n d aː r ə,,hindukush,,,^ w r i n d aː r ə $,default,
pbu_a-Kinship-brotherswifefemaleego-1,,pbu_a,Kinship-brotherswifefemaleego,wrindaːrə,wrindaːrə,w r i n d aː r ə,,hindukush,,,^ w r i n d aː r ə $,default,
pbu_a-Kinship-sistershusbandmaleego-1,,pbu_a,Kinship-sistershusbandmaleego,awxeː,awxeː,a w x eː,,hindukush,,,^ a w x eː $,default,
pbu_a-Kinship-sistershusbandfemaleego-1,,pbu_a,Kinship-sistershusbandfemaleego,awxeː,awxeː,a w x eː,,hindukush,,,^ a w x eː $,default,
pbu_a-Kinship-wifesfather-1,,pbu_a,Kinship-wifesfather,χusər,χusər,χ u s ə r,,hindukush,,,^ χ u s ə r $,default,
pbu_a-Kinship-wifesmother-1,,pbu_a,Kinship-wifesmother,χwaːxeː,χwaːxeː,χ w aː x eː,,hindukush,,,^ χw aː x eː $,default,
pbu_a-Kinship-husbandsfather-1,,pbu_a,Kinship-husbandsfather,χusər,χusər,χ u s ə r,,hindukush,,,^ χ u s ə r $,default,
pbu_a-Kinship-husbandsmother-1,,pbu_a,Kinship-husbandsmother,χwaːxeː,χwaːxeː,χ w aː x eː,,hindukush,,,^ χw aː x eː $,default,
pbu_a-Kinship-husbandsbrother-1,,pbu_a,Kinship-husbandsbrother,leːwər,leːwər,l eː w ə r,,hindukush,,,^ l eː w ə r $,default,
pbu_a-Kinship-husbandssister-1,,pbu_a,Kinship-husbandssister,nəndroːr,nəndroːr,n ə n d r oː r,,hindukush,,,^ n ə n d r oː r $,default,
pbu_a-Kinship-wifesbrother-1,,pbu_a,Kinship-wifesbrother,awxeː,awxeː,a w x eː,,hindukush,,,^ a w x eː $,default,
pbu_a-Kinship-wifessister-1,,pbu_a,Kinship-wifessister,xina,xina,x i n a,,hindukush,,,^ x i n a $,default,
pbu_a-Kinship-husbandsbrotherswife-1,,pbu_a,Kinship-husbandsbrotherswife,nəndroːr,nəndroːr,n ə n d r oː r,,hindukush,,,^ n ə n d r oː r $,default,
pbu_a-Kinship-husbandssistershusband-1,,pbu_a,Kinship-husbandssistershusband,awxeː,awxeː,a w x eː,,hindukush,,,^ a w x eː $,default,
pbu_a-Kinship-wifesbrotherswife-1,,pbu_a,Kinship-wifesbrotherswife,xina,xina,x i n a,,hindukush,,,^ x i n a $,default,
pbu_a-Kinship-wifessistershusband-1,,pbu_a,Kinship-wifessistershusband,baːd͡ʒa,baːd͡ʒa,b aː dʒ a,,hindukush,,,^ b aː d͡ʒ a $,default,
pbu_a-Kinship-cowife-1,,pbu_a,Kinship-cowife,bən,bən,b ə n,,hindukush,,,^ b ə n $,default,
pbu_a-Kinship-sonswifesfather-1,,pbu_a,Kinship-sonswifesfather,χeːx,χeːx,χ eː x,,hindukush,,,^ χ eː x $,default,
pbu_a-Kinship-sonswifesmother-1,,pbu_a,Kinship-sonswifesmother,χeːxa,χeːxa,χ eː x a,,hindukush,,,^ χ eː x a $,default,
pbu_a-Kinship-daughtershusbandsfather-1,,pbu_a,Kinship-daughtershusbandsfather,χeːx,χeːx,χ eː x,,hindukush,,,^ χ eː x $,default,
pbu_a-Kinship-daughtershusbandsmother-1,,pbu_a,Kinship-daughtershusbandsmother,χeːxa,χeːxa,χ eː x a,,hindukush,,,^ χ eː x a $,default,
pbu_a-Kinship-stepmother-1,,pbu_a,Kinship-stepmother,majərə,majərə,m a j ə r ə,,hindukush,,,^ m a j ə r ə $,default,
pbu_a-Kinship-stepfather-1,,pbu_a,Kinship-stepfather,pəlandar,pəlandar,p ə l a n d a r,,hindukush,,,^ p ə l a n d a r $,default,
pbu_a-Kinship-stepson-1,,pbu_a,Kinship-stepson,bat͡ʃandar,bat͡ʃandar,b a tʃ a n d a r,,hindukush,,,^ b a t͡ʃ a n d a r $,default,
pbu_a-Kinship-stepdaughter-1,,pbu_a,Kinship-stepdaughter,bat͡ʃandara,bat͡ʃandara,b a tʃ a n d a r a,,hindukush,,,^ b a t͡ʃ a n d a r a $,default,
pbu_a-Kinship-fathersfathersfather-1,,pbu_a,Kinship-fathersfathersfather,nikə,nikə,n i k ə,,hindukush,,,^ n i k ə $,default,
pbu_a-Kinship-mothersmothersmother-1,,pbu_a,Kinship-mothersmothersmother,nijaː,nijaː,n i j aː,,hindukush,,,^ n i j aː $,default,
pbu_a-Kinship-forefather-1,,pbu_a,Kinship-forefather,ad͡ʒdaːd,ad͡ʒdaːd,a dʒ d aː d,,hindukush,,,^ a d͡ʒ d aː d $,default,
pbu_a-Kinship-foremother-1,,pbu_a,Kinship-foremother,ad͡ʒdaːd,ad͡ʒdaːd,a dʒ d aː d,,hindukush,,,^ a d͡ʒ d aː d $,default,
pbu_a-Kinship-fathersbrothersson-1,,pbu_a,Kinship-fathersbrothersson,dəkaːkaːzoːi,dəkaːkaːzoːi,d ə k aː k aː z oː i,,hindukush,,,^ d ə k aː k aː z oːi $,default,
pbu_a-Kinship-fathersbrothersdaughter-1,,pbu_a,Kinship-fathersbrothersdaughter,dəkaːkaːlur,dəkaːkaːlur,d ə k aː k aː l u r,,hindukush,,,^ d ə k aː k aː l u r $,default,
pbu_a-Kinship-fatherssistersson-1,,pbu_a,Kinship-fatherssistersson,truːrzaja,truːrzaja,t r uː r z a j a,,hindukush,,,^ t r uː r z a j a $,default,
pbu_a-Kinship-mothersbrothersson-1,,pbu_a,Kinship-mothersbrothersson,maːmaː,maːmaː,m aː m aː,,hindukush,,,^ m aː m aː $,default,
pbu_a-Kinship-mothersbrothersdaughter-1,,pbu_a,Kinship-mothersbrothersdaughter,χaːla,χaːla,χ aː l a,,hindukush,,,^ χ aː l a $,default,
pbu_a-Kinship-motherssistersson-1,,pbu_a,Kinship-motherssistersson,truːrzaja,truːrzaja,t r uː r z a j a,,hindukush,,,^ t r uː r z a j a $,default,
pbu_a-Kinship-relative-1,,pbu_a,Kinship-relative,χpəlwaːn,χpəlwaːn,χ p ə l w aː n,,hindukush,,,^ χ p ə lw aː n $,default,
pbu_a-Kinship-affinalrelative-1,,pbu_a,Kinship-affinalrelative,χeːxaːn,χeːxaːn,χ eː x aː n,,hindukush,,,^ χ eː x aː n $,default,
pbu_a-Kinship-bloodrelative-1,,pbu_a,Kinship-bloodrelative,χpəlwaːn,χpəlwaːn,χ p ə l w aː n,,hindukush,,,^ χ p ə lw aː n $,default,
pbu_a-Kinship-wifesrelatives-1,,pbu_a,Kinship-wifesrelatives,χusərgənej,χusərgənej,χ u s ə r g ə n e j,,hindukush,,,^ χ u s ə r g ə n e j $,default,
pbu_a-Kinship-headofclan-1,,pbu_a,Kinship-headofclan,malək,malək,m a l ə k,,hindukush,,,^ m a l ə k $,default,
pbu_a-Kinship-headoftribe-1,,pbu_a,Kinship-headoftribe,raʔis,raʔis,r a ʔ i s,,hindukush,,,^ r a ʔ i s $,default,
pbu_a-Kinship-halfsistersamefatherdifferentmother-1,,pbu_a,Kinship-halfsistersamefatherdifferentmother,majərənej χoːr,majərənej_χoːr,m a j ə r ə n e j + χ oː r,,hindukush,,,^ m a j ə r ə n e j _ χ oː r $,default,
pbu_a-Kinship-halfbrothersamefatherdifferentmother-1,,pbu_a,Kinship-halfbrothersamefatherdifferentmother,majərənej wroːr,majərənej_wroːr,m a j ə r ə n e j + w r oː r,,hindukush,,,^ m a j ə r ə n e j _ w r oː r $,default,
pbu_a-Kinship-halfsistersamemotherdifferentfather-1,,pbu_a,Kinship-halfsistersamemotherdifferentfather,naːsaka χoːr,naːsaka_χoːr,n aː s a k a + χ oː r,,hindukush,,,^ n aː s a k a _ χ oː r $,default,
pbu_a-Kinship-halfbrothersamemotherdifferentfather-1,,pbu_a,Kinship-halfbrothersamemotherdifferentfather,naːsaka wroːr,naːsaka_wroːr,n aː s a k a + w r oː r,,hindukush,,,^ n aː s a k a _ w r oː r $,default,
pbu_i-Kinship-father-1,,pbu_i,Kinship-father,plaːr,plaːr,p l aː r,,hindukush,,,^ p l aː r $,default,
pbu_i-Kinship-mother-1,,pbu_i,Kinship-mother,moːr,moːr,m oː r,,hindukush,,,^ m oː r $,default,
pbu_i-Kinship-parent-1,,pbu_i,Kinship-parent,moːra plaːr,moːra_plaːr,m oː r a + p l aː r,,hindukush,,,^ m oː r a _ p l aː r $,default,
pbu_i-Kinship-son-1,,pbu_i,Kinship-son,zweː,zweː,z w eː,,hindukush,,,^ zw eː $,default,
pbu_i-Kinship-daughter-1,,pbu_i,Kinship-daughter,lur,lur,l u r,,hindukush,,,^ l u r $,default,
pbu_i-Kinship-ownchild-1,,pbu_i,Kinship-ownchild,χpəl d͡ʒaːtke,χpəl_d͡ʒaːtke,χ p ə l + dʒ aː t k e,,hindukush,,,^ χ p ə l _ d͡ʒ aː t k e $,default,
pbu_i-Kinship-brother-1,,pbu_i,Kinship-brother,roːr,roːr,r oː r,,hindukush,,,^ r oː r $,default,
pbu_i-Kinship-sister-1,,pbu_i,Kinship-sister,χoːr,χoːr,χ oː r,,hindukush,,,^ χ oː r $,default,
pbu_i-Kinship-olderbrother-1,,pbu_i,Kinship-olderbrother,maʃar roːr,maʃar_roːr,m a ʃ a r + r oː r,,hindukush,,,^ m a ʃ a r _ r oː r $,default,
pbu_i-Kinship-youngerbrother-1,,pbu_i,Kinship-youngerbrother,kaʃar roːr,kaʃar_roːr,k a ʃ a r + r oː r,,hindukush,,,^ k a ʃ a r _ r oː r $,default,
pbu_i-Kinship-oldersister-1,,pbu_i,Kinship-oldersister,maʃra χoːr,maʃra_χoːr,m a ʃ r a + χ oː r,,hindukush,,,^ m a ʃ r a _ χ oː r $,default,
pbu_i-Kinship-youngersister-1,,pbu_i,Kinship-youngersister,kaʃra χoːr,kaʃra_χoːr,k a ʃ r a + χ oː r,,hindukush,,,^ k a ʃ r a _ χ oː r $,default,
pbu_i-Kinship-fathersfather-1,,pbu_i,Kinship-fathersfather,nikə,nikə,n i k ə,,hindukush,,,^ n i k ə $,default,
pbu_i-Kinship-fathersmother-1,,pbu_i,Kinship-fathersmother,njaː,njaː,n j aː,,hindukush,,,^ n j aː $,default,
pbu_i-Kinship-mothersfather-1,,pbu_i,Kinship-mothersfather,nikə,nikə,n i k ə,,hindukush,,,^ n i k ə $,default,
pbu_i-Kinship-mothersmother-1,,pbu_i,Kinship-mothersmother,njaː,njaː,n j aː,,hindukush,,,^ n j aː $,default,
pbu_i-Kinship-sonsson-1,,pbu_i,Kinship-sonsson,naseː,naseː,n a s eː,,hindukush,,,^ n a s eː $,default,
pbu_i-Kinship-sonsdaughter-1,,pbu_i,Kinship-sonsdaughter,nasaj,nasaj,n a s a j,,hindukush,,,^ n a s a j $,default,
pbu_i-Kinship-daughtersson-1,,pbu_i,Kinship-daughtersson,naseː,naseː,n a s eː,,hindukush,,,^ n a s eː $,default,
pbu_i-Kinship-daughtersdaughter-1,,pbu_i,Kinship-daughtersdaughter,nasaj,nasaj,n a s a j,,hindukush,,,^ n a s a j $,default,
pbu_i-Kinship-fathersbrother-1,,pbu_i,Kinship-fathersbrother,trə,trə,t r ə,,hindukush,,,^ t r ə $,default,
pbu_i-Kinship-fathersolderbrother-1,,pbu_i,Kinship-fathersolderbrother,maʃar trə,maʃar_trə,m a ʃ a r + t r ə,,hindukush,,,^ m a ʃ a r _ t r ə $,default,
pbu_i-Kinship-fathersyoungerbrother-1,,pbu_i,Kinship-fathersyoungerbrother,kaʃar trə,kaʃar_trə,k a ʃ a r + t r ə,,hindukush,,,^ k a ʃ a r _ t r ə $,default,
pbu_i-Kinship-fatherssister-1,,pbu_i,Kinship-fatherssister,troːr,troːr,t r oː r,,hindukush,,,^ t r oː r $,default,
pbu_i-Kinship-fathersoldersister-1,,pbu_i,Kinship-fathersoldersister,maʃra troːr,maʃra_troːr,m a ʃ r a + t r oː r,,hindukush,,,^ m a ʃ r a _ t r oː r $,default,
pbu_i-Kinship-fathersyoungersister-1,,pbu_i,Kinship-fathersyoungersister,kaʃra troːr,kaʃra_troːr,k a ʃ r a + t r oː r,,hindukush,,,^ k a ʃ r a _ t r oː r $,default,
pbu_i-Kinship-mothersbrother-1,,pbu_i,Kinship-mothersbrother,maːmaː,maːmaː,m aː m aː,,hindukush,,,^ m aː m aː $,default,
pbu_i-Kinship-mothersolderbrother-1,,pbu_i,Kinship-mothersolderbrother,maʃar maːmaː,maʃar_maːmaː,m a ʃ a r + m aː m aː,,hindukush,,,^ m a ʃ a r _ m aː m aː $,default,
pbu_i-Kinship-mothersyoungerbrother-1,,pbu_i,Kinship-mothersyoungerbrother,kaʃar maːmaː,kaʃar_maːmaː,k a ʃ a r + m aː m aː,,hindukush,,,^ k a ʃ a r _ m aː m aː $,default,
pbu_i-Kinship-motherssister-1,,pbu_i,Kinship-motherssister,maːʃuː,maːʃuː,m aː ʃ uː,,hindukush,,,^ m aː ʃ uː $,default,
pbu_i-Kinship-mothersoldersister-1,,pbu_i,Kinship-mothersoldersister,maʃra maːʃuː,maʃra_maːʃuː,m a ʃ r a + m aː ʃ uː,,hindukush,,,^ m a ʃ r a _ m aː ʃ uː $,default,
pbu_i-Kinship-mothersyoungersister-1,,pbu_i,Kinship-mothersyoungersister,kaʃra maːʃuː,kaʃra_maːʃuː,k a ʃ r a + m aː ʃ uː,,hindukush,,,^ k a ʃ r a _ m aː ʃ uː $,default,
pbu_i-Kinship-brothersson-1,,pbu_i,Kinship-brothersson,rwaːrə,rwaːrə,r w aː r ə,,hindukush,,,^ rw aː r ə $,default,
pbu_i-Kinship-brothersdaughter-1,,pbu_i,Kinship-brothersdaughter,rweːra,rweːra,r w eː r a,,hindukush,,,^ rw eː r a $,default,
pbu_i-Kinship-sistersson-1,,pbu_i,Kinship-sistersson,χureː,χureː,χ u r eː,,hindukush,,,^ χ u r eː $,default,
pbu_i-Kinship-sistersdaughter-1,,pbu_i,Kinship-sistersdaughter,χurza,χurza,χ u r z a,,hindukush,,,^ χ u r z a $,default,
pbu_i-Kinship-husband-1,,pbu_i,Kinship-husband,χawaːn,χawaːn,χ a w aː n,,hindukush,,,^ χ a w aː n $,default,
pbu_i-Kinship-wife-1,,pbu_i,Kinship-wife,χəza,χəza,χ ə z a,,hindukush,,,^ χ ə z a $,default,
pbu_i-Kinship-fathersolderbrotherswife-1,,pbu_i,Kinship-fathersolderbrotherswife,tandaːr,tandaːr,t a n d aː r,,hindukush,,,^ t a n d aː r $,default,
pbu_i-Kinship-fathersyoungerbrotherswife-1,,pbu_i,Kinship-fathersyoungerbrotherswife,kaʃra tandaːr,kaʃra_tandaːr,k a ʃ r a + t a n d aː r,,hindukush,,,^ k a ʃ r a _ t a n d aː r $,default,
pbu_i-Kinship-fatherssistershusband-1,,pbu_i,Kinship-fatherssistershusband,troːr χawaːn,troːr_χawaːn,t r oː r + χ a w aː n,,hindukush,,,^ t r oː r _ χ a w aː n $,default,
pbu_i-Kinship-motherssistershusband-1,,pbu_i,Kinship-motherssistershusband,maːʃuː χawaːn,maːʃuː_χawaːn,m aː ʃ uː + χ a w aː n,,hindukush,,,^ m aː ʃ uː _ χ a w aː n $,default,
pbu_i-Kinship-sonswife-1,,pbu_i,Kinship-sonswife,uŋgoːr,uŋgoːr,u ŋ g oː r,,hindukush,,,^ u ŋ g oː r $,default,
pbu_i-Kinship-daughtershusband-1,,pbu_i,Kinship-daughtershusband,zuŋgeː,zuŋgeː,z u ŋ g eː,,hindukush,,,^ z u ŋ g eː $,default,
pbu_i-Kinship-brotherswifemaleego-1,,pbu_i,Kinship-brotherswifemaleego,rwandaːr,rwandaːr,r w a n d aː r,,hindukush,,,^ rw a n d aː r $,default,
pbu_i-Kinship-brotherswifefemaleego-1,,pbu_i,Kinship-brotherswifefemaleego,rwandaːr,rwandaːr,r w a n d aː r,,hindukush,,,^ rw a n d aː r $,default,
pbu_i-Kinship-sistershusbandmaleego-1,,pbu_i,Kinship-sistershusbandmaleego,aχweː,aχweː,a χ w eː,,hindukush,,,^ a χw eː $,default,
pbu_i-Kinship-sistershusbandfemaleego-1,,pbu_i,Kinship-sistershusbandfemaleego,aχweː,aχweː,a χ w eː,,hindukush,,,^ a χw eː $,default,
pbu_i-Kinship-wifesfather-1,,pbu_i,Kinship-wifesfather,sqər,sqər,s q ə r,,hindukush,,,^ s q ə r $,default,
pbu_i-Kinship-wifesmother-1,,pbu_i,Kinship-wifesmother,χwaːχeː,χwaːχeː,χ w aː χ eː,,hindukush,,,^ χw aː χ eː $,default,
pbu_i-Kinship-husbandsfather-1,,pbu_i,Kinship-husbandsfather,sqər,sqər,s q ə r,,hindukush,,,^ s q ə r $,default,
pbu_i-Kinship-husbandsmother-1,,pbu_i,Kinship-husbandsmother,χwaːχeː,χwaːχeː,χ w aː χ eː,,hindukush,,,^ χw aː χ eː $,default,
pbu_i-Kinship-husbandsbrother-1,,pbu_i,Kinship-husbandsbrother,livar,livar,l i v a r,,hindukush,,,^ l i v a r $,default,
pbu_i-Kinship-husbandssister-1,,pbu_i,Kinship-husbandssister,undroːr,undroːr,u n d r oː r,,hindukush,,,^ u n d r oː r $,default,
pbu_i-Kinship-wifesbrother-1,,pbu_i,Kinship-wifesbrother,awχeː,awχeː,a w χ eː,,hindukush,,,^ a w χ eː $,default,
pbu_i-Kinship-wifessister-1,,pbu_i,Kinship-wifessister,χina,χina,χ i n a,,hindukush,,,^ χ i n a $,default,
pbu_i-Kinship-husbandsbrotherswife-1,,pbu_i,Kinship-husbandsbrotherswife,juːr,juːr,j uː r,,hindukush,,,^ j uː r $,default,
pbu_i-Kinship-husbandssistershusband-1,,pbu_i,Kinship-husbandssistershusband,də χawaːn awχeː,də_χawaːn_awχeː,d ə + χ a w aː n + a w χ eː,,hindukush,,,^ d ə _ χ a w aː n _ a w χ eː $,default,
pbu_i-Kinship-wifesbrotherswife-1,,pbu_i,Kinship-wifesbrotherswife,də χəze rwandaːr,də_χəze_rwandaːr,d ə + χ ə z e + r w a n d aː r,,hindukush,,,^ d ə _ χ ə z e _ rw a n d aː r $,default,
pbu_i-Kinship-wifessistershusband-1,,pbu_i,Kinship-wifessistershusband,saːnɖu,saːnɖu,s aː n ɖ u,,hindukush,,,^ s aː n ɖ u $,default,
pbu_i-Kinship-cowife-1,,pbu_i,Kinship-cowife,bən,bən,b ə n,,hindukush,,,^ b ə n $,default,
pbu_i-Kinship-stepsisternosharedparent-1,,pbu_i,Kinship-stepsisternosharedparent,meːrə χoːr,meːrə_χoːr,m eː r ə + χ oː r,,hindukush,,,^ m eː r ə _ χ oː r $,default,
pbu_i-Kinship-stepbrothernosharedparent-1,,pbu_i,Kinship-stepbrothernosharedparent,meːrə roːr,meːrə_roːr,m eː r ə + r oː r,,hindukush,,,^ m eː r ə _ r oː r $,default,
pbu_i-Kinship-stepmother-1,,pbu_i,Kinship-stepmother,meːrə moːr,meːrə_moːr,m eː r ə + m oː r,,hindukush,,,^ m eː r ə _ m oː r $,default,
pbu_i-Kinship-stepfather-1,,pbu_i,Kinship-stepfather,meːrə plaːr,meːrə_plaːr,m eː r ə + p l aː r,,hindukush,,,^ m eː r ə _ p l aː r $,default,
pbu_i-Kinship-stepson-1,,pbu_i,Kinship-stepson,meːrə zweː,meːrə_zweː,m eː r ə + z w eː,,hindukush,,,^ m eː r ə _ zw eː $,default,
pbu_i-Kinship-stepdaughter-1,,pbu_i,Kinship-stepdaughter,meːrə lur,meːrə_lur,m eː r ə + l u r,,hindukush,,,^ m eː r ə _ l u r $,default,
pbu_i-Kinship-fathersfathersfather-1,,pbu_i,Kinship-fathersfathersfather,wur nikə,wur_nikə,w u r + n i k ə,,hindukush,,,^ w u r _ n i k ə $,default,
pbu_i-Kinship-mothersmothersmother-1,,pbu_i,Kinship-mothersmothersmother,wur njaː,wur_njaː,w u r + n j aː,,hindukush,,,^ w u r _ n j aː $,default,
pbu_i-Kinship-forefather-1,,pbu_i,Kinship-forefather,maʃaraːn,maʃaraːn,m a ʃ a r aː n,,hindukush,,,^ m a ʃ a r aː n $,default,
pbu_i-Kinship-fathersbrothersson-1,,pbu_i,Kinship-fathersbrothersson,trə zweː,trə_zweː,t r ə + z w eː,,hindukush,,,^ t r ə _ zw eː $,default,
pbu_i-Kinship-fathersbrothersdaughter-1,,pbu_i,Kinship-fathersbrothersdaughter,trə lur,trə_lur,t r ə + l u r,,hindukush,,,^ t r ə _ l u r $,default,
pbu_i-Kinship-fatherssistersson-1,,pbu_i,Kinship-fatherssistersson,troːr zweː,troːr_zweː,t r oː r + z w eː,,hindukush,,,^ t r oː r _ zw eː $,default,
pbu_i-Kinship-fatherssistersdaughter-1,,pbu_i,Kinship-fatherssistersdaughter,troːr lur,troːr_lur,t r oː r + l u r,,hindukush,,,^ t r oː r _ l u r $,default,
pbu_i-Kinship-mothersbrothersson-1,,pbu_i,Kinship-mothersbrothersson,maːmaː zweː,maːmaː_zweː,m aː m aː + z w eː,,hindukush,,,^ m aː m aː _ zw eː $,default,
pbu_i-Kinship-mothersbrothersdaughter-1,,pbu_i,Kinship-mothersbrothersdaughter,maːmaː lur,maːmaː_lur,m aː m aː + l u r,,hindukush,,,^ m aː m aː _ l u r $,default,
pbu_i-Kinship-motherssistersson-1,,pbu_i,Kinship-motherssistersson,maːʃuː zweː,maːʃuː_zweː,m aː ʃ uː + z w eː,,hindukush,,,^ m aː ʃ uː _ zw eː $,default,
pbu_i-Kinship-motherssistersdaughter-1,,pbu_i,Kinship-motherssistersdaughter,maːʃuː lur,maːʃuː_lur,m aː ʃ uː + l u r,,hindukush,,,^ m aː ʃ uː _ l u r $,default,
pbu_i-Kinship-relative-1,,pbu_i,Kinship-relative,saka,saka,s a k a,,hindukush,,,^ s a k a $,default,
pbu_i-Kinship-wifesrelatives-1,,pbu_i,Kinship-wifesrelatives,sqaraːna,sqaraːna,s q a r aː n a,,hindukush,,,^ s q a r aː n a $,default,
pbu_i-Kinship-headofhousehold-1,,pbu_i,Kinship-headofhousehold,də koːr maʃar,də_koːr_maʃar,d ə + k oː r + m a ʃ a r,,hindukush,,,^ d ə _ k oː r _ m a ʃ a r $,default,
pbu_i-Kinship-headofclan-1,,pbu_i,Kinship-headofclan,də kəliː maʃar,də_kəliː_maʃar,d ə + k ə l iː + m a ʃ a r,,hindukush,,,^ d ə _ k ə l iː _ m a ʃ a r $,default,
pbu_i-Kinship-headoftribe-1,,pbu_i,Kinship-headoftribe,də qaːbileː maʃar,də_qaːbileː_maʃar,d ə + q aː b i l eː + m a ʃ a r,,hindukush,,,^ d ə _ q aː b i l eː _ m a ʃ a r $,default,
pbu_i-Kinship-halfsistersamefatherdifferentmother-1,,pbu_i,Kinship-halfsistersamefatherdifferentmother,meːrə χoːr,meːrə_χoːr,m eː r ə + χ oː r,,hindukush,,,^ m eː r ə _ χ oː r $,default,
pbu_i-Kinship-halfbrothersamefatherdifferentmother-1,,pbu_i,Kinship-halfbrothersamefatherdifferentmother,meːrə roːr,meːrə_roːr,m eː r ə + r oː r,,hindukush,,,^ m eː r ə _ r oː r $,default,
pbu_i-Kinship-halfsistersamemotherdifferentfather-1,,pbu_i,Kinship-halfsistersamemotherdifferentfather,meːrə χoːr,meːrə_χoːr,m eː r ə + χ oː r,,hindukush,,,^ m eː r ə _ χ oː r $,default,
pbu_i-Kinship-halfbrothersamemotherdifferentfather-1,,pbu_i,Kinship-halfbrothersamemotherdifferentfather,meːrə roːr,meːrə_roːr,m eː r ə + r oː r,,hindukush,,,^ m eː r ə _ r oː r $,default,
pbu_p-Kinship-father-1,,pbu_p,Kinship-father,plaːr,plaːr,p l aː r,,hindukush,,,^ p l aː r $,default,
pbu_p-Kinship-mother-1,,pbu_p,Kinship-mother,moːr,moːr,m oː r,,hindukush,,,^ m oː r $,default,
pbu_p-Kinship-parent-1,,pbu_p,Kinship-parent,moːr o plaːr,moːr_o_plaːr,m oː r + o + p l aː r,,hindukush,,,^ m oː r _ o _ p l aː r $,default,
pbu_p-Kinship-son-1,,pbu_p,Kinship-son,zuːje,zuːje,z uː j e,,hindukush,,,^ z uː j e $,default,
pbu_p-Kinship-daughter-1,,pbu_p,Kinship-daughter,lur,lur,l u r,,hindukush,,,^ l u r $,default,
pbu_p-Kinship-ownchild-1,,pbu_p,Kinship-ownchild,χpəl bat͡ʃeː,χpəl_bat͡ʃeː,χ p ə l + b a tʃ eː,,hindukush,,,^ χ p ə l _ b a t͡ʃ eː $,default,
pbu_p-Kinship-brother-1,,pbu_p,Kinship-brother,wroːr,wroːr,w r oː r,,hindukush,,,^ w r oː r $,default,
pbu_p-Kinship-sister-1,,pbu_p,Kinship-sister,χoːr,χoːr,χ oː r,,hindukush,,,^ χ oː r $,default,
pbu_p-Kinship-olderbrother-1,,pbu_p,Kinship-olderbrother,məʃər wroːr,məʃər_wroːr,m ə ʃ ə r + w r oː r,,hindukush,,,^ m ə ʃ ə r _ w r oː r $,default,
pbu_p-Kinship-youngerbrother-1,,pbu_p,Kinship-youngerbrother,wuɽukeː wroːr,wuɽukeː_wroːr,w u ɽ u k eː + w r oː r,,hindukush,,,^ w u ɽ u k eː _ w r oː r $,default,
pbu_p-Kinship-oldersister-1,,pbu_p,Kinship-oldersister,məʃra χoːr,məʃra_χoːr,m ə ʃ r a + χ oː r,,hindukush,,,^ m ə ʃ r a _ χ oː r $,default,
pbu_p-Kinship-youngersister-1,,pbu_p,Kinship-youngersister,wuɽukeː χoːr,wuɽukeː_χoːr,w u ɽ u k eː + χ oː r,,hindukush,,,^ w u ɽ u k eː _ χ oː r $,default,
pbu_p-Kinship-fathersfather-1,,pbu_p,Kinship-fathersfather,daːdaː,daːdaː,d aː d aː,,hindukush,,,^ d aː d aː $,default,
pbu_p-Kinship-fathersmother-1,,pbu_p,Kinship-fathersmother,deːdeː,deːdeː,d eː d eː,,hindukush,,,^ d eː d eː $,default,
pbu_p-Kinship-mothersfather-1,,pbu_p,Kinship-mothersfather,daːdaː,daːdaː,d aː d aː,,hindukush,,,^ d aː d aː $,default,
pbu_p-Kinship-mothersmother-1,,pbu_p,Kinship-mothersmother,deːdeː,deːdeː,d eː d eː,,hindukush,,,^ d eː d eː $,default,
pbu_p-Kinship-sonsson-1,,pbu_p,Kinship-sonsson,nwaseː,nwaseː,nʷ a s eː,,hindukush,,,^ nw a s eː $,default,
pbu_p-Kinship-sonsdaughter-1,,pbu_p,Kinship-sonsdaughter,nwasej,nwasej,nʷ a s e j,,hindukush,,,^ nw a s e j $,default,
pbu_p-Kinship-daughtersson-1,,pbu_p,Kinship-daughtersson,nwaseː,nwaseː,nʷ a s eː,,hindukush,,,^ nw a s eː $,default,
pbu_p-Kinship-daughtersdaughter-1,,pbu_p,Kinship-daughtersdaughter,nwasej,nwasej,nʷ a s e j,,hindukush,,,^ nw a s e j $,default,
pbu_p-Kinship-fathersbrother-1,,pbu_p,Kinship-fathersbrother,trə,trə,t r ə,,hindukush,,,^ t r ə $,default,
pbu_p-Kinship-fathersolderbrother-1,,pbu_p,Kinship-fathersolderbrother,trə,trə,t r ə,,hindukush,,,^ t r ə $,default,
pbu_p-Kinship-fathersyoungerbrother-1,,pbu_p,Kinship-fathersyoungerbrother,trə,trə,t r ə,,hindukush,,,^ t r ə $,default,
pbu_p-Kinship-fatherssister-1,,pbu_p,Kinship-fatherssister,troːr,troːr,t r oː r,,hindukush,,,^ t r oː r $,default,
pbu_p-Kinship-fathersoldersister-1,,pbu_p,Kinship-fathersoldersister,troːr,troːr,t r oː r,,hindukush,,,^ t r oː r $,default,
pbu_p-Kinship-fathersyoungersister-1,,pbu_p,Kinship-fathersyoungersister,troːr,troːr,t r oː r,,hindukush,,,^ t r oː r $,default,
pbu_p-Kinship-mothersbrother-1,,pbu_p,Kinship-mothersbrother,maːmaː,maːmaː,m aː m aː,,hindukush,,,^ m aː m aː $,default,
pbu_p-Kinship-mothersolderbrother-1,,pbu_p,Kinship-mothersolderbrother,maːmaː,maːmaː,m aː m aː,,hindukush,,,^ m aː m aː $,default,
pbu_p-Kinship-mothersyoungerbrother-1,,pbu_p,Kinship-mothersyoungerbrother,maːmaː,maːmaː,m aː m aː,,hindukush,,,^ m aː m aː $,default,
pbu_p-Kinship-motherssister-1,,pbu_p,Kinship-motherssister,maːsiː,maːsiː,m aː s iː,,hindukush,,,^ m aː s iː $,default,
pbu_p-Kinship-mothersoldersister-1,,pbu_p,Kinship-mothersoldersister,maːsiː,maːsiː,m aː s iː,,hindukush,,,^ m aː s iː $,default,
pbu_p-Kinship-mothersyoungersister-1,,pbu_p,Kinship-mothersyoungersister,maːsiː,maːsiː,m aː s iː,,hindukush,,,^ m aː s iː $,default,
pbu_p-Kinship-brothersson-1,,pbu_p,Kinship-brothersson,wrarə,wrarə,w r a r ə,,hindukush,,,^ w r a r ə $,default,
pbu_p-Kinship-brothersdaughter-1,,pbu_p,Kinship-brothersdaughter,wreːra,wreːra,w r eː r a,,hindukush,,,^ w r eː r a $,default,
pbu_p-Kinship-sistersson-1,,pbu_p,Kinship-sistersson,χwrəje,χwrəje,χ w r ə j e,,hindukush,,,^ χw r ə j e $,default,
pbu_p-Kinship-sistersdaughter-1,,pbu_p,Kinship-sistersdaughter,χwərzə,χwərzə,χ w ə r z ə,,hindukush,,,^ χw ə r z ə $,default,
pbu_p-Kinship-husband-1,,pbu_p,Kinship-husband,meːɽə,meːɽə,m eː ɽ ə,,hindukush,,,^ m eː ɽ ə $,default,
pbu_p-Kinship-wife-1,,pbu_p,Kinship-wife,χəza,χəza,χ ə z a,,hindukush,,,^ χ ə z a $,default,
pbu_p-Kinship-fathersolderbrotherswife-1,,pbu_p,Kinship-fathersolderbrotherswife,təndaːr,təndaːr,t ə n d aː r,,hindukush,,,^ t ə n d aː r $,default,
pbu_p-Kinship-fathersyoungerbrotherswife-1,,pbu_p,Kinship-fathersyoungerbrotherswife,təndaːr,təndaːr,t ə n d aː r,,hindukush,,,^ t ə n d aː r $,default,
pbu_p-Kinship-fatherssistershusband-1,,pbu_p,Kinship-fatherssistershusband,də troːr χaːwənd,də_troːr_χaːwənd,d ə + t r oː r + χ aː w ə n d,,hindukush,,,^ d ə _ t r oː r _ χ aː w ə n d $,default,
pbu_p-Kinship-mothersbrotherswife-1,,pbu_p,Kinship-mothersbrotherswife,məmaːɳiː,məmaːɳiː,m ə m aː ɳ iː,,hindukush,,,^ m ə m aː ɳ iː $,default,
pbu_p-Kinship-motherssistershusband-1,,pbu_p,Kinship-motherssistershusband,də məmaːɳiː χaːwənd,də_məmaːɳiː_χaːwənd,d ə + m ə m aː ɳ iː + χ aː w ə n d,,hindukush,,,^ d ə _ m ə m aː ɳ iː _ χ aː w ə n d $,default,
pbu_p-Kinship-sonswife-1,,pbu_p,Kinship-sonswife,ngoːr,ngoːr,n g oː r,,hindukush,,,^ n g oː r $,default,
pbu_p-Kinship-daughtershusband-1,,pbu_p,Kinship-daughtershusband,zum,zum,z u m,,hindukush,,,^ z u m $,default,
pbu_p-Kinship-brotherswifemaleego-1,,pbu_p,Kinship-brotherswifemaleego,baːbiː,baːbiː,b aː b iː,,hindukush,,,^ b aː b iː $,default,
pbu_p-Kinship-brotherswifefemaleego-1,,pbu_p,Kinship-brotherswifefemaleego,baːbiː,baːbiː,b aː b iː,,hindukush,,,^ b aː b iː $,default,
pbu_p-Kinship-sistershusbandmaleego-1,,pbu_p,Kinship-sistershusbandmaleego,oːχeː,oːχeː,oː χ eː,,hindukush,,,^ oː χ eː $,default,
pbu_p-Kinship-sistershusbandfemaleego-1,,pbu_p,Kinship-sistershusbandfemaleego,oːχeː,oːχeː,oː χ eː,,hindukush,,,^ oː χ eː $,default,
pbu_p-Kinship-wifesfather-1,,pbu_p,Kinship-wifesfather,sχər,sχər,s χ ə r,,hindukush,,,^ s χ ə r $,default,
pbu_p-Kinship-wifesmother-1,,pbu_p,Kinship-wifesmother,χwaːχeː,χwaːχeː,χ w aː χ eː,,hindukush,,,^ χw aː χ eː $,default,
pbu_p-Kinship-husbandsfather-1,,pbu_p,Kinship-husbandsfather,sχər,sχər,s χ ə r,,hindukush,,,^ s χ ə r $,default,
pbu_p-Kinship-husbandsmother-1,,pbu_p,Kinship-husbandsmother,χwaːχeː,χwaːχeː,χ w aː χ eː,,hindukush,,,^ χw aː χ eː $,default,
pbu_p-Kinship-husbandsbrother-1,,pbu_p,Kinship-husbandsbrother,leːwər,leːwər,l eː w ə r,,hindukush,,,^ l eː w ə r $,default,
pbu_p-Kinship-husbandssister-1,,pbu_p,Kinship-husbandssister,ndroːr,ndroːr,n d r oː r,,hindukush,,,^ n d r oː r $,default,
pbu_p-Kinship-wifesbrother-1,,pbu_p,Kinship-wifesbrother,də χəzi wroːr,də_χəzi_wroːr,d ə + χ ə z i + w r oː r,,hindukush,,,^ d ə _ χ ə z i _ w r oː r $,default,
pbu_p-Kinship-wifessister-1,,pbu_p,Kinship-wifessister,χina,χina,χ i n a,,hindukush,,,^ χ i n a $,default,
pbu_p-Kinship-husbandsbrotherswife-1,,pbu_p,Kinship-husbandsbrotherswife,joːr,joːr,j oː r,,hindukush,,,^ j oː r $,default,
pbu_p-Kinship-husbandssistershusband-1,,pbu_p,Kinship-husbandssistershusband,oːχeː,oːχeː,oː χ eː,,hindukush,,,^ oː χ eː $,default,
pbu_p-Kinship-wifesbrotherswife-1,,pbu_p,Kinship-wifesbrotherswife,ndroːr,ndroːr,n d r oː r,,hindukush,,,^ n d r oː r $,default,
pbu_p-Kinship-wifessistershusband-1,,pbu_p,Kinship-wifessistershusband,sanɖuː,sanɖuː,s a n ɖ uː,,hindukush,,,^ s a n ɖ uː $,default,
pbu_p-Kinship-cowife-1,,pbu_p,Kinship-cowife,bən,bən,b ə n,,hindukush,,,^ b ə n $,default,
pbu_p-Kinship-sonswifesfather-1,,pbu_p,Kinship-sonswifesfather,də ngoːr plaːr,də_ngoːr_plaːr,d ə + n g oː r + p l aː r,,hindukush,,,^ d ə _ n g oː r _ p l aː r $,default,
pbu_p-Kinship-sonswifesmother-1,,pbu_p,Kinship-sonswifesmother,də ngoːr moːr,də_ngoːr_moːr,d ə + n g oː r + m oː r,,hindukush,,,^ d ə _ n g oː r _ m oː r $,default,
pbu_p-Kinship-daughtershusbandsfather-1,,pbu_p,Kinship-daughtershusbandsfather,də lur sχər,də_lur_sχər,d ə + l u r + s χ ə r,,hindukush,,,^ d ə _ l u r _ s χ ə r $,default,
pbu_p-Kinship-daughtershusbandsmother-1,,pbu_p,Kinship-daughtershusbandsmother,də lur χwaːχeː,də_lur_χwaːχeː,d ə + l u r + χ w aː χ eː,,hindukush,,,^ d ə _ l u r _ χw aː χ eː $,default,
pbu_p-Kinship-stepsisternosharedparent-1,,pbu_p,Kinship-stepsisternosharedparent,də χwəleː χoːr,də_χwəleː_χoːr,d ə + χ w ə l eː + χ oː r,,hindukush,,,^ d ə _ χw ə l eː _ χ oː r $,default,
pbu_p-Kinship-stepbrothernosharedparent-1,,pbu_p,Kinship-stepbrothernosharedparent,də χwəleː wroːr,də_χwəleː_wroːr,d ə + χ w ə l eː + w r oː r,,hindukush,,,^ d ə _ χw ə l eː _ w r oː r $,default,
pbu_p-Kinship-stepmother-1,,pbu_p,Kinship-stepmother,meːra moːr,meːra_moːr,m eː r a + m oː r,,hindukush,,,^ m eː r a _ m oː r $,default,
pbu_p-Kinship-stepfather-1,,pbu_p,Kinship-stepfather,naː saka plaːr,naː_saka_plaːr,n aː + s a k a + p l aː r,,hindukush,,,^ n aː _ s a k a _ p l aː r $,default,
pbu_p-Kinship-stepson-1,,pbu_p,Kinship-stepson,meːraneː zuːje,meːraneː_zuːje,m eː r a n eː + z uː j e,,hindukush,,,^ m eː r a n eː _ z uː j e $,default,
pbu_p-Kinship-stepdaughter-1,,pbu_p,Kinship-stepdaughter,meːraneː lur,meːraneː_lur,m eː r a n eː + l u r,,hindukush,,,^ m eː r a n eː _ l u r $,default,
pbu_p-Kinship-fathersfathersfather-1,,pbu_p,Kinship-fathersfathersfather,ʁwər nikə,ʁwər_nikə,ʁ w ə r + n i k ə,,hindukush,,,^ ʁw ə r _ n i k ə $,default,
pbu_p-Kinship-mothersmothersmother-1,,pbu_p,Kinship-mothersmothersmother,ʁwəra nijaː,ʁwəra_nijaː,ʁ w ə r a + n i j aː,,hindukush,,,^ ʁw ə r a _ n i j aː $,default,
pbu_p-Kinship-forefather-1,,pbu_p,Kinship-forefather,ʈər nikə,ʈər_nikə,ʈ ə r + n i k ə,,hindukush,,,^ ʈ ə r _ n i k ə $,default,
pbu_p-Kinship-foremother-1,,pbu_p,Kinship-foremother,ʈəra nijaː,ʈəra_nijaː,ʈ ə r a + n i j aː,,hindukush,,,^ ʈ ə r a _ n i j aː $,default,
pbu_p-Kinship-fathersbrothersson-1,,pbu_p,Kinship-fathersbrothersson,tərbur,tərbur,t ə r b u r,,hindukush,,,^ t ə r b u r $,default,
pbu_p-Kinship-fathersbrothersdaughter-1,,pbu_p,Kinship-fathersbrothersdaughter,tərlur,tərlur,t ə r l u r,,hindukush,,,^ t ə r l u r $,default,
pbu_p-Kinship-fatherssistersson-1,,pbu_p,Kinship-fatherssistersson,troːrzuːje,troːrzuːje,t r oː r z uː j e,,hindukush,,,^ t r oː r z uː j e $,default,
pbu_p-Kinship-fatherssistersdaughter-1,,pbu_p,Kinship-fatherssistersdaughter,troːrlur,troːrlur,t r oː r l u r,,hindukush,,,^ t r oː r l u r $,default,
pbu_p-Kinship-mothersbrothersson-1,,pbu_p,Kinship-mothersbrothersson,də maːmaː zuːje,də_maːmaː_zuːje,d ə + m aː m aː + z uː j e,,hindukush,,,^ d ə _ m aː m aː _ z uː j e $,default,
pbu_p-Kinship-mothersbrothersdaughter-1,,pbu_p,Kinship-mothersbrothersdaughter,də maːmaː lur,də_maːmaː_lur,d ə + m aː m aː + l u r,,hindukush,,,^ d ə _ m aː m aː _ l u r $,default,
pbu_p-Kinship-motherssistersson-1,,pbu_p,Kinship-motherssistersson,də maːsi zuːje,də_maːsi_zuːje,d ə + m aː s i + z uː j e,,hindukush,,,^ d ə _ m aː s i _ z uː j e $,default,
pbu_p-Kinship-motherssistersdaughter-1,,pbu_p,Kinship-motherssistersdaughter,də maːsi lur,də_maːsi_lur,d ə + m aː s i + l u r,,hindukush,,,^ d ə _ m aː s i _ l u r $,default,
pbu_p-Kinship-relative-1,,pbu_p,Kinship-relative,səka,səka,s ə k a,,hindukush,,,^ s ə k a $,default,
pbu_p-Kinship-affinalrelative-1,,pbu_p,Kinship-affinalrelative,səka,səka,s ə k a,,hindukush,,,^ s ə k a $,default,
pbu_p-Kinship-bloodrelative-1,,pbu_p,Kinship-bloodrelative,də wiːni χpəl,də_wiːni_χpəl,d ə + w iː n i + χ p ə l,,hindukush,,,^ d ə _ w iː n i _ χ p ə l $,default,
pbu_p-Kinship-wifesrelatives-1,,pbu_p,Kinship-wifesrelatives,sχəraːna,sχəraːna,s χ ə r aː n a,,hindukush,,,^ s χ ə r aː n a $,default,
pbu_p-Kinship-headofhousehold-1,,pbu_p,Kinship-headofhousehold,məʃər,məʃər,m ə ʃ ə r,,hindukush,,,^ m ə ʃ ə r $,default,
pbu_p-Kinship-headofclan-1,,pbu_p,Kinship-headofclan,məʃər,məʃər,m ə ʃ ə r,,hindukush,,,^ m ə ʃ ə r $,default,
pbu_p-Kinship-headoftribe-1,,pbu_p,Kinship-headoftribe,malək,malək,m a l ə k,,hindukush,,,^ m a l ə k $,default,
pbu_p-Kinship-halfsistersamefatherdifferentmother-1,,pbu_p,Kinship-halfsistersamefatherdifferentmother,meːraneː χoːr,meːraneː_χoːr,m eː r a n eː + χ oː r,,hindukush,,,^ m eː r a n eː _ χ oː r $,default,
pbu_p-Kinship-halfbrothersamefatherdifferentmother-1,,pbu_p,Kinship-halfbrothersamefatherdifferentmother,meːraneː wroːr,meːraneː_wroːr,m eː r a n eː + w r oː r,,hindukush,,,^ m eː r a n eː _ w r oː r $,default,
pbu_p-Kinship-halfsistersamemotherdifferentfather-1,,pbu_p,Kinship-halfsistersamemotherdifferentfather,meːraneː χoːr,meːraneː_χoːr,m eː r a n eː + χ oː r,,hindukush,,,^ m eː r a n eː _ χ oː r $,default,
pbu_p-Kinship-halfbrothersamemotherdifferentfather-1,,pbu_p,Kinship-halfbrothersamemotherdifferentfather,meːraneː wroːr,meːraneː_wroːr,m eː r a n eː + w r oː r,,hindukush,,,^ m eː r a n eː _ w r oː r $,default,
prn-Kinship-father-1,,prn,Kinship-father,jej,jej,j e j,,hindukush,,,^ j e j $,default,
prn-Kinship-mother-1,,prn,Kinship-mother,nan,nan,n a n,,hindukush,,,^ n a n $,default,
prn-Kinship-parent-1,,prn,Kinship-parent,jenan,jenan,j e n a n,,hindukush,,,^ j e n a n $,default,
prn-Kinship-son-1,,prn,Kinship-son,pijə,pijə,p i j ə,,hindukush,,,^ p i j ə $,default,
prn-Kinship-daughter-1,,prn,Kinship-daughter,liʃt,liʃt,l i ʃ t,,hindukush,,,^ l i ʃ t $,default,
prn-Kinship-ownchild-1,,prn,Kinship-ownchild,kijur,kijur,k i j u r,,hindukush,,,^ k i j u r $,default,
prn-Kinship-brother-1,,prn,Kinship-brother,wijə,wijə,w i j ə,,hindukush,,,^ w i j ə $,default,
prn-Kinship-sister-1,,prn,Kinship-sister,siwus,siwus,s i w u s,,hindukush,,,^ s i w u s $,default,
prn-Kinship-olderbrother-1,,prn,Kinship-olderbrother,gəndər wijə,gəndər_wijə,g ə n d ə r + w i j ə,,hindukush,,,^ g ə n d ə r _ w i j ə $,default,
prn-Kinship-youngerbrother-1,,prn,Kinship-youngerbrother,banja wijə,banja_wijə,b a n j a + w i j ə,,hindukush,,,^ b a n j a _ w i j ə $,default,
prn-Kinship-oldersister-1,,prn,Kinship-oldersister,gəndər siwus,gəndər_siwus,g ə n d ə r + s i w u s,,hindukush,,,^ g ə n d ə r _ s i w u s $,default,
prn-Kinship-youngersister-1,,prn,Kinship-youngersister,banja siwus,banja_siwus,b a n j a + s i w u s,,hindukush,,,^ b a n j a _ s i w u s $,default,
prn-Kinship-fathersfather-1,,prn,Kinship-fathersfather,waːw,waːw,w aː w,,hindukush,,,^ w aː w $,default,
prn-Kinship-fathersmother-1,,prn,Kinship-fathersmother,ʒiːʃt,ʒiːʃt,ʒ iː ʃ t,,hindukush,,,^ ʒ iː ʃ t $,default,
prn-Kinship-mothersfather-1,,prn,Kinship-mothersfather,waːw,waːw,w aː w,,hindukush,,,^ w aː w $,default,
prn-Kinship-mothersmother-1,,prn,Kinship-mothersmother,ʒiːʃt,ʒiːʃt,ʒ iː ʃ t,,hindukush,,,^ ʒ iː ʃ t $,default,
prn-Kinship-sonsson-1,,prn,Kinship-sonsson,nəwə,nəwə,n ə w ə,,hindukush,,,^ n ə w ə $,default,
prn-Kinship-sonsdaughter-1,,prn,Kinship-sonsdaughter,nəti,nəti,n ə t i,,hindukush,,,^ n ə t i $,default,
prn-Kinship-daughtersson-1,,prn,Kinship-daughtersson,nəwə,nəwə,n ə w ə,,hindukush,,,^ n ə w ə $,default,
prn-Kinship-daughtersdaughter-1,,prn,Kinship-daughtersdaughter,nəti,nəti,n ə t i,,hindukush,,,^ n ə t i $,default,
prn-Kinship-fathersbrother-1,,prn,Kinship-fathersbrother,banjej,banjej,b a n j e j,,hindukush,,,^ b a n j e j $,default,
prn-Kinship-fathersolderbrother-1,,prn,Kinship-fathersolderbrother,gəndərjej,gəndərjej,g ə n d ə r j e j,,hindukush,,,^ g ə n d ə r j e j $,default,
prn-Kinship-fathersyoungerbrother-1,,prn,Kinship-fathersyoungerbrother,banjej,banjej,b a n j e j,,hindukush,,,^ b a n j e j $,default,
prn-Kinship-fatherssister-1,,prn,Kinship-fatherssister,banan,banan,b a n a n,,hindukush,,,^ b a n a n $,default,
prn-Kinship-fathersoldersister-1,,prn,Kinship-fathersoldersister,banan,banan,b a n a n,,hindukush,,,^ b a n a n $,default,
prn-Kinship-fathersyoungersister-1,,prn,Kinship-fathersyoungersister,banan,banan,b a n a n,,hindukush,,,^ b a n a n $,default,
prn-Kinship-mothersbrother-1,,prn,Kinship-mothersbrother,meːljej,meːljej,m eː l j e j,,hindukush,,,^ m eː l j e j $,default,
prn-Kinship-mothersolderbrother-1,,prn,Kinship-mothersolderbrother,gəndər meːljej,gəndər_meːljej,g ə n d ə r + m eː l j e j,,hindukush,,,^ g ə n d ə r _ m eː l j e j $,default,
prn-Kinship-mothersyoungerbrother-1,,prn,Kinship-mothersyoungerbrother,banja meːljej,banja_meːljej,b a n j a + m eː l j e j,,hindukush,,,^ b a n j a _ m eː l j e j $,default,
prn-Kinship-motherssister-1,,prn,Kinship-motherssister,banan,banan,b a n a n,,hindukush,,,^ b a n a n $,default,
prn-Kinship-mothersoldersister-1,,prn,Kinship-mothersoldersister,nan,nan,n a n,,hindukush,,,^ n a n $,default,
prn-Kinship-mothersyoungersister-1,,prn,Kinship-mothersyoungersister,banan,banan,b a n a n,,hindukush,,,^ b a n a n $,default,
prn-Kinship-brothersson-1,,prn,Kinship-brothersson,pijə,pijə,p i j ə,,hindukush,,,^ p i j ə $,default,
prn-Kinship-brothersdaughter-1,,prn,Kinship-brothersdaughter,liʃt,liʃt,l i ʃ t,,hindukush,,,^ l i ʃ t $,default,
prn-Kinship-sistersson-1,,prn,Kinship-sistersson,ʂupʂi,ʂupʂi,ʂ u p ʂ i,,hindukush,,,^ ʂ u pʂ i $,default,
prn-Kinship-sistersdaughter-1,,prn,Kinship-sistersdaughter,ʂupʂi,ʂupʂi,ʂ u p ʂ i,,hindukush,,,^ ʂ u pʂ i $,default,
prn-Kinship-husband-1,,prn,Kinship-husband,muʂ,muʂ,m u ʂ,,hindukush,,,^ m u ʂ $,default,
prn-Kinship-wife-1,,prn,Kinship-wife,wəsti,wəsti,w ə s t i,,hindukush,,,^ w ə s t i $,default,
prn-Kinship-fathersolderbrotherswife-1,,prn,Kinship-fathersolderbrotherswife,gəndərnan,gəndərnan,g ə n d ə r n a n,,hindukush,,,^ g ə n d ə r n a n $,default,
prn-Kinship-fathersyoungerbrotherswife-1,,prn,Kinship-fathersyoungerbrotherswife,banan,banan,b a n a n,,hindukush,,,^ b a n a n $,default,
prn-Kinship-fatherssistershusband-1,,prn,Kinship-fatherssistershusband,banjej,banjej,b a n j e j,,hindukush,,,^ b a n j e j $,default,
prn-Kinship-mothersbrotherswife-1,,prn,Kinship-mothersbrotherswife,meːljeʃti,meːljeʃti,m eː l j e ʃ t i,,hindukush,,,^ m eː l j e ʃ t i $,default,
prn-Kinship-motherssistershusband-1,,prn,Kinship-motherssistershusband,banjej,banjej,b a n j e j,,hindukush,,,^ b a n j e j $,default,
prn-Kinship-sonswife-1,,prn,Kinship-sonswife,pineːʃti,pineːʃti,p i n eː ʃ t i,,hindukush,,,^ p i n eː ʃ t i $,default,
prn-Kinship-daughtershusband-1,,prn,Kinship-daughtershusband,zəmi,zəmi,z ə m i,,hindukush,,,^ z ə m i $,default,
prn-Kinship-brotherswifemaleego-1,,prn,Kinship-brotherswifemaleego,weːja wəsti,weːja_wəsti,w eː j a + w ə s t i,,hindukush,,,^ w eː j a _ w ə s t i $,default,
prn-Kinship-brotherswifefemaleego-1,,prn,Kinship-brotherswifefemaleego,weːja wəsti,weːja_wəsti,w eː j a + w ə s t i,,hindukush,,,^ w eː j a _ w ə s t i $,default,
prn-Kinship-sistershusbandmaleego-1,,prn,Kinship-sistershusbandmaleego,imi,imi,i m i,,hindukush,,,^ i m i $,default,
prn-Kinship-sistershusbandfemaleego-1,,prn,Kinship-sistershusbandfemaleego,imi,imi,i m i,,hindukush,,,^ i m i $,default,
prn-Kinship-wifesfather-1,,prn,Kinship-wifesfather,t͡ʃid͡ʒu,t͡ʃid͡ʒu,tʃ i dʒ u,,hindukush,,,^ t͡ʃ i d͡ʒ u $,default,
prn-Kinship-wifesmother-1,,prn,Kinship-wifesmother,suːtnan,suːtnan,s uː t n a n,,hindukush,,,^ s uː t n a n $,default,
prn-Kinship-husbandsfather-1,,prn,Kinship-husbandsfather,jej,jej,j e j,,hindukush,,,^ j e j $,default,
prn-Kinship-husbandsmother-1,,prn,Kinship-husbandsmother,nan,nan,n a n,,hindukush,,,^ n a n $,default,
prn-Kinship-husbandsbrother-1,,prn,Kinship-husbandsbrother,wijə,wijə,w i j ə,,hindukush,,,^ w i j ə $,default,
prn-Kinship-husbandssister-1,,prn,Kinship-husbandssister,siwus,siwus,s i w u s,,hindukush,,,^ s i w u s $,default,
prn-Kinship-wifesbrother-1,,prn,Kinship-wifesbrother,imi,imi,i m i,,hindukush,,,^ i m i $,default,
prn-Kinship-wifessister-1,,prn,Kinship-wifessister,wəsti siwus,wəsti_siwus,w ə s t i + s i w u s,,hindukush,,,^ w ə s t i _ s i w u s $,default,
prn-Kinship-husbandsbrotherswife-1,,prn,Kinship-husbandsbrotherswife,weːja wəsti,weːja_wəsti,w eː j a + w ə s t i,,hindukush,,,^ w eː j a _ w ə s t i $,default,
prn-Kinship-wifesbrotherswife-1,,prn,Kinship-wifesbrotherswife,imi wəsti,imi_wəsti,i m i + w ə s t i,,hindukush,,,^ i m i _ w ə s t i $,default,
prn-Kinship-wifessistershusband-1,,prn,Kinship-wifessistershusband,lisijus muʂ,lisijus_muʂ,l i s i j u s + m u ʂ,,hindukush,,,^ l i s i j u s _ m u ʂ $,default,
prn-Kinship-cowife-1,,prn,Kinship-cowife,lijaːtak,lijaːtak,l i j aː t a k,,hindukush,,,^ l i j aː t a k $,default,
prn-Kinship-sonswifesfather-1,,prn,Kinship-sonswifesfather,t͡ʃid͡ʒu,t͡ʃid͡ʒu,tʃ i dʒ u,,hindukush,,,^ t͡ʃ i d͡ʒ u $,default,
prn-Kinship-sonswifesmother-1,,prn,Kinship-sonswifesmother,suːtnan,suːtnan,s uː t n a n,,hindukush,,,^ s uː t n a n $,default,
prn-Kinship-daughtershusbandsfather-1,,prn,Kinship-daughtershusbandsfather,jej,jej,j e j,,hindukush,,,^ j e j $,default,
prn-Kinship-daughtershusbandsmother-1,,prn,Kinship-daughtershusbandsmother,nan,nan,n a n,,hindukush,,,^ n a n $,default,
prn-Kinship-stepsisternosharedparent-1,,prn,Kinship-stepsisternosharedparent,siwus,siwus,s i w u s,,hindukush,,,^ s i w u s $,default,
prn-Kinship-stepbrothernosharedparent-1,,prn,Kinship-stepbrothernosharedparent,wijə,wijə,w i j ə,,hindukush,,,^ w i j ə $,default,
prn-Kinship-stepmother-1,,prn,Kinship-stepmother,nan,nan,n a n,,hindukush,,,^ n a n $,default,
prn-Kinship-stepfather-1,,prn,Kinship-stepfather,jej,jej,j e j,,hindukush,,,^ j e j $,default,
prn-Kinship-stepson-1,,prn,Kinship-stepson,wijə,wijə,w i j ə,,hindukush,,,^ w i j ə $,default,
prn-Kinship-stepdaughter-1,,prn,Kinship-stepdaughter,siwus,siwus,s i w u s,,hindukush,,,^ s i w u s $,default,
prn-Kinship-fathersfathersfather-1,,prn,Kinship-fathersfathersfather,puːwa,puːwa,p uː w a,,hindukush,,,^ p uː w a $,default,
prn-Kinship-mothersmothersmother-1,,prn,Kinship-mothersmothersmother,puːʒiːʃt,puːʒiːʃt,p uː ʒ iː ʃ t,,hindukush,,,^ p uː ʒ iː ʃ t $,default,
prn-Kinship-forefather-1,,prn,Kinship-forefather,truːwa,truːwa,t r uː w a,,hindukush,,,^ t r uː w a $,default,
prn-Kinship-foremother-1,,prn,Kinship-foremother,truːʒiːʃt,truːʒiːʃt,t r uː ʒ iː ʃ t,,hindukush,,,^ t r uː ʒ iː ʃ t $,default,
prn-Kinship-fathersbrothersson-1,,prn,Kinship-fathersbrothersson,banjej pijə,banjej_pijə,b a n j e j + p i j ə,,hindukush,,,^ b a n j e j _ p i j ə $,default,
prn-Kinship-fathersbrothersdaughter-1,,prn,Kinship-fathersbrothersdaughter,banjej liʃt,banjej_liʃt,b a n j e j + l i ʃ t,,hindukush,,,^ b a n j e j _ l i ʃ t $,default,
prn-Kinship-fatherssistersson-1,,prn,Kinship-fatherssistersson,banan pijə,banan_pijə,b a n a n + p i j ə,,hindukush,,,^ b a n a n _ p i j ə $,default,
prn-Kinship-fatherssistersdaughter-1,,prn,Kinship-fatherssistersdaughter,banan liʃt,banan_liʃt,b a n a n + l i ʃ t,,hindukush,,,^ b a n a n _ l i ʃ t $,default,
prn-Kinship-mothersbrothersson-1,,prn,Kinship-mothersbrothersson,meːljej pijə,meːljej_pijə,m eː l j e j + p i j ə,,hindukush,,,^ m eː l j e j _ p i j ə $,default,
prn-Kinship-mothersbrothersdaughter-1,,prn,Kinship-mothersbrothersdaughter,meːljej liʃt,meːljej_liʃt,m eː l j e j + l i ʃ t,,hindukush,,,^ m eː l j e j _ l i ʃ t $,default,
prn-Kinship-motherssistersson-1,,prn,Kinship-motherssistersson,banan pijə,banan_pijə,b a n a n + p i j ə,,hindukush,,,^ b a n a n _ p i j ə $,default,
prn-Kinship-motherssistersdaughter-1,,prn,Kinship-motherssistersdaughter,banan liʃt,banan_liʃt,b a n a n + l i ʃ t,,hindukush,,,^ b a n a n _ l i ʃ t $,default,
prn-Kinship-relative-1,,prn,Kinship-relative,zaːʈ,zaːʈ,z aː ʈ,,hindukush,,,^ z aː ʈ $,default,
prn-Kinship-affinalrelative-1,,prn,Kinship-affinalrelative,wəsti zaːʈ,wəsti_zaːʈ,w ə s t i + z aː ʈ,,hindukush,,,^ w ə s t i _ z aː ʈ $,default,
prn-Kinship-bloodrelative-1,,prn,Kinship-bloodrelative,isi zaːʈ,isi_zaːʈ,i s i + z aː ʈ,,hindukush,,,^ i s i _ z aː ʈ $,default,
prn-Kinship-wifesrelatives-1,,prn,Kinship-wifesrelatives,t͡ʃid͡ʒi maːʈ,t͡ʃid͡ʒi_maːʈ,tʃ i dʒ i + m aː ʈ,,hindukush,,,^ t͡ʃ i d͡ʒ i _ m aː ʈ $,default,
prn-Kinship-headofhousehold-1,,prn,Kinship-headofhousehold,jej,jej,j e j,,hindukush,,,^ j e j $,default,
prn-Kinship-headofclan-1,,prn,Kinship-headofclan,zaːʈ,zaːʈ,z aː ʈ,,hindukush,,,^ z aː ʈ $,default,
prn-Kinship-headoftribe-1,,prn,Kinship-headoftribe,tatba waʃtək,tatba_waʃtək,t a t b a + w a ʃ t ə k,,hindukush,,,^ t a t b a _ w a ʃ t ə k $,default,
prn-Kinship-halfsistersamefatherdifferentmother-1,,prn,Kinship-halfsistersamefatherdifferentmother,jej aːtək siwus,jej_aːtək_siwus,j e j + aː t ə k + s i w u s,,hindukush,,,^ j e j _ aː t ə k _ s i w u s $,default,
prn-Kinship-halfbrothersamefatherdifferentmother-1,,prn,Kinship-halfbrothersamefatherdifferentmother,jej aːtək wijə,jej_aːtək_wijə,j e j + aː t ə k + w i j ə,,hindukush,,,^ j e j _ aː t ə k _ w i j ə $,default,
prn-Kinship-halfsistersamemotherdifferentfather-1,,prn,Kinship-halfsistersamemotherdifferentfather,nan aːtək siwus,nan_aːtək_siwus,n a n + aː t ə k + s i w u s,,hindukush,,,^ n a n _ aː t ə k _ s i w u s $,default,
prn-Kinship-halfbrothersamemotherdifferentfather-1,,prn,Kinship-halfbrothersamemotherdifferentfather,nan aːtək wijə,nan_aːtək_wijə,n a n + aː t ə k + w i j ə,,hindukush,,,^ n a n _ aː t ə k _ w i j ə $,default,
prx-Kinship-father-1,,prx,Kinship-father,ata,ata,a t a,,hindukush,,,^ a t a $,default,
prx-Kinship-mother-1,,prx,Kinship-mother,ama,ama,a m a,,hindukush,,,^ a m a $,default,
prx-Kinship-parent-1,,prx,Kinship-parent,ata ama,ata_ama,a t a + a m a,,hindukush,,,^ a t a _ a m a $,default,
prx-Kinship-son-1,,prx,Kinship-son,buːt͡sʰaː,buːt͡sʰaː,b uː tsʰ aː,,hindukush,,,^ b uː t͡sʰ aː $,default,
prx-Kinship-daughter-1,,prx,Kinship-daughter,bomo,bomo,b o m o,,hindukush,,,^ b o m o $,default,
prx-Kinship-ownchild-1,,prx,Kinship-ownchild,raːŋiː pʰruː,raːŋiː_pʰruː,r aː ŋ iː + pʰ r uː,,hindukush,,,^ r aː ŋ iː _ pʰ r uː $,default,
prx-Kinship-brother-1,,prx,Kinship-brother,pʰoːno,pʰoːno,pʰ oː n o,,hindukush,,,^ pʰ oː n o $,default,
prx-Kinship-sister-1,,prx,Kinship-sister,striŋmo,striŋmo,s t r i ŋ m o,,hindukush,,,^ s t r i ŋ m o $,default,
prx-Kinship-olderbrother-1,,prx,Kinship-olderbrother,kaːkaː,kaːkaː,k aː k aː,,hindukush,,,^ k aː k aː $,default,
prx-Kinship-youngerbrother-1,,prx,Kinship-youngerbrother,nunu,nunu,n u n u,,hindukush,,,^ n u n u $,default,
prx-Kinship-oldersister-1,,prx,Kinship-oldersister,at͡ʃʰeː,at͡ʃʰeː,a tʃʰ eː,,hindukush,,,^ a t͡ʃʰ eː $,default,
prx-Kinship-youngersister-1,,prx,Kinship-youngersister,numu,numu,n u m u,,hindukush,,,^ n u m u $,default,
prx-Kinship-fathersfather-1,,prx,Kinship-fathersfather,apo,apo,a p o,,hindukush,,,^ a p o $,default,
prx-Kinship-fathersmother-1,,prx,Kinship-fathersmother,apiː,apiː,a p iː,,hindukush,,,^ a p iː $,default,
prx-Kinship-mothersfather-1,,prx,Kinship-mothersfather,apo,apo,a p o,,hindukush,,,^ a p o $,default,
prx-Kinship-mothersmother-1,,prx,Kinship-mothersmother,apiː,apiː,a p iː,,hindukush,,,^ a p iː $,default,
prx-Kinship-sonsson-1,,prx,Kinship-sonsson,t͡sʰoː,t͡sʰoː,tsʰ oː,,hindukush,,,^ t͡sʰ oː $,default,
prx-Kinship-sonsdaughter-1,,prx,Kinship-sonsdaughter,t͡sʰamo,t͡sʰamo,tsʰ a m o,,hindukush,,,^ t͡sʰ a m o $,default,
prx-Kinship-daughtersson-1,,prx,Kinship-daughtersson,t͡sʰoː,t͡sʰoː,tsʰ oː,,hindukush,,,^ t͡sʰ oː $,default,
prx-Kinship-daughtersdaughter-1,,prx,Kinship-daughtersdaughter,t͡sʰamo,t͡sʰamo,tsʰ a m o,,hindukush,,,^ t͡sʰ a m o $,default,
prx-Kinship-fathersbrother-1,,prx,Kinship-fathersbrother,baːt͡seː,baːt͡seː,b aː ts eː,,hindukush,,,^ b aː t͡s eː $,default,
prx-Kinship-fathersolderbrother-1,,prx,Kinship-fathersolderbrother,baːt͡ʃʰoː,baːt͡ʃʰoː,b aː tʃʰ oː,,hindukush,,,^ b aː t͡ʃʰ oː $,default,
prx-Kinship-fathersyoungerbrother-1,,prx,Kinship-fathersyoungerbrother,baːt͡ʃʰoː,baːt͡ʃʰoː,b aː tʃʰ oː,,hindukush,,,^ b aː t͡ʃʰ oː $,default,
prx-Kinship-fatherssister-1,,prx,Kinship-fatherssister,neːneː,neːneː,n eː n eː,,hindukush,,,^ n eː n eː $,default,
prx-Kinship-fathersoldersister-1,,prx,Kinship-fathersoldersister,neːneː t͡ʃʰoː,neːneː_t͡ʃʰoː,n eː n eː + tʃʰ oː,,hindukush,,,^ n eː n eː _ t͡ʃʰ oː $,default,
prx-Kinship-fathersyoungersister-1,,prx,Kinship-fathersyoungersister,neːneː t͡sʰunt͡seː,neːneː_t͡sʰunt͡seː,n eː n eː + tsʰ u n ts eː,,hindukush,,,^ n eː n eː _ t͡sʰ u n t͡s eː $,default,
prx-Kinship-mothersbrother-1,,prx,Kinship-mothersbrother,aːd͡ʒaŋ,aːd͡ʒaŋ,aː dʒ a ŋ,,hindukush,,,^ aː d͡ʒ a ŋ $,default,
prx-Kinship-mothersolderbrother-1,,prx,Kinship-mothersolderbrother,aːd͡ʒaŋ t͡ʃʰoː,aːd͡ʒaŋ_t͡ʃʰoː,aː dʒ a ŋ + tʃʰ oː,,hindukush,,,^ aː d͡ʒ a ŋ _ t͡ʃʰ oː $,default,
prx-Kinship-mothersyoungerbrother-1,,prx,Kinship-mothersyoungerbrother,aːd͡ʒaŋ t͡sʰunt͡seː,aːd͡ʒaŋ_t͡sʰunt͡seː,aː dʒ a ŋ + tsʰ u n ts eː,,hindukush,,,^ aː d͡ʒ a ŋ _ t͡sʰ u n t͡s eː $,default,
prx-Kinship-motherssister-1,,prx,Kinship-motherssister,amaːt͡seː,amaːt͡seː,a m aː ts eː,,hindukush,,,^ a m aː t͡s eː $,default,
prx-Kinship-mothersoldersister-1,,prx,Kinship-mothersoldersister,amaːt͡ʃʰoː,amaːt͡ʃʰoː,a m aː tʃʰ oː,,hindukush,,,^ a m aː t͡ʃʰ oː $,default,
prx-Kinship-mothersyoungersister-1,,prx,Kinship-mothersyoungersister,amaːt͡seː,amaːt͡seː,a m aː ts eː,,hindukush,,,^ a m aː t͡s eː $,default,
prx-Kinship-brothersson-1,,prx,Kinship-brothersson,t͡sʰoː,t͡sʰoː,tsʰ oː,,hindukush,,,^ t͡sʰ oː $,default,
prx-Kinship-brothersdaughter-1,,prx,Kinship-brothersdaughter,t͡sʰamoː,t͡sʰamoː,tsʰ a m oː,,hindukush,,,^ t͡sʰ a m oː $,default,
prx-Kinship-sistersson-1,,prx,Kinship-sistersson,t͡sʰoː,t͡sʰoː,tsʰ oː,,hindukush,,,^ t͡sʰ oː $,default,
prx-Kinship-sistersdaughter-1,,prx,Kinship-sistersdaughter,t͡sʰamo,t͡sʰamo,tsʰ a m o,,hindukush,,,^ t͡sʰ a m o $,default,
prx-Kinship-husband-1,,prx,Kinship-husband,maqpaː,maqpaː,m a q p aː,,hindukush,,,^ m a q p aː $,default,
prx-Kinship-wife-1,,prx,Kinship-wife,namaː,namaː,n a m aː,,hindukush,,,^ n a m aː $,default,
prx-Kinship-fathersolderbrotherswife-1,,prx,Kinship-fathersolderbrotherswife,amaːt͡ʃʰoː,amaːt͡ʃʰoː,a m aː tʃʰ oː,,hindukush,,,^ a m aː t͡ʃʰ oː $,default,
prx-Kinship-fathersyoungerbrotherswife-1,,prx,Kinship-fathersyoungerbrotherswife,amaːt͡seː,amaːt͡seː,a m aː ts eː,,hindukush,,,^ a m aː t͡s eː $,default,
prx-Kinship-fatherssistershusband-1,,prx,Kinship-fatherssistershusband,apaŋ,apaŋ,a p a ŋ,,hindukush,,,^ a p a ŋ $,default,
prx-Kinship-mothersbrotherswife-1,,prx,Kinship-mothersbrotherswife,neːne,neːne,n eː n e,,hindukush,,,^ n eː n e $,default,
prx-Kinship-motherssistershusband-1,,prx,Kinship-motherssistershusband,baːt͡ʃʰoː,baːt͡ʃʰoː,b aː tʃʰ oː,,hindukush,,,^ b aː t͡ʃʰ oː $,default,
prx-Kinship-sonswife-1,,prx,Kinship-sonswife,namaːw,namaːw,n a m aː w,,hindukush,,,^ n a m aː w $,default,
prx-Kinship-daughtershusband-1,,prx,Kinship-daughtershusband,maqpaː,maqpaː,m a q p aː,,hindukush,,,^ m a q p aː $,default,
prx-Kinship-brotherswifemaleego-1,,prx,Kinship-brotherswifemaleego,at͡ʃʰeː,at͡ʃʰeː,a tʃʰ eː,,hindukush,,,^ a t͡ʃʰ eː $,default,
prx-Kinship-brotherswifefemaleego-1,,prx,Kinship-brotherswifefemaleego,at͡ʃʰeː,at͡ʃʰeː,a tʃʰ eː,,hindukush,,,^ a t͡ʃʰ eː $,default,
prx-Kinship-sistershusbandmaleego-1,,prx,Kinship-sistershusbandmaleego,kaːkaː,kaːkaː,k aː k aː,,hindukush,,,^ k aː k aː $,default,
prx-Kinship-sistershusbandfemaleego-1,,prx,Kinship-sistershusbandfemaleego,kaːkaː,kaːkaː,k aː k aː,,hindukush,,,^ k aː k aː $,default,
prx-Kinship-wifesfather-1,,prx,Kinship-wifesfather,ata,ata,a t a,,hindukush,,,^ a t a $,default,
prx-Kinship-wifesmother-1,,prx,Kinship-wifesmother,ama,ama,a m a,,hindukush,,,^ a m a $,default,
prx-Kinship-husbandsfather-1,,prx,Kinship-husbandsfather,ata,ata,a t a,,hindukush,,,^ a t a $,default,
prx-Kinship-husbandsmother-1,,prx,Kinship-husbandsmother,ama,ama,a m a,,hindukush,,,^ a m a $,default,
prx-Kinship-husbandsbrother-1,,prx,Kinship-husbandsbrother,nunu,nunu,n u n u,,hindukush,,,^ n u n u $,default,
prx-Kinship-husbandssister-1,,prx,Kinship-husbandssister,numu,numu,n u m u,,hindukush,,,^ n u m u $,default,
prx-Kinship-wifesbrother-1,,prx,Kinship-wifesbrother,nunu,nunu,n u n u,,hindukush,,,^ n u n u $,default,
prx-Kinship-wifessister-1,,prx,Kinship-wifessister,numu,numu,n u m u,,hindukush,,,^ n u m u $,default,
prx-Kinship-husbandsbrotherswife-1,,prx,Kinship-husbandsbrotherswife,at͡ʃʰeː,at͡ʃʰeː,a tʃʰ eː,,hindukush,,,^ a t͡ʃʰ eː $,default,
prx-Kinship-husbandssistershusband-1,,prx,Kinship-husbandssistershusband,kaːkaː,kaːkaː,k aː k aː,,hindukush,,,^ k aː k aː $,default,
prx-Kinship-wifesbrotherswife-1,,prx,Kinship-wifesbrotherswife,at͡ʃʰeː,at͡ʃʰeː,a tʃʰ eː,,hindukush,,,^ a t͡ʃʰ eː $,default,
prx-Kinship-wifessistershusband-1,,prx,Kinship-wifessistershusband,nunu,nunu,n u n u,,hindukush,,,^ n u n u $,default,
prx-Kinship-cowife-1,,prx,Kinship-cowife,amaːt͡seː,amaːt͡seː,a m aː ts eː,,hindukush,,,^ a m aː t͡s eː $,default,
prx-Kinship-sonswifesfather-1,,prx,Kinship-sonswifesfather,aneː amaːw,aneː_amaːw,a n eː + a m aː w,,hindukush,,,^ a n eː _ a m aː w $,default,
prx-Kinship-sonswifesmother-1,,prx,Kinship-sonswifesmother,aneː ataːw,aneː_ataːw,a n eː + a t aː w,,hindukush,,,^ a n eː _ a t aː w $,default,
prx-Kinship-daughtershusbandsfather-1,,prx,Kinship-daughtershusbandsfather,maqpeː amaːw,maqpeː_amaːw,m a q p eː + a m aː w,,hindukush,,,^ m a q p eː _ a m aː w $,default,
prx-Kinship-daughtershusbandsmother-1,,prx,Kinship-daughtershusbandsmother,maqpeː ataːw,maqpeː_ataːw,m a q p eː + a t aː w,,hindukush,,,^ m a q p eː _ a t aː w $,default,
prx-Kinship-stepsisternosharedparent-1,,prx,Kinship-stepsisternosharedparent,at͡ʃʰeː,at͡ʃʰeː,a tʃʰ eː,,hindukush,,,^ a t͡ʃʰ eː $,default,
prx-Kinship-stepbrothernosharedparent-1,,prx,Kinship-stepbrothernosharedparent,kaːkaː,kaːkaː,k aː k aː,,hindukush,,,^ k aː k aː $,default,
prx-Kinship-stepmother-1,,prx,Kinship-stepmother,amaːt͡seː,amaːt͡seː,a m aː ts eː,,hindukush,,,^ a m aː t͡s eː $,default,
prx-Kinship-stepfather-1,,prx,Kinship-stepfather,baːt͡seː,baːt͡seː,b aː ts eː,,hindukush,,,^ b aː t͡s eː $,default,
prx-Kinship-stepson-1,,prx,Kinship-stepson,aneː buːt͡saːw,aneː_buːt͡saːw,a n eː + b uː ts aː w,,hindukush,,,^ a n eː _ b uː t͡s aː w $,default,
prx-Kinship-stepdaughter-1,,prx,Kinship-stepdaughter,aneː bomo,aneː_bomo,a n eː + b o m o,,hindukush,,,^ a n eː _ b o m o $,default,
prx-Kinship-fathersfathersfather-1,,prx,Kinship-fathersfathersfather,ateː apoːw,ateː_apoːw,a t eː + a p oː w,,hindukush,,,^ a t eː _ a p oː w $,default,
prx-Kinship-mothersmothersmother-1,,prx,Kinship-mothersmothersmother,apiː amaːw,apiː_amaːw,a p iː + a m aː w,,hindukush,,,^ a p iː _ a m aː w $,default,
prx-Kinship-forefather-1,,prx,Kinship-forefather,miːrabs,miːrabs,m iː r a b s,,hindukush,,,^ m iː r a bs $,default,
prx-Kinship-foremother-1,,prx,Kinship-foremother,miːrabs,miːrabs,m iː r a b s,,hindukush,,,^ m iː r a bs $,default,
prx-Kinship-fathersbrothersson-1,,prx,Kinship-fathersbrothersson,kaːkaː nunu,kaːkaː_nunu,k aː k aː + n u n u,,hindukush,,,^ k aː k aː _ n u n u $,default,
prx-Kinship-fathersbrothersdaughter-1,,prx,Kinship-fathersbrothersdaughter,at͡ʃʰeː numu,at͡ʃʰeː_numu,a tʃʰ eː + n u m u,,hindukush,,,^ a t͡ʃʰ eː _ n u m u $,default,
prx-Kinship-fatherssistersson-1,,prx,Kinship-fatherssistersson,kaːkaː,kaːkaː,k aː k aː,,hindukush,,,^ k aː k aː $,default,
prx-Kinship-fatherssistersdaughter-1,,prx,Kinship-fatherssistersdaughter,at͡ʃʰeː,at͡ʃʰeː,a tʃʰ eː,,hindukush,,,^ a t͡ʃʰ eː $,default,
prx-Kinship-mothersbrothersson-1,,prx,Kinship-mothersbrothersson,kaːkaː,kaːkaː,k aː k aː,,hindukush,,,^ k aː k aː $,default,
prx-Kinship-mothersbrothersdaughter-1,,prx,Kinship-mothersbrothersdaughter,at͡ʃʰeː,at͡ʃʰeː,a tʃʰ eː,,hindukush,,,^ a t͡ʃʰ eː $,default,
prx-Kinship-motherssistersson-1,,prx,Kinship-motherssistersson,kaːkaː,kaːkaː,k aː k aː,,hindukush,,,^ k aː k aː $,default,
prx-Kinship-motherssistersdaughter-1,,prx,Kinship-motherssistersdaughter,at͡ʃʰeː,at͡ʃʰeː,a tʃʰ eː,,hindukush,,,^ a t͡ʃʰ eː $,default,
prx-Kinship-relative-1,,prx,Kinship-relative,hr̥ɲen ɖuŋ,hr̥ɲen_ɖuŋ,h r̥ ɲ e n + ɖ u ŋ,,hindukush,,,^ h r̥ ɲ e n _ ɖ u ŋ $,default,
prx-Kinship-affinalrelative-1,,prx,Kinship-affinalrelative,hr̥ɲen ɖuŋ,hr̥ɲen_ɖuŋ,h r̥ ɲ e n + ɖ u ŋ,,hindukush,,,^ h r̥ ɲ e n _ ɖ u ŋ $,default,
prx-Kinship-bloodrelative-1,,prx,Kinship-bloodrelative,pʰaspun,pʰaspun,pʰ a s p u n,,hindukush,,,^ pʰ a s p u n $,default,
prx-Kinship-wifesrelatives-1,,prx,Kinship-wifesrelatives,nameː hr̥ɲen,nameː_hr̥ɲen,n a m eː + h r̥ ɲ e n,,hindukush,,,^ n a m eː _ h r̥ ɲ e n $,default,
prx-Kinship-headofhousehold-1,,prx,Kinship-headofhousehold,apo t͡ʃʰoː,apo_t͡ʃʰoː,a p o + tʃʰ oː,,hindukush,,,^ a p o _ t͡ʃʰ oː $,default,
prx-Kinship-halfsistersamefatherdifferentmother-1,,prx,Kinship-halfsistersamefatherdifferentmother,ama mit͡ʃikʰani at͡ʃʰeː,ama_mit͡ʃikʰani_at͡ʃʰeː,a m a + m i tʃ i kʰ a n i + a tʃʰ eː,,hindukush,,,^ a m a _ m i t͡ʃ i kʰ a n i _ a t͡ʃʰ eː $,default,
prx-Kinship-halfbrothersamefatherdifferentmother-1,,prx,Kinship-halfbrothersamefatherdifferentmother,ama mit͡ʃikʰani kaːkaː,ama_mit͡ʃikʰani_kaːkaː,a m a + m i tʃ i kʰ a n i + k aː k aː,,hindukush,,,^ a m a _ m i t͡ʃ i kʰ a n i _ k aː k aː $,default,
prx-Kinship-halfsistersamemotherdifferentfather-1,,prx,Kinship-halfsistersamemotherdifferentfather,ata mit͡ʃikʰani at͡ʃʰeː,ata_mit͡ʃikʰani_at͡ʃʰeː,a t a + m i tʃ i kʰ a n i + a tʃʰ eː,,hindukush,,,^ a t a _ m i t͡ʃ i kʰ a n i _ a t͡ʃʰ eː $,default,
prx-Kinship-halfbrothersamemotherdifferentfather-1,,prx,Kinship-halfbrothersamemotherdifferentfather,ata mit͡ʃikʰani kaːkaː,ata_mit͡ʃikʰani_kaːkaː,a t a + m i tʃ i kʰ a n i + k aː k aː,,hindukush,,,^ a t a _ m i t͡ʃ i kʰ a n i _ k aː k aː $,default,
sgh_r-Kinship-father-1,,sgh_r,Kinship-father,pe,pe,p e,,hindukush,,,^ p e $,default,
sgh_r-Kinship-mother-1,,sgh_r,Kinship-mother,moː,moː,m oː,,hindukush,,,^ m oː $,default,
sgh_r-Kinship-parent-1,,sgh_r,Kinship-parent,naːn,naːn,n aː n,,hindukush,,,^ n aː n $,default,
sgh_r-Kinship-son-1,,sgh_r,Kinship-son,pot͡s,pot͡s,p o ts,,hindukush,,,^ p o t͡s $,default,
sgh_r-Kinship-daughter-1,,sgh_r,Kinship-daughter,rezen,rezen,r e z e n,,hindukush,,,^ r e z e n $,default,
sgh_r-Kinship-ownchild-1,,sgh_r,Kinship-ownchild,χaw ret͡ʃ,χaw_ret͡ʃ,χ a w + r e tʃ,,hindukush,,,^ χ a w _ r e t͡ʃ $,default,
sgh_r-Kinship-brother-1,,sgh_r,Kinship-brother,veroː,veroː,v e r oː,,hindukush,,,^ v e r oː $,default,
sgh_r-Kinship-sister-1,,sgh_r,Kinship-sister,jaχ,jaχ,j a χ,,hindukush,,,^ j a χ $,default,
sgh_r-Kinship-olderbrother-1,,sgh_r,Kinship-olderbrother,ʁola veroː,ʁola_veroː,ʁ o l a + v e r oː,,hindukush,,,^ ʁ o l a _ v e r oː $,default,
sgh_r-Kinship-youngerbrother-1,,sgh_r,Kinship-youngerbrother,"but͡sik veroː, veroː but͡s",but͡sik_veroː,b u ts i k + v e r oː,,hindukush,,,^ b u t͡s i k _ v e r oː $,default,
sgh_r-Kinship-youngerbrother-2,,sgh_r,Kinship-youngerbrother,"but͡sik veroː, veroː but͡s",veroː_but͡s,v e r oː + b u ts,,hindukush,,,^ v e r oː _ b u t͡s $,default,
sgh_r-Kinship-oldersister-1,,sgh_r,Kinship-oldersister,ʁola jaχ,ʁola_jaχ,ʁ o l a + j a χ,,hindukush,,,^ ʁ o l a _ j a χ $,default,
sgh_r-Kinship-youngersister-1,,sgh_r,Kinship-youngersister,"bit͡sik jaχ, jaχ bit͡s",bit͡sik_jaχ,b i ts i k + j a χ,,hindukush,,,^ b i t͡s i k _ j a χ $,default,
sgh_r-Kinship-youngersister-2,,sgh_r,Kinship-youngersister,"bit͡sik jaχ, jaχ bit͡s",jaχ_bit͡s,j a χ + b i ts,,hindukush,,,^ j a χ _ b i t͡s $,default,
sgh_r-Kinship-fathersfather-1,,sgh_r,Kinship-fathersfather,buːb,buːb,b uː b,,hindukush,,,^ b uː b $,default,
sgh_r-Kinship-fathersmother-1,,sgh_r,Kinship-fathersmother,naːn,naːn,n aː n,,hindukush,,,^ n aː n $,default,
sgh_r-Kinship-mothersfather-1,,sgh_r,Kinship-mothersfather,buːb,buːb,b uː b,,hindukush,,,^ b uː b $,default,
sgh_r-Kinship-mothersmother-1,,sgh_r,Kinship-mothersmother,naːn,naːn,n aː n,,hindukush,,,^ n aː n $,default,
sgh_r-Kinship-sonsson-1,,sgh_r,Kinship-sonsson,nabuːs,nabuːs,n a b uː s,,hindukush,,,^ n a b uː s $,default,
sgh_r-Kinship-sonsdaughter-1,,sgh_r,Kinship-sonsdaughter,nabiːs,nabiːs,n a b iː s,,hindukush,,,^ n a b iː s $,default,
sgh_r-Kinship-daughtersson-1,,sgh_r,Kinship-daughtersson,nabuːs,nabuːs,n a b uː s,,hindukush,,,^ n a b uː s $,default,
sgh_r-Kinship-daughtersdaughter-1,,sgh_r,Kinship-daughtersdaughter,nabiːs,nabiːs,n a b iː s,,hindukush,,,^ n a b iː s $,default,
sgh_r-Kinship-fathersbrother-1,,sgh_r,Kinship-fathersbrother,doː,doː,d oː,,hindukush,,,^ d oː $,default,
sgh_r-Kinship-fathersolderbrother-1,,sgh_r,Kinship-fathersolderbrother,"ʁola doː, χajde doː",ʁola_doː,ʁ o l a + d oː,,hindukush,,,^ ʁ o l a _ d oː $,default,
sgh_r-Kinship-fathersolderbrother-2,,sgh_r,Kinship-fathersolderbrother,"ʁola doː, χajde doː",χajde_doː,χ a j d e + d oː,,hindukush,,,^ χ a j d e _ d oː $,default,
sgh_r-Kinship-fathersyoungerbrother-1,,sgh_r,Kinship-fathersyoungerbrother,"but͡sik doː, ʃuvde doː",but͡sik_doː,b u ts i k + d oː,,hindukush,,,^ b u t͡s i k _ d oː $,default,
sgh_r-Kinship-fathersyoungerbrother-2,,sgh_r,Kinship-fathersyoungerbrother,"but͡sik doː, ʃuvde doː",ʃuvde_doː,ʃ u v d e + d oː,,hindukush,,,^ ʃ u v d e _ d oː $,default,
sgh_r-Kinship-fatherssister-1,,sgh_r,Kinship-fatherssister,vet͡s,vet͡s,v e ts,,hindukush,,,^ v e t͡s $,default,
sgh_r-Kinship-fathersoldersister-1,,sgh_r,Kinship-fathersoldersister,ʁola vet͡s,ʁola_vet͡s,ʁ o l a + v e ts,,hindukush,,,^ ʁ o l a _ v e t͡s $,default,
sgh_r-Kinship-fathersyoungersister-1,,sgh_r,Kinship-fathersyoungersister,"bit͡sik vet͡s, bet͡sde vet͡s",bit͡sik_vet͡s,b i ts i k + v e ts,,hindukush,,,^ b i t͡s i k _ v e t͡s $,default,
sgh_r-Kinship-fathersyoungersister-2,,sgh_r,Kinship-fathersyoungersister,"bit͡sik vet͡s, bet͡sde vet͡s",bet͡sde_vet͡s,b e ts d e + v e ts,,hindukush,,,^ b e t͡s d e _ v e t͡s $,default,
sgh_r-Kinship-mothersbrother-1,,sgh_r,Kinship-mothersbrother,χoːlek,χoːlek,χ oː l e k,,hindukush,,,^ χ oː l e k $,default,
sgh_r-Kinship-mothersolderbrother-1,,sgh_r,Kinship-mothersolderbrother,ʁola χoːlek,ʁola_χoːlek,ʁ o l a + χ oː l e k,,hindukush,,,^ ʁ o l a _ χ oː l e k $,default,
sgh_r-Kinship-mothersyoungerbrother-1,,sgh_r,Kinship-mothersyoungerbrother,but͡sde χoːlek,but͡sde_χoːlek,b u ts d e + χ oː l e k,,hindukush,,,^ b u t͡s d e _ χ oː l e k $,default,
sgh_r-Kinship-motherssister-1,,sgh_r,Kinship-motherssister,"vet͡s, moːdjak",vet͡s,v e ts,,hindukush,,,^ v e t͡s $,default,
sgh_r-Kinship-motherssister-2,,sgh_r,Kinship-motherssister,"vet͡s, moːdjak",moːdjak,m oː d j a k,,hindukush,,,^ m oː d j a k $,default,
sgh_r-Kinship-mothersoldersister-1,,sgh_r,Kinship-mothersoldersister,χajde vet͡s,χajde_vet͡s,χ a j d e + v e ts,,hindukush,,,^ χ a j d e _ v e t͡s $,default,
sgh_r-Kinship-mothersyoungersister-1,,sgh_r,Kinship-mothersyoungersister,bit͡sik vet͡s,bit͡sik_vet͡s,b i ts i k + v e ts,,hindukush,,,^ b i t͡s i k _ v e t͡s $,default,
sgh_r-Kinship-brothersson-1,,sgh_r,Kinship-brothersson,"χiːr, χiːr but͡s",χiːr,χ iː r,,hindukush,,,^ χ iː r $,default,
sgh_r-Kinship-brothersson-2,,sgh_r,Kinship-brothersson,"χiːr, χiːr but͡s",χiːr_but͡s,χ iː r + b u ts,,hindukush,,,^ χ iː r _ b u t͡s $,default,
sgh_r-Kinship-brothersdaughter-1,,sgh_r,Kinship-brothersdaughter,"χiːr, χiːr bit͡s",χiːr,χ iː r,,hindukush,,,^ χ iː r $,default,
sgh_r-Kinship-brothersdaughter-2,,sgh_r,Kinship-brothersdaughter,"χiːr, χiːr bit͡s",χiːr_bit͡s,χ iː r + b i ts,,hindukush,,,^ χ iː r _ b i t͡s $,default,
sgh_r-Kinship-sistersson-1,,sgh_r,Kinship-sistersson,"χiːr, jaχ pot͡s",χiːr,χ iː r,,hindukush,,,^ χ iː r $,default,
sgh_r-Kinship-sistersson-2,,sgh_r,Kinship-sistersson,"χiːr, jaχ pot͡s",jaχ_pot͡s,j a χ + p o ts,,hindukush,,,^ j a χ _ p o t͡s $,default,
sgh_r-Kinship-sistersdaughter-1,,sgh_r,Kinship-sistersdaughter,"χiːr, jaχ rezen",χiːr,χ iː r,,hindukush,,,^ χ iː r $,default,
sgh_r-Kinship-sistersdaughter-2,,sgh_r,Kinship-sistersdaughter,"χiːr, jaχ rezen",jaχ_rezen,j a χ + r e z e n,,hindukush,,,^ j a χ _ r e z e n $,default,
sgh_r-Kinship-husband-1,,sgh_r,Kinship-husband,t͡ʃuːr,t͡ʃuːr,tʃ uː r,,hindukush,,,^ t͡ʃ uː r $,default,
sgh_r-Kinship-wife-1,,sgh_r,Kinship-wife,ɣan,ɣan,ɣ a n,,hindukush,,,^ ɣ a n $,default,
sgh_r-Kinship-fathersolderbrotherswife-1,,sgh_r,Kinship-fathersolderbrotherswife,"doː ɣan, vet͡s",doː_ɣan,d oː + ɣ a n,,hindukush,,,^ d oː _ ɣ a n $,default,
sgh_r-Kinship-fathersolderbrotherswife-2,,sgh_r,Kinship-fathersolderbrotherswife,"doː ɣan, vet͡s",vet͡s,v e ts,,hindukush,,,^ v e t͡s $,default,
sgh_r-Kinship-fathersyoungerbrotherswife-1,,sgh_r,Kinship-fathersyoungerbrotherswife,"vet͡s, but͡sik doː ɣan",vet͡s,v e ts,,hindukush,,,^ v e t͡s $,default,
sgh_r-Kinship-fathersyoungerbrotherswife-2,,sgh_r,Kinship-fathersyoungerbrotherswife,"vet͡s, but͡sik doː ɣan",but͡sik_doː_ɣan,b u ts i k + d oː + ɣ a n,,hindukush,,,^ b u t͡s i k _ d oː _ ɣ a n $,default,
sgh_r-Kinship-fatherssistershusband-1,,sgh_r,Kinship-fatherssistershusband,"vet͡s t͡ʃuːr, doː",vet͡s_t͡ʃuːr,v e ts + tʃ uː r,,hindukush,,,^ v e t͡s _ t͡ʃ uː r $,default,
sgh_r-Kinship-fatherssistershusband-2,,sgh_r,Kinship-fatherssistershusband,"vet͡s t͡ʃuːr, doː",doː,d oː,,hindukush,,,^ d oː $,default,
sgh_r-Kinship-mothersbrotherswife-1,,sgh_r,Kinship-mothersbrotherswife,"χoːlek ɣan, vet͡s",χoːlek_ɣan,χ oː l e k + ɣ a n,,hindukush,,,^ χ oː l e k _ ɣ a n $,default,
sgh_r-Kinship-mothersbrotherswife-2,,sgh_r,Kinship-mothersbrotherswife,"χoːlek ɣan, vet͡s",vet͡s,v e ts,,hindukush,,,^ v e t͡s $,default,
sgh_r-Kinship-motherssistershusband-1,,sgh_r,Kinship-motherssistershusband,"vet͡s t͡ʃuːr, doː",vet͡s_t͡ʃuːr,v e ts + tʃ uː r,,hindukush,,,^ v e t͡s _ t͡ʃ uː r $,default,
sgh_r-Kinship-motherssistershusband-2,,sgh_r,Kinship-motherssistershusband,"vet͡s t͡ʃuːr, doː",doː,d oː,,hindukush,,,^ d oː $,default,
sgh_r-Kinship-sonswife-1,,sgh_r,Kinship-sonswife,zenaw,zenaw,z e n a w,,hindukush,,,^ z e n a w $,default,
sgh_r-Kinship-daughtershusband-1,,sgh_r,Kinship-daughtershusband,doːmoːd,doːmoːd,d oː m oː d,,hindukush,,,^ d oː m oː d $,default,
sgh_r-Kinship-brotherswifemaleego-1,,sgh_r,Kinship-brotherswifemaleego,χajan,χajan,χ a j a n,,hindukush,,,^ χ a j a n $,default,
sgh_r-Kinship-brotherswifefemaleego-1,,sgh_r,Kinship-brotherswifefemaleego,χajan,χajan,χ a j a n,,hindukush,,,^ χ a j a n $,default,
sgh_r-Kinship-sistershusbandmaleego-1,,sgh_r,Kinship-sistershusbandmaleego,χasert͡s,χasert͡s,χ a s e r ts,,hindukush,,,^ χ a s e r t͡s $,default,
sgh_r-Kinship-sistershusbandfemaleego-1,,sgh_r,Kinship-sistershusbandfemaleego,χasert͡s,χasert͡s,χ a s e r ts,,hindukush,,,^ χ a s e r t͡s $,default,
sgh_r-Kinship-wifesfather-1,,sgh_r,Kinship-wifesfather,χasur,χasur,χ a s u r,,hindukush,,,^ χ a s u r $,default,
sgh_r-Kinship-wifesmother-1,,sgh_r,Kinship-wifesmother,χoʂ,χoʂ,χ o ʂ,,hindukush,,,^ χ o ʂ $,default,
sgh_r-Kinship-husbandsfather-1,,sgh_r,Kinship-husbandsfather,χasur,χasur,χ a s u r,,hindukush,,,^ χ a s u r $,default,
sgh_r-Kinship-husbandsmother-1,,sgh_r,Kinship-husbandsmother,χoʂ,χoʂ,χ o ʂ,,hindukush,,,^ χ o ʂ $,default,
sgh_r-Kinship-husbandsbrother-1,,sgh_r,Kinship-husbandsbrother,χasert͡s,χasert͡s,χ a s e r ts,,hindukush,,,^ χ a s e r t͡s $,default,
sgh_r-Kinship-husbandssister-1,,sgh_r,Kinship-husbandssister,χajan,χajan,χ a j a n,,hindukush,,,^ χ a j a n $,default,
sgh_r-Kinship-wifesbrother-1,,sgh_r,Kinship-wifesbrother,χasert͡s,χasert͡s,χ a s e r ts,,hindukush,,,^ χ a s e r t͡s $,default,
sgh_r-Kinship-wifessister-1,,sgh_r,Kinship-wifessister,χajan,χajan,χ a j a n,,hindukush,,,^ χ a j a n $,default,
sgh_r-Kinship-husbandsbrotherswife-1,,sgh_r,Kinship-husbandsbrotherswife,med͡ʒad,med͡ʒad,m e dʒ a d,,hindukush,,,^ m e d͡ʒ a d $,default,
sgh_r-Kinship-husbandssistershusband-1,,sgh_r,Kinship-husbandssistershusband,χajan bit͡s,χajan_bit͡s,χ a j a n + b i ts,,hindukush,,,^ χ a j a n _ b i t͡s $,default,
sgh_r-Kinship-wifesbrotherswife-1,,sgh_r,Kinship-wifesbrotherswife,χasert͡s ɣan,χasert͡s_ɣan,χ a s e r ts + ɣ a n,,hindukush,,,^ χ a s e r t͡s _ ɣ a n $,default,
sgh_r-Kinship-wifessistershusband-1,,sgh_r,Kinship-wifessistershusband,boːd͡ʒa,boːd͡ʒa,b oː dʒ a,,hindukush,,,^ b oː d͡ʒ a $,default,
sgh_r-Kinship-cowife-1,,sgh_r,Kinship-cowife,aben,aben,a b e n,,hindukush,,,^ a b e n $,default,
sgh_r-Kinship-sonswifesfather-1,,sgh_r,Kinship-sonswifesfather,quda,quda,q u d a,,hindukush,,,^ q u d a $,default,
sgh_r-Kinship-sonswifesmother-1,,sgh_r,Kinship-sonswifesmother,quda,quda,q u d a,,hindukush,,,^ q u d a $,default,
sgh_r-Kinship-daughtershusbandsfather-1,,sgh_r,Kinship-daughtershusbandsfather,quda,quda,q u d a,,hindukush,,,^ q u d a $,default,
sgh_r-Kinship-daughtershusbandsmother-1,,sgh_r,Kinship-daughtershusbandsmother,quda,quda,q u d a,,hindukush,,,^ q u d a $,default,
sgh_r-Kinship-stepsisternosharedparent-1,,sgh_r,Kinship-stepsisternosharedparent,jaχiːt͡s,jaχiːt͡s,j a χ iː ts,,hindukush,,,^ j a χ iː t͡s $,default,
sgh_r-Kinship-stepbrothernosharedparent-1,,sgh_r,Kinship-stepbrothernosharedparent,vroːdiːt͡s,vroːdiːt͡s,v r oː d iː ts,,hindukush,,,^ v r oː d iː t͡s $,default,
sgh_r-Kinship-stepmother-1,,sgh_r,Kinship-stepmother,moːdiːt͡s,moːdiːt͡s,m oː d iː ts,,hindukush,,,^ m oː d iː t͡s $,default,
sgh_r-Kinship-stepfather-1,,sgh_r,Kinship-stepfather,pediːt͡s,pediːt͡s,p e d iː ts,,hindukush,,,^ p e d iː t͡s $,default,
sgh_r-Kinship-stepson-1,,sgh_r,Kinship-stepson,pot͡s hiːt͡ʃ,pot͡s_hiːt͡ʃ,p o ts + h iː tʃ,,hindukush,,,^ p o t͡s _ h iː t͡ʃ $,default,
sgh_r-Kinship-stepdaughter-1,,sgh_r,Kinship-stepdaughter,rezeniːt͡s,rezeniːt͡s,r e z e n iː ts,,hindukush,,,^ r e z e n iː t͡s $,default,
sgh_r-Kinship-fathersfathersfather-1,,sgh_r,Kinship-fathersfathersfather,χajdebuːb,χajdebuːb,χ a j d e b uː b,,hindukush,,,^ χ a j d e b uː b $,default,
sgh_r-Kinship-mothersmothersmother-1,,sgh_r,Kinship-mothersmothersmother,katanaːn,katanaːn,k a t a n aː n,,hindukush,,,^ k a t a n aː n $,default,
sgh_r-Kinship-forefather-1,,sgh_r,Kinship-forefather,buːbiːrt͡s,buːbiːrt͡s,b uː b iː r ts,,hindukush,,,^ b uː b iː r t͡s $,default,
sgh_r-Kinship-foremother-1,,sgh_r,Kinship-foremother,buːbiːn,buːbiːn,b uː b iː n,,hindukush,,,^ b uː b iː n $,default,
sgh_r-Kinship-fathersbrothersson-1,,sgh_r,Kinship-fathersbrothersson,"peteʃ, doːpot͡s",peteʃ,p e t e ʃ,,hindukush,,,^ p e t e ʃ $,default,
sgh_r-Kinship-fathersbrothersson-2,,sgh_r,Kinship-fathersbrothersson,"peteʃ, doːpot͡s",doːpot͡s,d oː p o ts,,hindukush,,,^ d oː p o t͡s $,default,
sgh_r-Kinship-fathersbrothersdaughter-1,,sgh_r,Kinship-fathersbrothersdaughter,"peteʃ, doːrezen",peteʃ,p e t e ʃ,,hindukush,,,^ p e t e ʃ $,default,
sgh_r-Kinship-fathersbrothersdaughter-2,,sgh_r,Kinship-fathersbrothersdaughter,"peteʃ, doːrezen",doːrezen,d oː r e z e n,,hindukush,,,^ d oː r e z e n $,default,
sgh_r-Kinship-fatherssistersson-1,,sgh_r,Kinship-fatherssistersson,"peteʃ, vet͡spot͡s",peteʃ,p e t e ʃ,,hindukush,,,^ p e t e ʃ $,default,
sgh_r-Kinship-fatherssistersson-2,,sgh_r,Kinship-fatherssistersson,"peteʃ, vet͡spot͡s",vet͡spot͡s,v e ts p o ts,,hindukush,,,^ v e t͡s p o t͡s $,default,
sgh_r-Kinship-fatherssistersdaughter-1,,sgh_r,Kinship-fatherssistersdaughter,"peteʃ, vet͡srezen",peteʃ,p e t e ʃ,,hindukush,,,^ p e t e ʃ $,default,
sgh_r-Kinship-fatherssistersdaughter-2,,sgh_r,Kinship-fatherssistersdaughter,"peteʃ, vet͡srezen",vet͡srezen,v e ts r e z e n,,hindukush,,,^ v e t͡s r e z e n $,default,
sgh_r-Kinship-mothersbrothersson-1,,sgh_r,Kinship-mothersbrothersson,"peteʃ, χoːlek pot͡s",peteʃ,p e t e ʃ,,hindukush,,,^ p e t e ʃ $,default,
sgh_r-Kinship-mothersbrothersson-2,,sgh_r,Kinship-mothersbrothersson,"peteʃ, χoːlek pot͡s",χoːlek_pot͡s,χ oː l e k + p o ts,,hindukush,,,^ χ oː l e k _ p o t͡s $,default,
sgh_r-Kinship-mothersbrothersdaughter-1,,sgh_r,Kinship-mothersbrothersdaughter,"χoːlek rezen, peteʃ",χoːlek_rezen,χ oː l e k + r e z e n,,hindukush,,,^ χ oː l e k _ r e z e n $,default,
sgh_r-Kinship-mothersbrothersdaughter-2,,sgh_r,Kinship-mothersbrothersdaughter,"χoːlek rezen, peteʃ",peteʃ,p e t e ʃ,,hindukush,,,^ p e t e ʃ $,default,
sgh_r-Kinship-motherssistersson-1,,sgh_r,Kinship-motherssistersson,vet͡s pot͡s,vet͡s_pot͡s,v e ts + p o ts,,hindukush,,,^ v e t͡s _ p o t͡s $,default,
sgh_r-Kinship-motherssistersdaughter-1,,sgh_r,Kinship-motherssistersdaughter,vet͡s rezen,vet͡s_rezen,v e ts + r e z e n,,hindukush,,,^ v e t͡s _ r e z e n $,default,
sgh_r-Kinship-relative-1,,sgh_r,Kinship-relative,qawmiːn,qawmiːn,q a w m iː n,,hindukush,,,^ q a w m iː n $,default,
sgh_r-Kinship-affinalrelative-1,,sgh_r,Kinship-affinalrelative,"χasur χiːl, χasur joːn",χasur_χiːl,χ a s u r + χ iː l,,hindukush,,,^ χ a s u r _ χ iː l $,default,
sgh_r-Kinship-affinalrelative-2,,sgh_r,Kinship-affinalrelative,"χasur χiːl, χasur joːn",χasur_joːn,χ a s u r + j oː n,,hindukush,,,^ χ a s u r _ j oː n $,default,
sgh_r-Kinship-bloodrelative-1,,sgh_r,Kinship-bloodrelative,rakiːkat,rakiːkat,r a k iː k a t,,hindukush,,,^ r a k iː k a t $,default,
sgh_r-Kinship-wifesrelatives-1,,sgh_r,Kinship-wifesrelatives,χasur joːn,χasur_joːn,χ a s u r + j oː n,,hindukush,,,^ χ a s u r _ j oː n $,default,
sgh_r-Kinship-headofhousehold-1,,sgh_r,Kinship-headofhousehold,kataneki t͡ʃod,kataneki_t͡ʃod,k a t a n e k i + tʃ o d,,hindukush,,,^ k a t a n e k i _ t͡ʃ o d $,default,
sgh_r-Kinship-headofclan-1,,sgh_r,Kinship-headofclan,"ʁola, kataneki qawm",ʁola,ʁ o l a,,hindukush,,,^ ʁ o l a $,default,
sgh_r-Kinship-headofclan-2,,sgh_r,Kinship-headofclan,"ʁola, kataneki qawm",kataneki_qawm,k a t a n e k i + q a w m,,hindukush,,,^ k a t a n e k i _ q a w m $,default,
sgh_r-Kinship-headoftribe-1,,sgh_r,Kinship-headoftribe,"ʁola kunda, kataneki qabiːla",ʁola_kunda,ʁ o l a + k u n d a,,hindukush,,,^ ʁ o l a _ k u n d a $,default,
sgh_r-Kinship-headoftribe-2,,sgh_r,Kinship-headoftribe,"ʁola kunda, kataneki qabiːla",kataneki_qabiːla,k a t a n e k i + q a b iː l a,,hindukush,,,^ k a t a n e k i _ q a b iː l a $,default,
sgh_r-Kinship-halfsistersamefatherdifferentmother-1,,sgh_r,Kinship-halfsistersamefatherdifferentmother,jaχiːt͡s,jaχiːt͡s,j a χ iː ts,,hindukush,,,^ j a χ iː t͡s $,default,
sgh_r-Kinship-halfbrothersamefatherdifferentmother-1,,sgh_r,Kinship-halfbrothersamefatherdifferentmother,vroːdiːt͡s,vroːdiːt͡s,v r oː d iː ts,,hindukush,,,^ v r oː d iː t͡s $,default,
sgh_r-Kinship-halfsistersamemotherdifferentfather-1,,sgh_r,Kinship-halfsistersamemotherdifferentfather,jaχiːt͡s,jaχiːt͡s,j a χ iː ts,,hindukush,,,^ j a χ iː t͡s $,default,
sgh_r-Kinship-halfbrothersamemotherdifferentfather-1,,sgh_r,Kinship-halfbrothersamemotherdifferentfather,vroːdiːt͡s,vroːdiːt͡s,v r oː d iː ts,,hindukush,,,^ v r oː d iː t͡s $,default,
sgy-Kinship-father-1,,sgy,Kinship-father,taːt,taːt,t aː t,,hindukush,,,^ t aː t $,default,
sgy-Kinship-mother-1,,sgy,Kinship-mother,naːn,naːn,n aː n,,hindukush,,,^ n aː n $,default,
sgy-Kinship-parent-1,,sgy,Kinship-parent,"taːt, naːn",taːt,t aː t,,hindukush,,,^ t aː t $,default,
sgy-Kinship-parent-2,,sgy,Kinship-parent,"taːt, naːn",naːn,n aː n,,hindukush,,,^ n aː n $,default,
sgy-Kinship-son-1,,sgy,Kinship-son,zɑːt,zɑːt,z ɑː t,,hindukush,,,^ z ɑː t $,default,
sgy-Kinship-daughter-1,,sgy,Kinship-daughter,wədəʁd,wədəʁd,w ə d ə ʁ d,,hindukush,,,^ w ə d ə ʁ d $,default,
sgy-Kinship-ownchild-1,,sgy,Kinship-ownchild,rizajak,rizajak,r i z a j a k,,hindukush,,,^ r i z a j a k $,default,
sgy-Kinship-brother-1,,sgy,Kinship-brother,vruːd,vruːd,v r uː d,,hindukush,,,^ v r uː d $,default,
sgy-Kinship-sister-1,,sgy,Kinship-sister,ɑːχɑːj,ɑːχɑːj,ɑː χ ɑː j,,hindukush,,,^ ɑː χ ɑː j $,default,
sgy-Kinship-olderbrother-1,,sgy,Kinship-olderbrother,gəʂt vruːd,gəʂt_vruːd,g ə ʂ t + v r uː d,,hindukush,,,^ g ə ʂ t _ v r uː d $,default,
sgy-Kinship-youngerbrother-1,,sgy,Kinship-youngerbrother,t͡ʃəʈ vruːd,t͡ʃəʈ_vruːd,tʃ ə ʈ + v r uː d,,hindukush,,,^ t͡ʃ ə ʈ _ v r uː d $,default,
sgy-Kinship-oldersister-1,,sgy,Kinship-oldersister,gəʂt ɑːχɑːj,gəʂt_ɑːχɑːj,g ə ʂ t + ɑː χ ɑː j,,hindukush,,,^ g ə ʂ t _ ɑː χ ɑː j $,default,
sgy-Kinship-youngersister-1,,sgy,Kinship-youngersister,t͡ʃəʈ ɑːχɑːj,t͡ʃəʈ_ɑːχɑːj,tʃ ə ʈ + ɑː χ ɑː j,,hindukush,,,^ t͡ʃ ə ʈ _ ɑː χ ɑː j $,default,
sgy-Kinship-fathersfather-1,,sgy,Kinship-fathersfather,taːt taːt,taːt_taːt,t aː t + t aː t,,hindukush,,,^ t aː t _ t aː t $,default,
sgy-Kinship-fathersmother-1,,sgy,Kinship-fathersmother,naːn naːn,naːn_naːn,n aː n + n aː n,,hindukush,,,^ n aː n _ n aː n $,default,
sgy-Kinship-mothersfather-1,,sgy,Kinship-mothersfather,taːt taːt,taːt_taːt,t aː t + t aː t,,hindukush,,,^ t aː t _ t aː t $,default,
sgy-Kinship-mothersmother-1,,sgy,Kinship-mothersmother,naːn naːn,naːn_naːn,n aː n + n aː n,,hindukush,,,^ n aː n _ n aː n $,default,
sgy-Kinship-sonsson-1,,sgy,Kinship-sonsson,nəvəs,nəvəs,n ə v ə s,,hindukush,,,^ n ə v ə s $,default,
sgy-Kinship-sonsdaughter-1,,sgy,Kinship-sonsdaughter,"nəvəs, wədəʁd",nəvəs,n ə v ə s,,hindukush,,,^ n ə v ə s $,default,
sgy-Kinship-sonsdaughter-2,,sgy,Kinship-sonsdaughter,"nəvəs, wədəʁd",wədəʁd,w ə d ə ʁ d,,hindukush,,,^ w ə d ə ʁ d $,default,
sgy-Kinship-daughtersson-1,,sgy,Kinship-daughtersson,wədəʁdzɑːt,wədəʁdzɑːt,w ə d ə ʁ d z ɑː t,,hindukush,,,^ w ə d ə ʁ d z ɑː t $,default,
sgy-Kinship-daughtersdaughter-1,,sgy,Kinship-daughtersdaughter,wədəʁd,wədəʁd,w ə d ə ʁ d,,hindukush,,,^ w ə d ə ʁ d $,default,
sgy-Kinship-fathersbrother-1,,sgy,Kinship-fathersbrother,bət͡ʃiː,bət͡ʃiː,b ə tʃ iː,,hindukush,,,^ b ə t͡ʃ iː $,default,
sgy-Kinship-fathersolderbrother-1,,sgy,Kinship-fathersolderbrother,taːt gəʂt vruːd,taːt_gəʂt_vruːd,t aː t + g ə ʂ t + v r uː d,,hindukush,,,^ t aː t _ g ə ʂ t _ v r uː d $,default,
sgy-Kinship-fathersyoungerbrother-1,,sgy,Kinship-fathersyoungerbrother,taːt t͡ʃəʈ vruːd,taːt_t͡ʃəʈ_vruːd,t aː t + tʃ ə ʈ + v r uː d,,hindukush,,,^ t aː t _ t͡ʃ ə ʈ _ v r uː d $,default,
sgy-Kinship-fatherssister-1,,sgy,Kinship-fatherssister,amaj,amaj,a m a j,,hindukush,,,^ a m a j $,default,
sgy-Kinship-fathersoldersister-1,,sgy,Kinship-fathersoldersister,taːt gəʂt ɑːχɑːj,taːt_gəʂt_ɑːχɑːj,t aː t + g ə ʂ t + ɑː χ ɑː j,,hindukush,,,^ t aː t _ g ə ʂ t _ ɑː χ ɑː j $,default,
sgy-Kinship-fathersyoungersister-1,,sgy,Kinship-fathersyoungersister,taːt t͡ʃəʈ ɑːχɑːj,taːt_t͡ʃəʈ_ɑːχɑːj,t aː t + tʃ ə ʈ + ɑː χ ɑː j,,hindukush,,,^ t aː t _ t͡ʃ ə ʈ _ ɑː χ ɑː j $,default,
sgy-Kinship-mothersbrother-1,,sgy,Kinship-mothersbrother,χuːlək,χuːlək,χ uː l ə k,,hindukush,,,^ χ uː l ə k $,default,
sgy-Kinship-mothersolderbrother-1,,sgy,Kinship-mothersolderbrother,gəʂt χuːlək,gəʂt_χuːlək,g ə ʂ t + χ uː l ə k,,hindukush,,,^ g ə ʂ t _ χ uː l ə k $,default,
sgy-Kinship-mothersyoungerbrother-1,,sgy,Kinship-mothersyoungerbrother,t͡ʃəʈ χuːlək,t͡ʃəʈ_χuːlək,tʃ ə ʈ + χ uː l ə k,,hindukush,,,^ t͡ʃ ə ʈ _ χ uː l ə k $,default,
sgy-Kinship-motherssister-1,,sgy,Kinship-motherssister,χuːlaj,χuːlaj,χ uː l a j,,hindukush,,,^ χ uː l a j $,default,
sgy-Kinship-mothersoldersister-1,,sgy,Kinship-mothersoldersister,gəʂt χuːlaj,gəʂt_χuːlaj,g ə ʂ t + χ uː l a j,,hindukush,,,^ g ə ʂ t _ χ uː l a j $,default,
sgy-Kinship-mothersyoungersister-1,,sgy,Kinship-mothersyoungersister,t͡ʃəʈ χuːlaj,t͡ʃəʈ_χuːlaj,tʃ ə ʈ + χ uː l a j,,hindukush,,,^ t͡ʃ ə ʈ _ χ uː l a j $,default,
sgy-Kinship-brothersson-1,,sgy,Kinship-brothersson,vruːd zəman,vruːd_zəman,v r uː d + z ə m a n,,hindukush,,,^ v r uː d _ z ə m a n $,default,
sgy-Kinship-brothersdaughter-1,,sgy,Kinship-brothersdaughter,vruːd zəman,vruːd_zəman,v r uː d + z ə m a n,,hindukush,,,^ v r uː d _ z ə m a n $,default,
sgy-Kinship-sistersson-1,,sgy,Kinship-sistersson,ɑːχɑːj zəman,ɑːχɑːj_zəman,ɑː χ ɑː j + z ə m a n,,hindukush,,,^ ɑː χ ɑː j _ z ə m a n $,default,
sgy-Kinship-sistersdaughter-1,,sgy,Kinship-sistersdaughter,ɑːχɑːj wədəʁd,ɑːχɑːj_wədəʁd,ɑː χ ɑː j + w ə d ə ʁ d,,hindukush,,,^ ɑː χ ɑː j _ w ə d ə ʁ d $,default,
sgy-Kinship-husband-1,,sgy,Kinship-husband,maːɽ,maːɽ,m aː ɽ,,hindukush,,,^ m aː ɽ $,default,
sgy-Kinship-wife-1,,sgy,Kinship-wife,koːt͡ʃ,koːt͡ʃ,k oː tʃ,,hindukush,,,^ k oː t͡ʃ $,default,
sgy-Kinship-fathersolderbrotherswife-1,,sgy,Kinship-fathersolderbrotherswife,gəʂt kaːkaːk,gəʂt_kaːkaːk,g ə ʂ t + k aː k aː k,,hindukush,,,^ g ə ʂ t _ k aː k aː k $,default,
sgy-Kinship-fathersyoungerbrotherswife-1,,sgy,Kinship-fathersyoungerbrotherswife,t͡ʃəʈ kaːkaːk,t͡ʃəʈ_kaːkaːk,tʃ ə ʈ + k aː k aː k,,hindukush,,,^ t͡ʃ ə ʈ _ k aː k aː k $,default,
sgy-Kinship-fatherssistershusband-1,,sgy,Kinship-fatherssistershusband,amaj maːɽ,amaj_maːɽ,a m a j + m aː ɽ,,hindukush,,,^ a m a j _ m aː ɽ $,default,
sgy-Kinship-mothersbrotherswife-1,,sgy,Kinship-mothersbrotherswife,χuːlək koːt͡ʃ,χuːlək_koːt͡ʃ,χ uː l ə k + k oː tʃ,,hindukush,,,^ χ uː l ə k _ k oː t͡ʃ $,default,
sgy-Kinship-motherssistershusband-1,,sgy,Kinship-motherssistershusband,χuːlaj maːɽ,χuːlaj_maːɽ,χ uː l a j + m aː ɽ,,hindukush,,,^ χ uː l a j _ m aː ɽ $,default,
sgy-Kinship-sonswife-1,,sgy,Kinship-sonswife,wəznəl,wəznəl,w ə z n ə l,,hindukush,,,^ w ə z n ə l $,default,
sgy-Kinship-daughtershusband-1,,sgy,Kinship-daughtershusband,zəmoːd,zəmoːd,z ə m oː d,,hindukush,,,^ z ə m oː d $,default,
sgy-Kinship-brotherswifemaleego-1,,sgy,Kinship-brotherswifemaleego,vruːd koːt͡ʃ,vruːd_koːt͡ʃ,v r uː d + k oː tʃ,,hindukush,,,^ v r uː d _ k oː t͡ʃ $,default,
sgy-Kinship-brotherswifefemaleego-1,,sgy,Kinship-brotherswifefemaleego,juːd,juːd,j uː d,,hindukush,,,^ j uː d $,default,
sgy-Kinship-sistershusbandmaleego-1,,sgy,Kinship-sistershusbandmaleego,zəmoːd,zəmoːd,z ə m oː d,,hindukush,,,^ z ə m oː d $,default,
sgy-Kinship-sistershusbandfemaleego-1,,sgy,Kinship-sistershusbandfemaleego,juːd,juːd,j uː d,,hindukush,,,^ j uː d $,default,
sgy-Kinship-wifesfather-1,,sgy,Kinship-wifesfather,χəsər,χəsər,χ ə s ə r,,hindukush,,,^ χ ə s ə r $,default,
sgy-Kinship-wifesmother-1,,sgy,Kinship-wifesmother,χoːʂ,χoːʂ,χ oː ʂ,,hindukush,,,^ χ oː ʂ $,default,
sgy-Kinship-husbandsfather-1,,sgy,Kinship-husbandsfather,χəsər,χəsər,χ ə s ə r,,hindukush,,,^ χ ə s ə r $,default,
sgy-Kinship-husbandsmother-1,,sgy,Kinship-husbandsmother,χoːʂ,χoːʂ,χ oː ʂ,,hindukush,,,^ χ oː ʂ $,default,
sgy-Kinship-husbandsbrother-1,,sgy,Kinship-husbandsbrother,teːw,teːw,t eː w,,hindukush,,,^ t eː w $,default,
sgy-Kinship-husbandssister-1,,sgy,Kinship-husbandssister,wəneːn,wəneːn,w ə n eː n,,hindukush,,,^ w ə n eː n $,default,
sgy-Kinship-wifesbrother-1,,sgy,Kinship-wifesbrother,χəsər braj,χəsər_braj,χ ə s ə r + b r a j,,hindukush,,,^ χ ə s ə r _ b r a j $,default,
sgy-Kinship-wifessister-1,,sgy,Kinship-wifessister,qajsangal,qajsangal,q a j s a n g a l,,hindukush,,,^ q a js a n g a l $,default,
sgy-Kinship-husbandsbrotherswife-1,,sgy,Kinship-husbandsbrotherswife,juːd,juːd,j uː d,,hindukush,,,^ j uː d $,default,
sgy-Kinship-husbandssistershusband-1,,sgy,Kinship-husbandssistershusband,teːw,teːw,t eː w,,hindukush,,,^ t eː w $,default,
sgy-Kinship-wifesbrotherswife-1,,sgy,Kinship-wifesbrotherswife,χəsər braj koːt͡ʃ,χəsər_braj_koːt͡ʃ,χ ə s ə r + b r a j + k oː tʃ,,hindukush,,,^ χ ə s ə r _ b r a j _ k oː t͡ʃ $,default,
sgy-Kinship-wifessistershusband-1,,sgy,Kinship-wifessistershusband,bət͡ʃiː,bət͡ʃiː,b ə tʃ iː,,hindukush,,,^ b ə t͡ʃ iː $,default,
sgy-Kinship-cowife-1,,sgy,Kinship-cowife,anbaːʁ,anbaːʁ,a n b aː ʁ,,hindukush,,,^ a n b aː ʁ $,default,
sgy-Kinship-sonswifesfather-1,,sgy,Kinship-sonswifesfather,qadaj,qadaj,q a d a j,,hindukush,,,^ q a d a j $,default,
sgy-Kinship-sonswifesmother-1,,sgy,Kinship-sonswifesmother,qadaj,qadaj,q a d a j,,hindukush,,,^ q a d a j $,default,
sgy-Kinship-daughtershusbandsfather-1,,sgy,Kinship-daughtershusbandsfather,qadaj,qadaj,q a d a j,,hindukush,,,^ q a d a j $,default,
sgy-Kinship-daughtershusbandsmother-1,,sgy,Kinship-daughtershusbandsmother,qadaj,qadaj,q a d a j,,hindukush,,,^ q a d a j $,default,
sgy-Kinship-stepsisternosharedparent-1,,sgy,Kinship-stepsisternosharedparent,ɑːχɑːj,ɑːχɑːj,ɑː χ ɑː j,,hindukush,,,^ ɑː χ ɑː j $,default,
sgy-Kinship-stepbrothernosharedparent-1,,sgy,Kinship-stepbrothernosharedparent,vruːd,vruːd,v r uː d,,hindukush,,,^ v r uː d $,default,
sgy-Kinship-stepmother-1,,sgy,Kinship-stepmother,majəndar,majəndar,m a j ə n d a r,,hindukush,,,^ m a j ə n d a r $,default,
sgy-Kinship-stepfather-1,,sgy,Kinship-stepfather,taːt,taːt,t aː t,,hindukush,,,^ t aː t $,default,
sgy-Kinship-stepson-1,,sgy,Kinship-stepson,bat͡ʃandar,bat͡ʃandar,b a tʃ a n d a r,,hindukush,,,^ b a t͡ʃ a n d a r $,default,
sgy-Kinship-stepdaughter-1,,sgy,Kinship-stepdaughter,daχtarandar,daχtarandar,d a χ t a r a n d a r,,hindukush,,,^ d a χ t a r a n d a r $,default,
sgy-Kinship-fathersfathersfather-1,,sgy,Kinship-fathersfathersfather,aɣdaːd,aɣdaːd,a ɣ d aː d,,hindukush,,,^ a ɣ d aː d $,default,
sgy-Kinship-mothersmothersmother-1,,sgy,Kinship-mothersmothersmother,biːbiː,biːbiː,b iː b iː,,hindukush,,,^ b iː b iː $,default,
sgy-Kinship-forefather-1,,sgy,Kinship-forefather,aɣdaːd,aɣdaːd,a ɣ d aː d,,hindukush,,,^ a ɣ d aː d $,default,
sgy-Kinship-foremother-1,,sgy,Kinship-foremother,aɣdaːd,aɣdaːd,a ɣ d aː d,,hindukush,,,^ a ɣ d aː d $,default,
sgy-Kinship-fathersbrothersson-1,,sgy,Kinship-fathersbrothersson,amakzɑːt,amakzɑːt,a m a k z ɑː t,,hindukush,,,^ a m a k z ɑː t $,default,
sgy-Kinship-fathersbrothersdaughter-1,,sgy,Kinship-fathersbrothersdaughter,amak wədəʁd,amak_wədəʁd,a m a k + w ə d ə ʁ d,,hindukush,,,^ a m a k _ w ə d ə ʁ d $,default,
sgy-Kinship-fatherssistersson-1,,sgy,Kinship-fatherssistersson,amajzɑːt,amajzɑːt,a m a j z ɑː t,,hindukush,,,^ a m a j z ɑː t $,default,
sgy-Kinship-fatherssistersdaughter-1,,sgy,Kinship-fatherssistersdaughter,amaj wədəʁd,amaj_wədəʁd,a m a j + w ə d ə ʁ d,,hindukush,,,^ a m a j _ w ə d ə ʁ d $,default,
sgy-Kinship-mothersbrothersson-1,,sgy,Kinship-mothersbrothersson,χuːləkzɑːt,χuːləkzɑːt,χ uː l ə k z ɑː t,,hindukush,,,^ χ uː l ə k z ɑː t $,default,
sgy-Kinship-mothersbrothersdaughter-1,,sgy,Kinship-mothersbrothersdaughter,χuːlək wədəʁd,χuːlək_wədəʁd,χ uː l ə k + w ə d ə ʁ d,,hindukush,,,^ χ uː l ə k _ w ə d ə ʁ d $,default,
sgy-Kinship-motherssistersson-1,,sgy,Kinship-motherssistersson,χuːlajzɑːt,χuːlajzɑːt,χ uː l a j z ɑː t,,hindukush,,,^ χ uː l a j z ɑː t $,default,
sgy-Kinship-motherssistersdaughter-1,,sgy,Kinship-motherssistersdaughter,χuːlaj wədəʁd,χuːlaj_wədəʁd,χ uː l a j + w ə d ə ʁ d,,hindukush,,,^ χ uː l a j _ w ə d ə ʁ d $,default,
sgy-Kinship-relative-1,,sgy,Kinship-relative,χeʂ qawm,χeʂ_qawm,χ e ʂ + q a w m,,hindukush,,,^ χ e ʂ _ q a w m $,default,
sgy-Kinship-affinalrelative-1,,sgy,Kinship-affinalrelative,χeʂ qawm,χeʂ_qawm,χ e ʂ + q a w m,,hindukush,,,^ χ e ʂ _ q a w m $,default,
sgy-Kinship-bloodrelative-1,,sgy,Kinship-bloodrelative,"χeʂ qawm, qariː",χeʂ_qawm,χ e ʂ + q a w m,,hindukush,,,^ χ e ʂ _ q a w m $,default,
sgy-Kinship-bloodrelative-2,,sgy,Kinship-bloodrelative,"χeʂ qawm, qariː",qariː,q a r iː,,hindukush,,,^ q a r iː $,default,
sgy-Kinship-wifesrelatives-1,,sgy,Kinship-wifesrelatives,χəsəruːn,χəsəruːn,χ ə s ə r uː n,,hindukush,,,^ χ ə s ə r uː n $,default,
sgy-Kinship-headofhousehold-1,,sgy,Kinship-headofhousehold,gəʂt χaːn,gəʂt_χaːn,g ə ʂ t + χ aː n,,hindukush,,,^ g ə ʂ t _ χ aː n $,default,
sgy-Kinship-headofclan-1,,sgy,Kinship-headofclan,gəʂti qawm,gəʂti_qawm,g ə ʂ t i + q a w m,,hindukush,,,^ g ə ʂ t i _ q a w m $,default,
sgy-Kinship-headoftribe-1,,sgy,Kinship-headoftribe,gəʂti mardəm,gəʂti_mardəm,g ə ʂ t i + m a r d ə m,,hindukush,,,^ g ə ʂ t i _ m a r d ə m $,default,
sgy-Kinship-halfsistersamefatherdifferentmother-1,,sgy,Kinship-halfsistersamefatherdifferentmother,ɑːχɑːj,ɑːχɑːj,ɑː χ ɑː j,,hindukush,,,^ ɑː χ ɑː j $,default,
sgy-Kinship-halfbrothersamefatherdifferentmother-1,,sgy,Kinship-halfbrothersamefatherdifferentmother,vruːd,vruːd,v r uː d,,hindukush,,,^ v r uː d $,default,
sgy-Kinship-halfsistersamemotherdifferentfather-1,,sgy,Kinship-halfsistersamemotherdifferentfather,ɑːχɑːj,ɑːχɑːj,ɑː χ ɑː j,,hindukush,,,^ ɑː χ ɑː j $,default,
sgy-Kinship-halfbrothersamemotherdifferentfather-1,,sgy,Kinship-halfbrothersamemotherdifferentfather,vruːd,vruːd,v r uː d,,hindukush,,,^ v r uː d $,default,
sdg-Kinship-father-1,,sdg,Kinship-father,baːbu,baːbu,b aː b u,,hindukush,,,^ b aː b u $,default,
sdg-Kinship-mother-1,,sdg,Kinship-mother,jeːj,jeːj,j eː j,,hindukush,,,^ j eː j $,default,
sdg-Kinship-parent-1,,sdg,Kinship-parent,jeːj baːbu,jeːj_baːbu,j eː j + b aː b u,,hindukush,,,^ j eː j _ b aː b u $,default,
sdg-Kinship-son-1,,sdg,Kinship-son,puɬ,puɬ,p u ɬ,,hindukush,,,^ p u ɬ $,default,
sdg-Kinship-daughter-1,,sdg,Kinship-daughter,diː,diː,d iː,,hindukush,,,^ d iː $,default,
sdg-Kinship-ownchild-1,,sdg,Kinship-ownchild,maːʃum,maːʃum,m aː ʃ u m,,hindukush,,,^ m aː ʃ u m $,default,
sdg-Kinship-brother-1,,sdg,Kinship-brother,brɑː,brɑː,b r ɑː,,hindukush,,,^ b r ɑː $,default,
sdg-Kinship-sister-1,,sdg,Kinship-sister,beːɳ,beːɳ,b eː ɳ,,hindukush,,,^ b eː ɳ $,default,
sdg-Kinship-olderbrother-1,,sdg,Kinship-olderbrother,gaːnu brɑː,gaːnu_brɑː,g aː n u + b r ɑː,,hindukush,,,^ g aː n u _ b r ɑː $,default,
sdg-Kinship-youngerbrother-1,,sdg,Kinship-youngerbrother,laːwu brɑː,laːwu_brɑː,l aː w u + b r ɑː,,hindukush,,,^ l aː w u _ b r ɑː $,default,
sdg-Kinship-oldersister-1,,sdg,Kinship-oldersister,geːni beːɳ,geːni_beːɳ,g eː n i + b eː ɳ,,hindukush,,,^ g eː n i _ b eː ɳ $,default,
sdg-Kinship-youngersister-1,,sdg,Kinship-youngersister,laːwi beːɳ,laːwi_beːɳ,l aː w i + b eː ɳ,,hindukush,,,^ l aː w i _ b eː ɳ $,default,
sdg-Kinship-fathersfather-1,,sdg,Kinship-fathersfather,gaːna baːbu,gaːna_baːbu,g aː n a + b aː b u,,hindukush,,,^ g aː n a _ b aː b u $,default,
sdg-Kinship-fathersmother-1,,sdg,Kinship-fathersmother,gaːni jeːj,gaːni_jeːj,g aː n i + j eː j,,hindukush,,,^ g aː n i _ j eː j $,default,
sdg-Kinship-mothersfather-1,,sdg,Kinship-mothersfather,gaːnu baːbu,gaːnu_baːbu,g aː n u + b aː b u,,hindukush,,,^ g aː n u _ b aː b u $,default,
sdg-Kinship-mothersmother-1,,sdg,Kinship-mothersmother,gaːni jeːj,gaːni_jeːj,g aː n i + j eː j,,hindukush,,,^ g aː n i _ j eː j $,default,
sdg-Kinship-sonsson-1,,sdg,Kinship-sonsson,nawɑːsu,nawɑːsu,n a w ɑː s u,,hindukush,,,^ n a w ɑː s u $,default,
sdg-Kinship-sonsdaughter-1,,sdg,Kinship-sonsdaughter,nawɑːsi,nawɑːsi,n a w ɑː s i,,hindukush,,,^ n a w ɑː s i $,default,
sdg-Kinship-daughtersson-1,,sdg,Kinship-daughtersson,nawɑːsu,nawɑːsu,n a w ɑː s u,,hindukush,,,^ n a w ɑː s u $,default,
sdg-Kinship-daughtersdaughter-1,,sdg,Kinship-daughtersdaughter,nawɑːsi,nawɑːsi,n a w ɑː s i,,hindukush,,,^ n a w ɑː s i $,default,
sdg-Kinship-fathersbrother-1,,sdg,Kinship-fathersbrother,bowɽi,bowɽi,b o w ɽ i,,hindukush,,,^ b o w ɽ i $,default,
sdg-Kinship-fathersolderbrother-1,,sdg,Kinship-fathersolderbrother,gaːnu bowɽi,gaːnu_bowɽi,g aː n u + b o w ɽ i,,hindukush,,,^ g aː n u _ b o w ɽ i $,default,
sdg-Kinship-fathersyoungerbrother-1,,sdg,Kinship-fathersyoungerbrother,laːwu bowɽi,laːwu_bowɽi,l aː w u + b o w ɽ i,,hindukush,,,^ l aː w u _ b o w ɽ i $,default,
sdg-Kinship-fatherssister-1,,sdg,Kinship-fatherssister,pɑːpi,pɑːpi,p ɑː p i,,hindukush,,,^ p ɑː p i $,default,
sdg-Kinship-fathersoldersister-1,,sdg,Kinship-fathersoldersister,gaːni pɑːpi,gaːni_pɑːpi,g aː n i + p ɑː p i,,hindukush,,,^ g aː n i _ p ɑː p i $,default,
sdg-Kinship-fathersyoungersister-1,,sdg,Kinship-fathersyoungersister,laːwi pɑːpi,laːwi_pɑːpi,l aː w i + p ɑː p i,,hindukush,,,^ l aː w i _ p ɑː p i $,default,
sdg-Kinship-mothersbrother-1,,sdg,Kinship-mothersbrother,mamaː,mamaː,m a m aː,,hindukush,,,^ m a m aː $,default,
sdg-Kinship-mothersolderbrother-1,,sdg,Kinship-mothersolderbrother,gaːnu mamaː,gaːnu_mamaː,g aː n u + m a m aː,,hindukush,,,^ g aː n u _ m a m aː $,default,
sdg-Kinship-mothersyoungerbrother-1,,sdg,Kinship-mothersyoungerbrother,laːwu mamaː,laːwu_mamaː,l aː w u + m a m aː,,hindukush,,,^ l aː w u _ m a m aː $,default,
sdg-Kinship-motherssister-1,,sdg,Kinship-motherssister,mɑːʃi,mɑːʃi,m ɑː ʃ i,,hindukush,,,^ m ɑː ʃ i $,default,
sdg-Kinship-mothersoldersister-1,,sdg,Kinship-mothersoldersister,geːni mɑːʃi,geːni_mɑːʃi,g eː n i + m ɑː ʃ i,,hindukush,,,^ g eː n i _ m ɑː ʃ i $,default,
sdg-Kinship-mothersyoungersister-1,,sdg,Kinship-mothersyoungersister,leːwi mɑːʃi,leːwi_mɑːʃi,l eː w i + m ɑː ʃ i,,hindukush,,,^ l eː w i _ m ɑː ʃ i $,default,
sdg-Kinship-brothersson-1,,sdg,Kinship-brothersson,brɑːwupuɬ,brɑːwupuɬ,b r ɑː w u p u ɬ,,hindukush,,,^ b r ɑː w u p u ɬ $,default,
sdg-Kinship-brothersdaughter-1,,sdg,Kinship-brothersdaughter,brɑːwudiː,brɑːwudiː,b r ɑː w u d iː,,hindukush,,,^ b r ɑː w u d iː $,default,
sdg-Kinship-sistersson-1,,sdg,Kinship-sistersson,beːɳipuɬ,beːɳipuɬ,b eː ɳ i p u ɬ,,hindukush,,,^ b eː ɳ i p u ɬ $,default,
sdg-Kinship-sistersdaughter-1,,sdg,Kinship-sistersdaughter,beːɳidiː,beːɳidiː,b eː ɳ i d iː,,hindukush,,,^ b eː ɳ i d iː $,default,
sdg-Kinship-husband-1,,sdg,Kinship-husband,miʃa,miʃa,m i ʃ a,,hindukush,,,^ m i ʃ a $,default,
sdg-Kinship-wife-1,,sdg,Kinship-wife,ɬeːɽiː,ɬeːɽiː,ɬ eː ɽ iː,,hindukush,,,^ ɬ eː ɽ iː $,default,
sdg-Kinship-fathersolderbrotherswife-1,,sdg,Kinship-fathersolderbrotherswife,bowɽiːje ɬeɽiː,bowɽiːje_ɬeɽiː,b o w ɽ iː j e + ɬ e ɽ iː,,hindukush,,,^ b o w ɽ iː j e _ ɬ e ɽ iː $,default,
sdg-Kinship-fathersyoungerbrotherswife-1,,sdg,Kinship-fathersyoungerbrotherswife,ɬeːɽiː bowɽi,ɬeːɽiː_bowɽi,ɬ eː ɽ iː + b o w ɽ i,,hindukush,,,^ ɬ eː ɽ iː _ b o w ɽ i $,default,
sdg-Kinship-fatherssistershusband-1,,sdg,Kinship-fatherssistershusband,pɑːpi miʃa,pɑːpi_miʃa,p ɑː p i + m i ʃ a,,hindukush,,,^ p ɑː p i _ m i ʃ a $,default,
sdg-Kinship-mothersbrotherswife-1,,sdg,Kinship-mothersbrotherswife,maːmi ɬeɽiː,maːmi_ɬeɽiː,m aː m i + ɬ e ɽ iː,,hindukush,,,^ m aː m i _ ɬ e ɽ iː $,default,
sdg-Kinship-motherssistershusband-1,,sdg,Kinship-motherssistershusband,mɑːʃi miʃa,mɑːʃi_miʃa,m ɑː ʃ i + m i ʃ a,,hindukush,,,^ m ɑː ʃ i _ m i ʃ a $,default,
sdg-Kinship-sonswife-1,,sdg,Kinship-sonswife,buj,buj,b u j,,hindukush,,,^ b u j $,default,
sdg-Kinship-daughtershusband-1,,sdg,Kinship-daughtershusband,d͡ʒamɑːɬu,d͡ʒamɑːɬu,dʒ a m ɑː ɬ u,,hindukush,,,^ d͡ʒ a m ɑː ɬ u $,default,
sdg-Kinship-brotherswifemaleego-1,,sdg,Kinship-brotherswifemaleego,brɑːd͡ʒaj,brɑːd͡ʒaj,b r ɑː dʒ a j,,hindukush,,,^ b r ɑː d͡ʒ a j $,default,
sdg-Kinship-brotherswifefemaleego-1,,sdg,Kinship-brotherswifefemaleego,diri ɬeɽiː,diri_ɬeɽiː,d i r i + ɬ e ɽ iː,,hindukush,,,^ d i r i _ ɬ e ɽ iː $,default,
sdg-Kinship-sistershusbandmaleego-1,,sdg,Kinship-sistershusbandmaleego,awχaj,awχaj,a w χ a j,,hindukush,,,^ a w χ a j $,default,
sdg-Kinship-wifesfather-1,,sdg,Kinship-wifesfather,ʃuːrə,ʃuːrə,ʃ uː r ə,,hindukush,,,^ ʃ uː r ə $,default,
sdg-Kinship-wifesmother-1,,sdg,Kinship-wifesmother,praʂ,praʂ,p r a ʂ,,hindukush,,,^ p r a ʂ $,default,
sdg-Kinship-husbandsfather-1,,sdg,Kinship-husbandsfather,ʃuːrə,ʃuːrə,ʃ uː r ə,,hindukush,,,^ ʃ uː r ə $,default,
sdg-Kinship-husbandsmother-1,,sdg,Kinship-husbandsmother,praʂ,praʂ,p r a ʂ,,hindukush,,,^ p r a ʂ $,default,
sdg-Kinship-husbandsbrother-1,,sdg,Kinship-husbandsbrother,dîrə,dîrə,d î/i r ə,,hindukush,,,^ d î r ə $,default,
sdg-Kinship-husbandssister-1,,sdg,Kinship-husbandssister,d͡ʒɑːmiliː,d͡ʒɑːmiliː,dʒ ɑː m i l iː,,hindukush,,,^ d͡ʒ ɑː m i l iː $,default,
sdg-Kinship-wifesbrother-1,,sdg,Kinship-wifesbrother,awχaj,awχaj,a w χ a j,,hindukush,,,^ a w χ a j $,default,
sdg-Kinship-wifessister-1,,sdg,Kinship-wifessister,sarɑːɳi,sarɑːɳi,s a r ɑː ɳ i,,hindukush,,,^ s a r ɑː ɳ i $,default,
sdg-Kinship-husbandsbrotherswife-1,,sdg,Kinship-husbandsbrotherswife,diri ɬeɽiː,diri_ɬeɽiː,d i r i + ɬ e ɽ iː,,hindukush,,,^ d i r i _ ɬ e ɽ iː $,default,
sdg-Kinship-husbandssistershusband-1,,sdg,Kinship-husbandssistershusband,d͡ʒamɑːɬiː,d͡ʒamɑːɬiː,dʒ a m ɑː ɬ iː,,hindukush,,,^ d͡ʒ a m ɑː ɬ iː $,default,
sdg-Kinship-wifesbrotherswife-1,,sdg,Kinship-wifesbrotherswife,awχaji ɬeɽiː,awχaji_ɬeɽiː,a w χ a j i + ɬ e ɽ iː,,hindukush,,,^ a w χ a j i _ ɬ e ɽ iː $,default,
sdg-Kinship-wifessistershusband-1,,sdg,Kinship-wifessistershusband,sarɑːɳije miʃ,sarɑːɳije_miʃ,s a r ɑː ɳ i j e + m i ʃ,,hindukush,,,^ s a r ɑː ɳ i j e _ m i ʃ $,default,
sdg-Kinship-cowife-1,,sdg,Kinship-cowife,deːrɑːn,deːrɑːn,d eː r ɑː n,,hindukush,,,^ d eː r ɑː n $,default,
sdg-Kinship-sonswifesfather-1,,sdg,Kinship-sonswifesfather,puɬi ʃuːrə,puɬi_ʃuːrə,p u ɬ i + ʃ uː r ə,,hindukush,,,^ p u ɬ i _ ʃ uː r ə $,default,
sdg-Kinship-sonswifesmother-1,,sdg,Kinship-sonswifesmother,puɬi praʂ,puɬi_praʂ,p u ɬ i + p r a ʂ,,hindukush,,,^ p u ɬ i _ p r a ʂ $,default,
sdg-Kinship-daughtershusbandsfather-1,,sdg,Kinship-daughtershusbandsfather,diːje ʃuːrə,diːje_ʃuːrə,d iː j e + ʃ uː r ə,,hindukush,,,^ d iː j e _ ʃ uː r ə $,default,
sdg-Kinship-daughtershusbandsmother-1,,sdg,Kinship-daughtershusbandsmother,diːje praʂ,diːje_praʂ,d iː j e + p r a ʂ,,hindukush,,,^ d iː j e _ p r a ʂ $,default,
sdg-Kinship-stepsisternosharedparent-1,,sdg,Kinship-stepsisternosharedparent,palandariː beːɳ,palandariː_beːɳ,p a l a n d a r iː + b eː ɳ,,hindukush,,,^ p a l a n d a r iː _ b eː ɳ $,default,
sdg-Kinship-stepbrothernosharedparent-1,,sdg,Kinship-stepbrothernosharedparent,barkaʈaj brɑː,barkaʈaj_brɑː,b a r k a ʈ a j + b r ɑː,,hindukush,,,^ b a r k a ʈ a j _ b r ɑː $,default,
sdg-Kinship-stepmother-1,,sdg,Kinship-stepmother,pʰaraːki jeːj,pʰaraːki_jeːj,pʰ a r aː k i + j eː j,,hindukush,,,^ pʰ a r aː k i _ j eː j $,default,
sdg-Kinship-stepfather-1,,sdg,Kinship-stepfather,barkaʈaj brɑː,barkaʈaj_brɑː,b a r k a ʈ a j + b r ɑː,,hindukush,,,^ b a r k a ʈ a j _ b r ɑː $,default,
sdg-Kinship-stepson-1,,sdg,Kinship-stepson,barkaʈaj,barkaʈaj,b a r k a ʈ a j,,hindukush,,,^ b a r k a ʈ a j $,default,
sdg-Kinship-stepdaughter-1,,sdg,Kinship-stepdaughter,barkaʈaj,barkaʈaj,b a r k a ʈ a j,,hindukush,,,^ b a r k a ʈ a j $,default,
sdg-Kinship-fathersfathersfather-1,,sdg,Kinship-fathersfathersfather,ɖaːwu ganabaːbu,ɖaːwu_ganabaːbu,ɖ aː w u + g a n a b aː b u,,hindukush,,,^ ɖ aː w u _ g a n a b aː b u $,default,
sdg-Kinship-mothersmothersmother-1,,sdg,Kinship-mothersmothersmother,ganijaː,ganijaː,g a n i j aː,,hindukush,,,^ g a n i j aː $,default,
sdg-Kinship-forefather-1,,sdg,Kinship-forefather,baːbu gaɳiː,baːbu_gaɳiː,b aː b u + g a ɳ iː,,hindukush,,,^ b aː b u _ g a ɳ iː $,default,
sdg-Kinship-foremother-1,,sdg,Kinship-foremother,jeːj gaɳiː,jeːj_gaɳiː,j eː j + g a ɳ iː,,hindukush,,,^ j eː j _ g a ɳ iː $,default,
sdg-Kinship-fathersbrothersson-1,,sdg,Kinship-fathersbrothersson,bowɽije puɬ,bowɽije_puɬ,b o w ɽ i j e + p u ɬ,,hindukush,,,^ b o w ɽ i j e _ p u ɬ $,default,
sdg-Kinship-fathersbrothersdaughter-1,,sdg,Kinship-fathersbrothersdaughter,bowɽije diː,bowɽije_diː,b o w ɽ i j e + d iː,,hindukush,,,^ b o w ɽ i j e _ d iː $,default,
sdg-Kinship-fatherssistersson-1,,sdg,Kinship-fatherssistersson,pɑːpi puɬ,pɑːpi_puɬ,p ɑː p i + p u ɬ,,hindukush,,,^ p ɑː p i _ p u ɬ $,default,
sdg-Kinship-fatherssistersdaughter-1,,sdg,Kinship-fatherssistersdaughter,pɑːpi diː,pɑːpi_diː,p ɑː p i + d iː,,hindukush,,,^ p ɑː p i _ d iː $,default,
sdg-Kinship-mothersbrothersson-1,,sdg,Kinship-mothersbrothersson,maːmi puɬ,maːmi_puɬ,m aː m i + p u ɬ,,hindukush,,,^ m aː m i _ p u ɬ $,default,
sdg-Kinship-mothersbrothersdaughter-1,,sdg,Kinship-mothersbrothersdaughter,maːmi diː,maːmi_diː,m aː m i + d iː,,hindukush,,,^ m aː m i _ d iː $,default,
sdg-Kinship-motherssistersson-1,,sdg,Kinship-motherssistersson,mɑːʃi puɬ,mɑːʃi_puɬ,m ɑː ʃ i + p u ɬ,,hindukush,,,^ m ɑː ʃ i _ p u ɬ $,default,
sdg-Kinship-motherssistersdaughter-1,,sdg,Kinship-motherssistersdaughter,mɑːʃi diː,mɑːʃi_diː,m ɑː ʃ i + d iː,,hindukush,,,^ m ɑː ʃ i _ d iː $,default,
sdg-Kinship-relative-1,,sdg,Kinship-relative,tɑːnuwɑːra,tɑːnuwɑːra,t ɑː n u w ɑː r a,,hindukush,,,^ t ɑː n u w ɑː r a $,default,
sdg-Kinship-affinalrelative-1,,sdg,Kinship-affinalrelative,χeːχɑːɳa,χeːχɑːɳa,χ eː χ ɑː ɳ a,,hindukush,,,^ χ eː χ ɑː ɳ a $,default,
sdg-Kinship-bloodrelative-1,,sdg,Kinship-bloodrelative,neːɽi doːstɑːɳa,neːɽi_doːstɑːɳa,n eː ɽ i + d oː s t ɑː ɳ a,,hindukush,,,^ n eː ɽ i _ d oː s t ɑː ɳ a $,default,
sdg-Kinship-wifesrelatives-1,,sdg,Kinship-wifesrelatives,ʃuːrdɑːriː,ʃuːrdɑːriː,ʃ uː r d ɑː r iː,,hindukush,,,^ ʃ uː r d ɑː r iː $,default,
sdg-Kinship-headofhousehold-1,,sdg,Kinship-headofhousehold,goːʃɑːn ganeːroː,goːʃɑːn_ganeːroː,g oː ʃ ɑː n + g a n eː r oː,,hindukush,,,^ g oː ʃ ɑː n _ g a n eː r oː $,default,
sdg-Kinship-headofclan-1,,sdg,Kinship-headofclan,qɑːmɑː ganeːroː,qɑːmɑː_ganeːroː,q ɑː m ɑː + g a n eː r oː,,hindukush,,,^ q ɑː m ɑː _ g a n eː r oː $,default,
sdg-Kinship-headoftribe-1,,sdg,Kinship-headoftribe,ʈabar,ʈabar,ʈ a b a r,,hindukush,,,^ ʈ a b a r $,default,
sdg-Kinship-halfsistersamefatherdifferentmother-1,,sdg,Kinship-halfsistersamefatherdifferentmother,baːbi diː,baːbi_diː,b aː b i + d iː,,hindukush,,,^ b aː b i _ d iː $,default,
sdg-Kinship-halfbrothersamefatherdifferentmother-1,,sdg,Kinship-halfbrothersamefatherdifferentmother,baːbi puɬ,baːbi_puɬ,b aː b i + p u ɬ,,hindukush,,,^ b aː b i _ p u ɬ $,default,
sdg-Kinship-halfsistersamemotherdifferentfather-1,,sdg,Kinship-halfsistersamemotherdifferentfather,jeːje diː,jeːje_diː,j eː j e + d iː,,hindukush,,,^ j eː j e _ d iː $,default,
sdg-Kinship-halfbrothersamemotherdifferentfather-1,,sdg,Kinship-halfbrothersamemotherdifferentfather,jeːje puɬ,jeːje_puɬ,j eː j e + p u ɬ,,hindukush,,,^ j eː j e _ p u ɬ $,default,
scl_p-Kinship-father-1,,scl_p,Kinship-father,"baːbo, maːlo, bap",baːbo,b aː b o,,hindukush,,,^ b aː b o $,default,
scl_p-Kinship-father-2,,scl_p,Kinship-father,"baːbo, maːlo, bap",maːlo,m aː l o,,hindukush,,,^ m aː l o $,default,
scl_p-Kinship-father-3,,scl_p,Kinship-father,"baːbo, maːlo, bap",bap,b a p,,hindukush,,,^ b a p $,default,
scl_p-Kinship-mother-1,,scl_p,Kinship-mother,"aːd͡ʒi, maː",aːd͡ʒi,aː dʒ i,,hindukush,,,^ aː d͡ʒ i $,default,
scl_p-Kinship-mother-2,,scl_p,Kinship-mother,"aːd͡ʒi, maː",maː,m aː,,hindukush,,,^ m aː $,default,
scl_p-Kinship-parent-1,,scl_p,Kinship-parent,mamaːle,mamaːle,m a m aː l e,,hindukush,,,^ m a m aː l e $,default,
scl_p-Kinship-son-1,,scl_p,Kinship-son,poʈ͡ʂ,poʈ͡ʂ,p o ʈʂ,,hindukush,,,^ p o ʈ͡ʂ $,default,
scl_p-Kinship-daughter-1,,scl_p,Kinship-daughter,diː,diː,d iː,,hindukush,,,^ d iː $,default,
scl_p-Kinship-ownchild-1,,scl_p,Kinship-ownchild,baːl,baːl,b aː l,,hindukush,,,^ b aː l $,default,
scl_p-Kinship-brother-1,,scl_p,Kinship-brother,ʐaː,ʐaː,ʐ aː,,hindukush,,,^ ʐ aː $,default,
scl_p-Kinship-sister-1,,scl_p,Kinship-sister,sa,sa,s a,,hindukush,,,^ s a $,default,
scl_p-Kinship-olderbrother-1,,scl_p,Kinship-olderbrother,kakaː,kakaː,k a k aː,,hindukush,,,^ k a k aː $,default,
scl_p-Kinship-youngerbrother-1,,scl_p,Kinship-youngerbrother,nimeːlo,nimeːlo,n i m eː l o,,hindukush,,,^ n i m eː l o $,default,
scl_p-Kinship-oldersister-1,,scl_p,Kinship-oldersister,baɽi kaːki,baɽi_kaːki,b a ɽ i + k aː k i,,hindukush,,,^ b a ɽ i _ k aː k i $,default,
scl_p-Kinship-youngersister-1,,scl_p,Kinship-youngersister,t͡ʃuni sa,t͡ʃuni_sa,tʃ u n i + s a,,hindukush,,,^ t͡ʃ u n i _ s a $,default,
scl_p-Kinship-fathersfather-1,,scl_p,Kinship-fathersfather,daːdo,daːdo,d aː d o,,hindukush,,,^ d aː d o $,default,
scl_p-Kinship-fathersmother-1,,scl_p,Kinship-fathersmother,dadiː,dadiː,d a d iː,,hindukush,,,^ d a d iː $,default,
scl_p-Kinship-mothersfather-1,,scl_p,Kinship-mothersfather,daːdo,daːdo,d aː d o,,hindukush,,,^ d aː d o $,default,
scl_p-Kinship-mothersmother-1,,scl_p,Kinship-mothersmother,dadiː,dadiː,d a d iː,,hindukush,,,^ d a d iː $,default,
scl_p-Kinship-sonsson-1,,scl_p,Kinship-sonsson,poːʈ͡ʂo,poːʈ͡ʂo,p oː ʈʂ o,,hindukush,,,^ p oː ʈ͡ʂ o $,default,
scl_p-Kinship-sonsdaughter-1,,scl_p,Kinship-sonsdaughter,poːʈ͡ʂi,poːʈ͡ʂi,p oː ʈʂ i,,hindukush,,,^ p oː ʈ͡ʂ i $,default,
scl_p-Kinship-daughtersson-1,,scl_p,Kinship-daughtersson,poːʈ͡ʂo,poːʈ͡ʂo,p oː ʈʂ o,,hindukush,,,^ p oː ʈ͡ʂ o $,default,
scl_p-Kinship-daughtersdaughter-1,,scl_p,Kinship-daughtersdaughter,poːʈ͡ʂi,poːʈ͡ʂi,p oː ʈʂ i,,hindukush,,,^ p oː ʈ͡ʂ i $,default,
scl_p-Kinship-fathersbrother-1,,scl_p,Kinship-fathersbrother,piʈ͡ʂaː,piʈ͡ʂaː,p i ʈʂ aː,,hindukush,,,^ p i ʈ͡ʂ aː $,default,
scl_p-Kinship-fathersolderbrother-1,,scl_p,Kinship-fathersolderbrother,baɽobap,baɽobap,b a ɽ o b a p,,hindukush,,,^ b a ɽ o b a p $,default,
scl_p-Kinship-fathersyoungerbrother-1,,scl_p,Kinship-fathersyoungerbrother,t͡ʃunbap,t͡ʃunbap,tʃ u n b a p,,hindukush,,,^ t͡ʃ u n b a p $,default,
scl_p-Kinship-fatherssister-1,,scl_p,Kinship-fatherssister,pʰapiː,pʰapiː,pʰ a p iː,,hindukush,,,^ pʰ a p iː $,default,
scl_p-Kinship-fathersoldersister-1,,scl_p,Kinship-fathersoldersister,baɽi pʰapiː,baɽi_pʰapiː,b a ɽ i + pʰ a p iː,,hindukush,,,^ b a ɽ i _ pʰ a p iː $,default,
scl_p-Kinship-fathersyoungersister-1,,scl_p,Kinship-fathersyoungersister,t͡ʃuni pʰapiː,t͡ʃuni_pʰapiː,tʃ u n i + pʰ a p iː,,hindukush,,,^ t͡ʃ u n i _ pʰ a p iː $,default,
scl_p-Kinship-mothersbrother-1,,scl_p,Kinship-mothersbrother,maːm,maːm,m aː m,,hindukush,,,^ m aː m $,default,
scl_p-Kinship-mothersolderbrother-1,,scl_p,Kinship-mothersolderbrother,maːmiː,maːmiː,m aː m iː,,hindukush,,,^ m aː m iː $,default,
scl_p-Kinship-mothersyoungerbrother-1,,scl_p,Kinship-mothersyoungerbrother,t͡ʃuno maːmo,t͡ʃuno_maːmo,tʃ u n o + m aː m o,,hindukush,,,^ t͡ʃ u n o _ m aː m o $,default,
scl_p-Kinship-mothersoldersister-1,,scl_p,Kinship-mothersoldersister,baɽi aːd͡ʒe,baɽi_aːd͡ʒe,b a ɽ i + aː dʒ e,,hindukush,,,^ b a ɽ i _ aː d͡ʒ e $,default,
scl_p-Kinship-mothersyoungersister-1,,scl_p,Kinship-mothersyoungersister,t͡ʃuni aːd͡ʒe,t͡ʃuni_aːd͡ʒe,tʃ u n i + aː dʒ e,,hindukush,,,^ t͡ʃ u n i _ aː d͡ʒ e $,default,
scl_p-Kinship-brothersson-1,,scl_p,Kinship-brothersson,puʈ͡ʂ,puʈ͡ʂ,p u ʈʂ,,hindukush,,,^ p u ʈ͡ʂ $,default,
scl_p-Kinship-brothersdaughter-1,,scl_p,Kinship-brothersdaughter,diː,diː,d iː,,hindukush,,,^ d iː $,default,
scl_p-Kinship-sistersson-1,,scl_p,Kinship-sistersson,sawowo,sawowo,s a w o w o,,hindukush,,,^ s a w o w o $,default,
scl_p-Kinship-sistersdaughter-1,,scl_p,Kinship-sistersdaughter,sawoj,sawoj,s a w o j,,hindukush,,,^ s a w o j $,default,
scl_p-Kinship-husband-1,,scl_p,Kinship-husband,"d͡ʒaro, muʃaː",d͡ʒaro,dʒ a r o,,hindukush,,,^ d͡ʒ a r o $,default,
scl_p-Kinship-husband-2,,scl_p,Kinship-husband,"d͡ʒaro, muʃaː",muʃaː,m u ʃ aː,,hindukush,,,^ m u ʃ aː $,default,
scl_p-Kinship-wife-1,,scl_p,Kinship-wife,"d͡ʒari, t͡ʃaj",d͡ʒari,dʒ a r i,,hindukush,,,^ d͡ʒ a r i $,default,
scl_p-Kinship-wife-2,,scl_p,Kinship-wife,"d͡ʒari, t͡ʃaj",t͡ʃaj,tʃ a j,,hindukush,,,^ t͡ʃ a j $,default,
scl_p-Kinship-fathersolderbrotherswife-1,,scl_p,Kinship-fathersolderbrotherswife,baɽi aːd͡ʒe,baɽi_aːd͡ʒe,b a ɽ i + aː dʒ e,,hindukush,,,^ b a ɽ i _ aː d͡ʒ e $,default,
scl_p-Kinship-fathersyoungerbrotherswife-1,,scl_p,Kinship-fathersyoungerbrotherswife,t͡ʃuni aːd͡ʒe,t͡ʃuni_aːd͡ʒe,tʃ u n i + aː dʒ e,,hindukush,,,^ t͡ʃ u n i _ aː d͡ʒ e $,default,
scl_p-Kinship-mothersbrotherswife-1,,scl_p,Kinship-mothersbrotherswife,maːmiː,maːmiː,m aː m iː,,hindukush,,,^ m aː m iː $,default,
scl_p-Kinship-motherssistershusband-1,,scl_p,Kinship-motherssistershusband,χaːluː,χaːluː,χ aː l uː,,hindukush,,,^ χ aː l uː $,default,
scl_p-Kinship-sonswife-1,,scl_p,Kinship-sonswife,nuːʂ,nuːʂ,n uː ʂ,,hindukush,,,^ n uː ʂ $,default,
scl_p-Kinship-daughtershusband-1,,scl_p,Kinship-daughtershusband,d͡ʒamaʈ͡ʂoː,d͡ʒamaʈ͡ʂoː,dʒ a m a ʈʂ oː,,hindukush,,,^ d͡ʒ a m a ʈ͡ʂ oː $,default,
scl_p-Kinship-brotherswifemaleego-1,,scl_p,Kinship-brotherswifemaleego,d͡ʒaʐeː,d͡ʒaʐeː,dʒ a ʐ eː,,hindukush,,,^ d͡ʒ a ʐ eː $,default,
scl_p-Kinship-brotherswifefemaleego-1,,scl_p,Kinship-brotherswifefemaleego,d͡ʒaʐeː,d͡ʒaʐeː,dʒ a ʐ eː,,hindukush,,,^ d͡ʒ a ʐ eː $,default,
scl_p-Kinship-sistershusbandmaleego-1,,scl_p,Kinship-sistershusbandmaleego,ʃariː,ʃariː,ʃ a r iː,,hindukush,,,^ ʃ a r iː $,default,
scl_p-Kinship-sistershusbandfemaleego-1,,scl_p,Kinship-sistershusbandfemaleego,ʃariː,ʃariː,ʃ a r iː,,hindukush,,,^ ʃ a r iː $,default,
scl_p-Kinship-wifesfather-1,,scl_p,Kinship-wifesfather,ʃawr,ʃawr,ʃ a w r,,hindukush,,,^ ʃ a w r $,default,
scl_p-Kinship-wifesmother-1,,scl_p,Kinship-wifesmother,ʃaʂ,ʃaʂ,ʃ a ʂ,,hindukush,,,^ ʃ a ʂ $,default,
scl_p-Kinship-husbandsfather-1,,scl_p,Kinship-husbandsfather,ʃawr,ʃawr,ʃ a w r,,hindukush,,,^ ʃ a w r $,default,
scl_p-Kinship-husbandsmother-1,,scl_p,Kinship-husbandsmother,ʃaʂ,ʃaʂ,ʃ a ʂ,,hindukush,,,^ ʃ a ʂ $,default,
scl_p-Kinship-wifesbrother-1,,scl_p,Kinship-wifesbrother,saːla,saːla,s aː l a,,hindukush,,,^ s aː l a $,default,
scl_p-Kinship-wifessister-1,,scl_p,Kinship-wifessister,saroːni,saroːni,s a r oː n i,,hindukush,,,^ s a r oː n i $,default,
scl_p-Kinship-husbandsbrotherswife-1,,scl_p,Kinship-husbandsbrotherswife,poːli t͡ʃaj,poːli_t͡ʃaj,p oː l i + tʃ a j,,hindukush,,,^ p oː l i _ t͡ʃ a j $,default,
scl_p-Kinship-husbandssistershusband-1,,scl_p,Kinship-husbandssistershusband,kaːko,kaːko,k aː k o,,hindukush,,,^ k aː k o $,default,
scl_p-Kinship-wifesbrotherswife-1,,scl_p,Kinship-wifesbrotherswife,baːbi,baːbi,b aː b i,,hindukush,,,^ b aː b i $,default,
scl_p-Kinship-wifessistershusband-1,,scl_p,Kinship-wifessistershusband,saːnɖu,saːnɖu,s aː n ɖ u,,hindukush,,,^ s aː n ɖ u $,default,
scl_p-Kinship-cowife-1,,scl_p,Kinship-cowife,poːli t͡ʃaj,poːli_t͡ʃaj,p oː l i + tʃ a j,,hindukush,,,^ p oː l i _ t͡ʃ a j $,default,
scl_p-Kinship-sonswifesfather-1,,scl_p,Kinship-sonswifesfather,bilaj,bilaj,b i l a j,,hindukush,,,^ b i l a j $,default,
scl_p-Kinship-sonswifesmother-1,,scl_p,Kinship-sonswifesmother,bilaj,bilaj,b i l a j,,hindukush,,,^ b i l a j $,default,
scl_p-Kinship-daughtershusbandsfather-1,,scl_p,Kinship-daughtershusbandsfather,bilaj,bilaj,b i l a j,,hindukush,,,^ b i l a j $,default,
scl_p-Kinship-daughtershusbandsmother-1,,scl_p,Kinship-daughtershusbandsmother,bilaj,bilaj,b i l a j,,hindukush,,,^ b i l a j $,default,
scl_p-Kinship-stepsisternosharedparent-1,,scl_p,Kinship-stepsisternosharedparent,unili sa,unili_sa,u n i l i + s a,,hindukush,,,^ u n i l i _ s a $,default,
scl_p-Kinship-stepbrothernosharedparent-1,,scl_p,Kinship-stepbrothernosharedparent,unilo ʐaː,unilo_ʐaː,u n i l o + ʐ aː,,hindukush,,,^ u n i l o _ ʐ aː $,default,
scl_p-Kinship-stepmother-1,,scl_p,Kinship-stepmother,unili maː,unili_maː,u n i l i + m aː,,hindukush,,,^ u n i l i _ m aː $,default,
scl_p-Kinship-stepfather-1,,scl_p,Kinship-stepfather,unilo maːlo,unilo_maːlo,u n i l o + m aː l o,,hindukush,,,^ u n i l o _ m aː l o $,default,
scl_p-Kinship-stepson-1,,scl_p,Kinship-stepson,maː ek poʈ͡ʂ,maː_ek_poʈ͡ʂ,m aː + e k + p o ʈʂ,,hindukush,,,^ m aː _ e k _ p o ʈ͡ʂ $,default,
scl_p-Kinship-stepdaughter-1,,scl_p,Kinship-stepdaughter,maː ek diː,maː_ek_diː,m aː + e k + d iː,,hindukush,,,^ m aː _ e k _ d iː $,default,
scl_p-Kinship-fathersfathersfather-1,,scl_p,Kinship-fathersfathersfather,par daːdo,par_daːdo,p a r + d aː d o,,hindukush,,,^ p a r _ d aː d o $,default,
scl_p-Kinship-mothersmothersmother-1,,scl_p,Kinship-mothersmothersmother,par dadiː,par_dadiː,p a r + d a d iː,,hindukush,,,^ p a r _ d a d iː $,default,
scl_p-Kinship-forefather-1,,scl_p,Kinship-forefather,daːda maːle,daːda_maːle,d aː d a + m aː l e,,hindukush,,,^ d aː d a _ m aː l e $,default,
scl_p-Kinship-fatherssistersson-1,,scl_p,Kinship-fatherssistersson,pʰapiː poʈ͡ʂ,pʰapiː_poʈ͡ʂ,pʰ a p iː + p o ʈʂ,,hindukush,,,^ pʰ a p iː _ p o ʈ͡ʂ $,default,
scl_p-Kinship-fatherssistersdaughter-1,,scl_p,Kinship-fatherssistersdaughter,pʰapiː diː,pʰapiː_diː,pʰ a p iː + d iː,,hindukush,,,^ pʰ a p iː _ d iː $,default,
scl_p-Kinship-mothersbrothersson-1,,scl_p,Kinship-mothersbrothersson,maːmaj poʈ͡ʂ,maːmaj_poʈ͡ʂ,m aː m a j + p o ʈʂ,,hindukush,,,^ m aː m a j _ p o ʈ͡ʂ $,default,
scl_p-Kinship-mothersbrothersdaughter-1,,scl_p,Kinship-mothersbrothersdaughter,maːmaj diː,maːmaj_diː,m aː m a j + d iː,,hindukush,,,^ m aː m a j _ d iː $,default,
scl_p-Kinship-motherssistersson-1,,scl_p,Kinship-motherssistersson,t͡ʃuniad͡ʒaj poʈ͡ʂ,t͡ʃuniad͡ʒaj_poʈ͡ʂ,tʃ u n i a dʒ a j + p o ʈʂ,,hindukush,,,^ t͡ʃ u n ia d͡ʒ a j _ p o ʈ͡ʂ $,default,
scl_p-Kinship-motherssistersdaughter-1,,scl_p,Kinship-motherssistersdaughter,t͡ʃuniad͡ʒaj diː,t͡ʃuniad͡ʒaj_diː,tʃ u n i a dʒ a j + d iː,,hindukush,,,^ t͡ʃ u n ia d͡ʒ a j _ d iː $,default,
scl_p-Kinship-relative-1,,scl_p,Kinship-relative,kaːm,kaːm,k aː m,,hindukush,,,^ k aː m $,default,
scl_p-Kinship-bloodrelative-1,,scl_p,Kinship-bloodrelative,hid͡ʒa kaːm,hid͡ʒa_kaːm,h i dʒ a + k aː m,,hindukush,,,^ h i d͡ʒ a _ k aː m $,default,
scl_p-Kinship-wifesrelatives-1,,scl_p,Kinship-wifesrelatives,ʃaworeː,ʃaworeː,ʃ a w o r eː,,hindukush,,,^ ʃ a w o r eː $,default,
scl_p-Kinship-headofhousehold-1,,scl_p,Kinship-headofhousehold,mapʰeːr,mapʰeːr,m a pʰ eː r,,hindukush,,,^ m a pʰ eː r $,default,
scl_p-Kinship-headofclan-1,,scl_p,Kinship-headofclan,astakaːl,astakaːl,a s t a k aː l,,hindukush,,,^ a s t a k aː l $,default,
scl_p-Kinship-headoftribe-1,,scl_p,Kinship-headoftribe,astakaːl,astakaːl,a s t a k aː l,,hindukush,,,^ a s t a k aː l $,default,
scl_p-Kinship-halfbrothersamefatherdifferentmother-1,,scl_p,Kinship-halfbrothersamefatherdifferentmother,maːlo ek ʐaː,maːlo_ek_ʐaː,m aː l o + e k + ʐ aː,,hindukush,,,^ m aː l o _ e k _ ʐ aː $,default,
scl_p-Kinship-halfsistersamemotherdifferentfather-1,,scl_p,Kinship-halfsistersamemotherdifferentfather,maː ek sa,maː_ek_sa,m aː + e k + s a,,hindukush,,,^ m aː _ e k _ s a $,default,
scl_i-Kinship-father-1,,scl_i,Kinship-father,maːlu̥,maːlu̥,m aː l u̥,,hindukush,,,^ m aː l u̥ $,default,
scl_i-Kinship-mother-1,,scl_i,Kinship-mother,maː,maː,m aː,,hindukush,,,^ m aː $,default,
scl_i-Kinship-parent-1,,scl_i,Kinship-parent,maː maːlu̥,maː_maːlu̥,m aː + m aː l u̥,,hindukush,,,^ m aː _ m aː l u̥ $,default,
scl_i-Kinship-son-1,,scl_i,Kinship-son,baːl,baːl,b aː l,,hindukush,,,^ b aː l $,default,
scl_i-Kinship-daughter-1,,scl_i,Kinship-daughter,mulaj,mulaj,m u l a j,,hindukush,,,^ m u l a j $,default,
scl_i-Kinship-ownchild-1,,scl_i,Kinship-ownchild,toːmu t͡ʃuːɳu̥,toːmu_t͡ʃuːɳu̥,t oː m u + tʃ uː ɳ u̥,,hindukush,,,^ t oː m u _ t͡ʃ uː ɳ u̥ $,default,
scl_i-Kinship-brother-1,,scl_i,Kinship-brother,ɖ͡ʐaː,ɖ͡ʐaː,ɖʐ aː,,hindukush,,,^ ɖ͡ʐ aː $,default,
scl_i-Kinship-sister-1,,scl_i,Kinship-sister,sas,sas,s a s,,hindukush,,,^ s a s $,default,
scl_i-Kinship-olderbrother-1,,scl_i,Kinship-olderbrother,baɽuː ɖ͡ʐaː,baɽuː_ɖ͡ʐaː,b a ɽ uː + ɖʐ aː,,hindukush,,,^ b a ɽ uː _ ɖ͡ʐ aː $,default,
scl_i-Kinship-youngerbrother-1,,scl_i,Kinship-youngerbrother,t͡ʃuɽũː ɖ͡ʐaː,t͡ʃuɽũː_ɖ͡ʐaː,tʃ u ɽ ũː + ɖʐ aː,,hindukush,,,^ t͡ʃ u ɽ ũː _ ɖ͡ʐ aː $,default,
scl_i-Kinship-oldersister-1,,scl_i,Kinship-oldersister,baɽiː sas,baɽiː_sas,b a ɽ iː + s a s,,hindukush,,,^ b a ɽ iː _ s a s $,default,
scl_i-Kinship-youngersister-1,,scl_i,Kinship-youngersister,t͡ʃuɽĩː sas,t͡ʃuɽĩː_sas,tʃ u ɽ ĩː + s a s,,hindukush,,,^ t͡ʃ u ɽ ĩː _ s a s $,default,
scl_i-Kinship-fathersfather-1,,scl_i,Kinship-fathersfather,daːdu̥,daːdu̥,d aː d u̥,,hindukush,,,^ d aː d u̥ $,default,
scl_i-Kinship-fathersmother-1,,scl_i,Kinship-fathersmother,dadiː,dadiː,d a d iː,,hindukush,,,^ d a d iː $,default,
scl_i-Kinship-mothersfather-1,,scl_i,Kinship-mothersfather,daːdu̥,daːdu̥,d aː d u̥,,hindukush,,,^ d aː d u̥ $,default,
scl_i-Kinship-mothersmother-1,,scl_i,Kinship-mothersmother,dadiː,dadiː,d a d iː,,hindukush,,,^ d a d iː $,default,
scl_i-Kinship-sonsson-1,,scl_i,Kinship-sonsson,poːʈ͡ʂu̥,poːʈ͡ʂu̥,p oː ʈʂ u̥,,hindukush,,,^ p oː ʈ͡ʂ u̥ $,default,
scl_i-Kinship-sonsdaughter-1,,scl_i,Kinship-sonsdaughter,poːʈ͡ʂi̥,poːʈ͡ʂi̥,p oː ʈʂ i̥,,hindukush,,,^ p oː ʈ͡ʂ i̥ $,default,
scl_i-Kinship-daughtersson-1,,scl_i,Kinship-daughtersson,poːʈ͡ʂu̥,poːʈ͡ʂu̥,p oː ʈʂ u̥,,hindukush,,,^ p oː ʈ͡ʂ u̥ $,default,
scl_i-Kinship-daughtersdaughter-1,,scl_i,Kinship-daughtersdaughter,poːʈ͡ʂi̥,poːʈ͡ʂi̥,p oː ʈʂ i̥,,hindukush,,,^ p oː ʈ͡ʂ i̥ $,default,
scl_i-Kinship-fathersbrother-1,,scl_i,Kinship-fathersbrother,babaː,babaː,b a b aː,,hindukush,,,^ b a b aː $,default,
scl_i-Kinship-fathersolderbrother-1,,scl_i,Kinship-fathersolderbrother,baɽuː piʈ͡ʂiː,baɽuː_piʈ͡ʂiː,b a ɽ uː + p i ʈʂ iː,,hindukush,,,^ b a ɽ uː _ p i ʈ͡ʂ iː $,default,
scl_i-Kinship-fathersyoungerbrother-1,,scl_i,Kinship-fathersyoungerbrother,t͡ʃuɽũː piʈ͡ʂiː,t͡ʃuɽũː_piʈ͡ʂiː,tʃ u ɽ ũː + p i ʈʂ iː,,hindukush,,,^ t͡ʃ u ɽ ũː _ p i ʈ͡ʂ iː $,default,
scl_i-Kinship-fatherssister-1,,scl_i,Kinship-fatherssister,pʰiːpʰi̥,pʰiːpʰi̥,pʰ iː pʰ i̥,,hindukush,,,^ pʰ iː pʰ i̥ $,default,
scl_i-Kinship-fathersoldersister-1,,scl_i,Kinship-fathersoldersister,baɽiː pʰiːpʰi̥,baɽiː_pʰiːpʰi̥,b a ɽ iː + pʰ iː pʰ i̥,,hindukush,,,^ b a ɽ iː _ pʰ iː pʰ i̥ $,default,
scl_i-Kinship-fathersyoungersister-1,,scl_i,Kinship-fathersyoungersister,t͡ʃuɽĩː pʰiːpʰi̥,t͡ʃuɽĩː_pʰiːpʰi̥,tʃ u ɽ ĩː + pʰ iː pʰ i̥,,hindukush,,,^ t͡ʃ u ɽ ĩː _ pʰ iː pʰ i̥ $,default,
scl_i-Kinship-mothersbrother-1,,scl_i,Kinship-mothersbrother,muːmũ̥,muːmũ̥,m uː m ũ̥,,hindukush,,,^ m uː m ũ̥ $,default,
scl_i-Kinship-mothersolderbrother-1,,scl_i,Kinship-mothersolderbrother,baɽuː muːmũ̥,baɽuː_muːmũ̥,b a ɽ uː + m uː m ũ̥,,hindukush,,,^ b a ɽ uː _ m uː m ũ̥ $,default,
scl_i-Kinship-mothersyoungerbrother-1,,scl_i,Kinship-mothersyoungerbrother,t͡ʃuɽũː muːmũ̥,t͡ʃuɽũː_muːmũ̥,tʃ u ɽ ũː + m uː m ũ̥,,hindukush,,,^ t͡ʃ u ɽ ũː _ m uː m ũ̥ $,default,
scl_i-Kinship-motherssister-1,,scl_i,Kinship-motherssister,maːsi̥,maːsi̥,m aː s i̥,,hindukush,,,^ m aː s i̥ $,default,
scl_i-Kinship-mothersoldersister-1,,scl_i,Kinship-mothersoldersister,baɽiː maːsi̥,baɽiː_maːsi̥,b a ɽ iː + m aː s i̥,,hindukush,,,^ b a ɽ iː _ m aː s i̥ $,default,
scl_i-Kinship-mothersyoungersister-1,,scl_i,Kinship-mothersyoungersister,t͡ʃuɽĩː maːsi̥,t͡ʃuɽĩː_maːsi̥,tʃ u ɽ ĩː + m aː s i̥,,hindukush,,,^ t͡ʃ u ɽ ĩː _ m aː s i̥ $,default,
scl_i-Kinship-brothersson-1,,scl_i,Kinship-brothersson,ɖ͡ʐawoː baːl,ɖ͡ʐawoː_baːl,ɖʐ a w oː + b aː l,,hindukush,,,^ ɖ͡ʐ a w oː _ b aː l $,default,
scl_i-Kinship-brothersdaughter-1,,scl_i,Kinship-brothersdaughter,ɖ͡ʐawiː mulaj,ɖ͡ʐawiː_mulaj,ɖʐ a w iː + m u l a j,,hindukush,,,^ ɖ͡ʐ a w iː _ m u l a j $,default,
scl_i-Kinship-sistersson-1,,scl_i,Kinship-sistersson,saːzuː,saːzuː,s aː z uː,,hindukush,,,^ s aː z uː $,default,
scl_i-Kinship-sistersdaughter-1,,scl_i,Kinship-sistersdaughter,saːzuj,saːzuj,s aː z u j,,hindukush,,,^ s aː z u j $,default,
scl_i-Kinship-husband-1,,scl_i,Kinship-husband,maːlik,maːlik,m aː l i k,,hindukush,,,^ m aː l i k $,default,
scl_i-Kinship-wife-1,,scl_i,Kinship-wife,bat͡si,bat͡si,b a ts i,,hindukush,,,^ b a t͡s i $,default,
scl_i-Kinship-fathersolderbrotherswife-1,,scl_i,Kinship-fathersolderbrotherswife,t͡ʃuɽĩː maː,t͡ʃuɽĩː_maː,tʃ u ɽ ĩː + m aː,,hindukush,,,^ t͡ʃ u ɽ ĩː _ m aː $,default,
scl_i-Kinship-fathersyoungerbrotherswife-1,,scl_i,Kinship-fathersyoungerbrotherswife,t͡ʃuɽĩː maː,t͡ʃuɽĩː_maː,tʃ u ɽ ĩː + m aː,,hindukush,,,^ t͡ʃ u ɽ ĩː _ m aː $,default,
scl_i-Kinship-fatherssistershusband-1,,scl_i,Kinship-fatherssistershusband,pʰopʰaː,pʰopʰaː,pʰ o pʰ aː,,hindukush,,,^ pʰ o pʰ aː $,default,
scl_i-Kinship-mothersbrotherswife-1,,scl_i,Kinship-mothersbrotherswife,pʰiːpʰi̥,pʰiːpʰi̥,pʰ iː pʰ i̥,,hindukush,,,^ pʰ iː pʰ i̥ $,default,
scl_i-Kinship-motherssistershusband-1,,scl_i,Kinship-motherssistershusband,maːsaː,maːsaː,m aː s aː,,hindukush,,,^ m aː s aː $,default,
scl_i-Kinship-sonswife-1,,scl_i,Kinship-sonswife,nuːʂ,nuːʂ,n uː ʂ,,hindukush,,,^ n uː ʂ $,default,
scl_i-Kinship-daughtershusband-1,,scl_i,Kinship-daughtershusband,d͡ʒaːmaːʈ͡ʂoː,d͡ʒaːmaːʈ͡ʂoː,dʒ aː m aː ʈʂ oː,,hindukush,,,^ d͡ʒ aː m aː ʈ͡ʂ oː $,default,
scl_i-Kinship-brotherswifemaleego-1,,scl_i,Kinship-brotherswifemaleego,bʰaːbʰiː,bʰaːbʰiː,bʰ aː bʰ iː,,hindukush,,,^ bʰ aː bʰ iː $,default,
scl_i-Kinship-brotherswifefemaleego-1,,scl_i,Kinship-brotherswifefemaleego,bʰaːbʰiː,bʰaːbʰiː,bʰ aː bʰ iː,,hindukush,,,^ bʰ aː bʰ iː $,default,
scl_i-Kinship-sistershusbandmaleego-1,,scl_i,Kinship-sistershusbandmaleego,d͡ʒiːd͡ʒaː,d͡ʒiːd͡ʒaː,dʒ iː dʒ aː,,hindukush,,,^ d͡ʒ iː d͡ʒ aː $,default,
scl_i-Kinship-sistershusbandfemaleego-1,,scl_i,Kinship-sistershusbandfemaleego,d͡ʒiːd͡ʒaː,d͡ʒiːd͡ʒaː,dʒ iː dʒ aː,,hindukush,,,^ d͡ʒ iː d͡ʒ aː $,default,
scl_i-Kinship-wifesfather-1,,scl_i,Kinship-wifesfather,ʃaːjru̥,ʃaːjru̥,ʃ aː j r u̥,,hindukush,,,^ ʃ aː j r u̥ $,default,
scl_i-Kinship-wifesmother-1,,scl_i,Kinship-wifesmother,ʃaʂ,ʃaʂ,ʃ a ʂ,,hindukush,,,^ ʃ a ʂ $,default,
scl_i-Kinship-husbandsfather-1,,scl_i,Kinship-husbandsfather,ʃaːjru̥,ʃaːjru̥,ʃ aː j r u̥,,hindukush,,,^ ʃ aː j r u̥ $,default,
scl_i-Kinship-husbandsmother-1,,scl_i,Kinship-husbandsmother,ʃaʂ,ʃaʂ,ʃ a ʂ,,hindukush,,,^ ʃ a ʂ $,default,
scl_i-Kinship-husbandsbrother-1,,scl_i,Kinship-husbandsbrother,d͡ʒaʈʰoː,d͡ʒaʈʰoː,dʒ a ʈʰ oː,,hindukush,,,^ d͡ʒ a ʈʰ oː $,default,
scl_i-Kinship-husbandssister-1,,scl_i,Kinship-husbandssister,d͡ʒaʈʰiː,d͡ʒaʈʰiː,dʒ a ʈʰ iː,,hindukush,,,^ d͡ʒ a ʈʰ iː $,default,
scl_i-Kinship-wifesbrother-1,,scl_i,Kinship-wifesbrother,saːroːɽu̥,saːroːɽu̥,s aː r oː ɽ u̥,,hindukush,,,^ s aː r oː ɽ u̥ $,default,
scl_i-Kinship-wifessister-1,,scl_i,Kinship-wifessister,saːroːɽi̥,saːroːɽi̥,s aː r oː ɽ i̥,,hindukush,,,^ s aː r oː ɽ i̥ $,default,
scl_i-Kinship-husbandsbrotherswife-1,,scl_i,Kinship-husbandsbrotherswife,baːbiː,baːbiː,b aː b iː,,hindukush,,,^ b aː b iː $,default,
scl_i-Kinship-husbandssistershusband-1,,scl_i,Kinship-husbandssistershusband,d͡ʒaʈʰoː maːlik,d͡ʒaʈʰoː_maːlik,dʒ a ʈʰ oː + m aː l i k,,hindukush,,,^ d͡ʒ a ʈʰ oː _ m aː l i k $,default,
scl_i-Kinship-wifesbrotherswife-1,,scl_i,Kinship-wifesbrotherswife,saːroːɽeː bat͡si,saːroːɽeː_bat͡si,s aː r oː ɽ eː + b a ts i,,hindukush,,,^ s aː r oː ɽ eː _ b a t͡s i $,default,
scl_i-Kinship-wifessistershusband-1,,scl_i,Kinship-wifessistershusband,saːroːɽijũː maːlik,saːroːɽijũː_maːlik,s aː r oː ɽ i j ũː + m aː l i k,,hindukush,,,^ s aː r oː ɽ i j ũː _ m aː l i k $,default,
scl_i-Kinship-cowife-1,,scl_i,Kinship-cowife,d͡ʒaʈʰiː,d͡ʒaʈʰiː,dʒ a ʈʰ iː,,hindukush,,,^ d͡ʒ a ʈʰ iː $,default,
scl_i-Kinship-sonswifesfather-1,,scl_i,Kinship-sonswifesfather,baːloː ʃaːjru̥,baːloː_ʃaːjru̥,b aː l oː + ʃ aː j r u̥,,hindukush,,,^ b aː l oː _ ʃ aː j r u̥ $,default,
scl_i-Kinship-sonswifesmother-1,,scl_i,Kinship-sonswifesmother,baːliː ʃaʂ,baːliː_ʃaʂ,b aː l iː + ʃ a ʂ,,hindukush,,,^ b aː l iː _ ʃ a ʂ $,default,
scl_i-Kinship-daughtershusbandsfather-1,,scl_i,Kinship-daughtershusbandsfather,mulajoː ʃaːjru̥,mulajoː_ʃaːjru̥,m u l a j oː + ʃ aː j r u̥,,hindukush,,,^ m u l a j oː _ ʃ aː j r u̥ $,default,
scl_i-Kinship-daughtershusbandsmother-1,,scl_i,Kinship-daughtershusbandsmother,mulajiː ʃaʂ,mulajiː_ʃaʂ,m u l a j iː + ʃ a ʂ,,hindukush,,,^ m u l a j iː _ ʃ a ʂ $,default,
scl_i-Kinship-stepsisternosharedparent-1,,scl_i,Kinship-stepsisternosharedparent,maŋgeːtiː sas,maŋgeːtiː_sas,m a ŋ g eː t iː + s a s,,hindukush,,,^ m a ŋ g eː t iː _ s a s $,default,
scl_i-Kinship-stepbrothernosharedparent-1,,scl_i,Kinship-stepbrothernosharedparent,maŋgeːtu ɖ͡ʐaː,maŋgeːtu_ɖ͡ʐaː,m a ŋ g eː t u + ɖʐ aː,,hindukush,,,^ m a ŋ g eː t u _ ɖ͡ʐ aː $,default,
scl_i-Kinship-stepmother-1,,scl_i,Kinship-stepmother,aːwara maː,aːwara_maː,aː w a r a + m aː,,hindukush,,,^ aː w a r a _ m aː $,default,
scl_i-Kinship-stepfather-1,,scl_i,Kinship-stepfather,aːwara maːlu̥,aːwara_maːlu̥,aː w a r a + m aː l u̥,,hindukush,,,^ aː w a r a _ m aː l u̥ $,default,
scl_i-Kinship-stepson-1,,scl_i,Kinship-stepson,aːwara baːl,aːwara_baːl,aː w a r a + b aː l,,hindukush,,,^ aː w a r a _ b aː l $,default,
scl_i-Kinship-stepdaughter-1,,scl_i,Kinship-stepdaughter,aːwara mulaj,aːwara_mulaj,aː w a r a + m u l a j,,hindukush,,,^ aː w a r a _ m u l a j $,default,
scl_i-Kinship-fathersfathersfather-1,,scl_i,Kinship-fathersfathersfather,paɽ daːdu̥,paɽ_daːdu̥,p a ɽ + d aː d u̥,,hindukush,,,^ p a ɽ _ d aː d u̥ $,default,
scl_i-Kinship-mothersmothersmother-1,,scl_i,Kinship-mothersmothersmother,paɽ dadiː,paɽ_dadiː,p a ɽ + d a d iː,,hindukush,,,^ p a ɽ _ d a d iː $,default,
scl_i-Kinship-forefather-1,,scl_i,Kinship-forefather,paɽ daːdoː daːdu̥,paɽ_daːdoː_daːdu̥,p a ɽ + d aː d oː + d aː d u̥,,hindukush,,,^ p a ɽ _ d aː d oː _ d aː d u̥ $,default,
scl_i-Kinship-fathersbrothersson-1,,scl_i,Kinship-fathersbrothersson,pit͡ʃaː ɖ͡ʐaː,pit͡ʃaː_ɖ͡ʐaː,p i tʃ aː + ɖʐ aː,,hindukush,,,^ p i t͡ʃ aː _ ɖ͡ʐ aː $,default,
scl_i-Kinship-fathersbrothersdaughter-1,,scl_i,Kinship-fathersbrothersdaughter,pit͡ʃaj sas,pit͡ʃaj_sas,p i tʃ a j + s a s,,hindukush,,,^ p i t͡ʃ a j _ s a s $,default,
scl_i-Kinship-fatherssistersson-1,,scl_i,Kinship-fatherssistersson,pʰipʰijaː ɖ͡ʐaː,pʰipʰijaː_ɖ͡ʐaː,pʰ i pʰ i j aː + ɖʐ aː,,hindukush,,,^ pʰ i pʰ i j aː _ ɖ͡ʐ aː $,default,
scl_i-Kinship-fatherssistersdaughter-1,,scl_i,Kinship-fatherssistersdaughter,pʰipʰijaj sas,pʰipʰijaj_sas,pʰ i pʰ i j a j + s a s,,hindukush,,,^ pʰ i pʰ i j a j _ s a s $,default,
scl_i-Kinship-mothersbrothersson-1,,scl_i,Kinship-mothersbrothersson,mulijaː ɖ͡ʐaː,mulijaː_ɖ͡ʐaː,m u l i j aː + ɖʐ aː,,hindukush,,,^ m u l i j aː _ ɖ͡ʐ aː $,default,
scl_i-Kinship-mothersbrothersdaughter-1,,scl_i,Kinship-mothersbrothersdaughter,mulajiː sas,mulajiː_sas,m u l a j iː + s a s,,hindukush,,,^ m u l a j iː _ s a s $,default,
scl_i-Kinship-motherssistersson-1,,scl_i,Kinship-motherssistersson,maːʃoː baːl,maːʃoː_baːl,m aː ʃ oː + b aː l,,hindukush,,,^ m aː ʃ oː _ b aː l $,default,
scl_i-Kinship-motherssistersdaughter-1,,scl_i,Kinship-motherssistersdaughter,maːʃiː mulaj,maːʃiː_mulaj,m aː ʃ iː + m u l a j,,hindukush,,,^ m aː ʃ iː _ m u l a j $,default,
scl_i-Kinship-relative-1,,scl_i,Kinship-relative,riʃta daːr,riʃta_daːr,r i ʃ t a + d aː r,,hindukush,,,^ r i ʃ t a _ d aː r $,default,
scl_i-Kinship-bloodrelative-1,,scl_i,Kinship-bloodrelative,kuːniː riʃta,kuːniː_riʃta,k uː n iː + r i ʃ t a,,hindukush,,,^ k uː n iː _ r i ʃ t a $,default,
scl_i-Kinship-wifesrelatives-1,,scl_i,Kinship-wifesrelatives,ʃajriː riʃta,ʃajriː_riʃta,ʃ a j r iː + r i ʃ t a,,hindukush,,,^ ʃ a j r iː _ r i ʃ t a $,default,
scl_i-Kinship-headofhousehold-1,,scl_i,Kinship-headofhousehold,maːlik,maːlik,m aː l i k,,hindukush,,,^ m aː l i k $,default,
scl_i-Kinship-halfsistersamefatherdifferentmother-1,,scl_i,Kinship-halfsistersamefatherdifferentmother,aːwara sas,aːwara_sas,aː w a r a + s a s,,hindukush,,,^ aː w a r a _ s a s $,default,
scl_i-Kinship-halfbrothersamefatherdifferentmother-1,,scl_i,Kinship-halfbrothersamefatherdifferentmother,aːwara ɖ͡ʐaː,aːwara_ɖ͡ʐaː,aː w a r a + ɖʐ aː,,hindukush,,,^ aː w a r a _ ɖ͡ʐ aː $,default,
scl_i-Kinship-halfsistersamemotherdifferentfather-1,,scl_i,Kinship-halfsistersamemotherdifferentfather,aːwara sas,aːwara_sas,aː w a r a + s a s,,hindukush,,,^ aː w a r a _ s a s $,default,
scl_i-Kinship-halfbrothersamemotherdifferentfather-1,,scl_i,Kinship-halfbrothersamemotherdifferentfather,aːwara ɖ͡ʐaː,aːwara_ɖ͡ʐaː,aː w a r a + ɖʐ aː,,hindukush,,,^ aː w a r a _ ɖ͡ʐ aː $,default,
sgh_a-Kinship-father-1,,sgh_a,Kinship-father,taːt,taːt,t aː t,,hindukush,,,^ t aː t $,default,
sgh_a-Kinship-mother-1,,sgh_a,Kinship-mother,naːn,naːn,n aː n,,hindukush,,,^ n aː n $,default,
sgh_a-Kinship-parent-1,,sgh_a,Kinship-parent,t͡ʃiːd d͡ʒamaːt,t͡ʃiːd_d͡ʒamaːt,tʃ iː d + dʒ a m aː t,,hindukush,,,^ t͡ʃ iː d _ d͡ʒ a m aː t $,default,
sgh_a-Kinship-son-1,,sgh_a,Kinship-son,pot͡s,pot͡s,p o ts,,hindukush,,,^ p o t͡s $,default,
sgh_a-Kinship-daughter-1,,sgh_a,Kinship-daughter,reziːn,reziːn,r e z iː n,,hindukush,,,^ r e z iː n $,default,
sgh_a-Kinship-ownchild-1,,sgh_a,Kinship-ownchild,d͡zolik bat͡ʃaː,d͡zolik_bat͡ʃaː,dz o l i k + b a tʃ aː,,hindukush,,,^ d͡z o l i k _ b a t͡ʃ aː $,default,
sgh_a-Kinship-brother-1,,sgh_a,Kinship-brother,vroːd,vroːd,v r oː d,,hindukush,,,^ v r oː d $,default,
sgh_a-Kinship-sister-1,,sgh_a,Kinship-sister,jaχ,jaχ,j a χ,,hindukush,,,^ j a χ $,default,
sgh_a-Kinship-olderbrother-1,,sgh_a,Kinship-olderbrother,ʁola vroːd,ʁola_vroːd,ʁ o l a + v r oː d,,hindukush,,,^ ʁ o l a _ v r oː d $,default,
sgh_a-Kinship-youngerbrother-1,,sgh_a,Kinship-youngerbrother,d͡zolik vroːd,d͡zolik_vroːd,dz o l i k + v r oː d,,hindukush,,,^ d͡z o l i k _ v r oː d $,default,
sgh_a-Kinship-oldersister-1,,sgh_a,Kinship-oldersister,ʁola jaχ,ʁola_jaχ,ʁ o l a + j a χ,,hindukush,,,^ ʁ o l a _ j a χ $,default,
sgh_a-Kinship-youngersister-1,,sgh_a,Kinship-youngersister,d͡zalik jaχ,d͡zalik_jaχ,dz a l i k + j a χ,,hindukush,,,^ d͡z a l i k _ j a χ $,default,
sgh_a-Kinship-fathersfather-1,,sgh_a,Kinship-fathersfather,boːb,boːb,b oː b,,hindukush,,,^ b oː b $,default,
sgh_a-Kinship-fathersmother-1,,sgh_a,Kinship-fathersmother,"muːm, katanaːn",muːm,m uː m,,hindukush,,,^ m uː m $,default,
sgh_a-Kinship-fathersmother-2,,sgh_a,Kinship-fathersmother,"muːm, katanaːn",katanaːn,k a t a n aː n,,hindukush,,,^ k a t a n aː n $,default,
sgh_a-Kinship-mothersfather-1,,sgh_a,Kinship-mothersfather,boːb,boːb,b oː b,,hindukush,,,^ b oː b $,default,
sgh_a-Kinship-mothersmother-1,,sgh_a,Kinship-mothersmother,muːm,muːm,m uː m,,hindukush,,,^ m uː m $,default,
sgh_a-Kinship-sonsson-1,,sgh_a,Kinship-sonsson,neboːs,neboːs,n e b oː s,,hindukush,,,^ n e b oː s $,default,
sgh_a-Kinship-sonsdaughter-1,,sgh_a,Kinship-sonsdaughter,nebeːs,nebeːs,n e b eː s,,hindukush,,,^ n e b eː s $,default,
sgh_a-Kinship-daughtersson-1,,sgh_a,Kinship-daughtersson,neboːs,neboːs,n e b oː s,,hindukush,,,^ n e b oː s $,default,
sgh_a-Kinship-daughtersdaughter-1,,sgh_a,Kinship-daughtersdaughter,nebeːs,nebeːs,n e b eː s,,hindukush,,,^ n e b eː s $,default,
sgh_a-Kinship-fathersbrother-1,,sgh_a,Kinship-fathersbrother,amak,amak,a m a k,,hindukush,,,^ a m a k $,default,
sgh_a-Kinship-fathersolderbrother-1,,sgh_a,Kinship-fathersolderbrother,amak,amak,a m a k,,hindukush,,,^ a m a k $,default,
sgh_a-Kinship-fathersyoungerbrother-1,,sgh_a,Kinship-fathersyoungerbrother,amak,amak,a m a k,,hindukush,,,^ a m a k $,default,
sgh_a-Kinship-fatherssister-1,,sgh_a,Kinship-fatherssister,amaː,amaː,a m aː,,hindukush,,,^ a m aː $,default,
sgh_a-Kinship-fathersoldersister-1,,sgh_a,Kinship-fathersoldersister,amaː,amaː,a m aː,,hindukush,,,^ a m aː $,default,
sgh_a-Kinship-fathersyoungersister-1,,sgh_a,Kinship-fathersyoungersister,amaː,amaː,a m aː,,hindukush,,,^ a m aː $,default,
sgh_a-Kinship-mothersbrother-1,,sgh_a,Kinship-mothersbrother,χoːlak,χoːlak,χ oː l a k,,hindukush,,,^ χ oː l a k $,default,
sgh_a-Kinship-mothersolderbrother-1,,sgh_a,Kinship-mothersolderbrother,χoːlak,χoːlak,χ oː l a k,,hindukush,,,^ χ oː l a k $,default,
sgh_a-Kinship-mothersyoungerbrother-1,,sgh_a,Kinship-mothersyoungerbrother,χoːlak,χoːlak,χ oː l a k,,hindukush,,,^ χ oː l a k $,default,
sgh_a-Kinship-motherssister-1,,sgh_a,Kinship-motherssister,χoːlaː,χoːlaː,χ oː l aː,,hindukush,,,^ χ oː l aː $,default,
sgh_a-Kinship-mothersoldersister-1,,sgh_a,Kinship-mothersoldersister,χoːlaː,χoːlaː,χ oː l aː,,hindukush,,,^ χ oː l aː $,default,
sgh_a-Kinship-mothersyoungersister-1,,sgh_a,Kinship-mothersyoungersister,χoːlaː,χoːlaː,χ oː l aː,,hindukush,,,^ χ oː l aː $,default,
sgh_a-Kinship-brothersson-1,,sgh_a,Kinship-brothersson,vroːd pot͡s,vroːd_pot͡s,v r oː d + p o ts,,hindukush,,,^ v r oː d _ p o t͡s $,default,
sgh_a-Kinship-brothersdaughter-1,,sgh_a,Kinship-brothersdaughter,vroːd reziːn,vroːd_reziːn,v r oː d + r e z iː n,,hindukush,,,^ v r oː d _ r e z iː n $,default,
sgh_a-Kinship-sistersson-1,,sgh_a,Kinship-sistersson,jaχ pot͡s,jaχ_pot͡s,j a χ + p o ts,,hindukush,,,^ j a χ _ p o t͡s $,default,
sgh_a-Kinship-sistersdaughter-1,,sgh_a,Kinship-sistersdaughter,jaχ reziːn,jaχ_reziːn,j a χ + r e z iː n,,hindukush,,,^ j a χ _ r e z iː n $,default,
sgh_a-Kinship-husband-1,,sgh_a,Kinship-husband,t͡ʃoːr,t͡ʃoːr,tʃ oː r,,hindukush,,,^ t͡ʃ oː r $,default,
sgh_a-Kinship-wife-1,,sgh_a,Kinship-wife,ɣin,ɣin,ɣ i n,,hindukush,,,^ ɣ i n $,default,
sgh_a-Kinship-fathersolderbrotherswife-1,,sgh_a,Kinship-fathersolderbrotherswife,amak ɣin,amak_ɣin,a m a k + ɣ i n,,hindukush,,,^ a m a k _ ɣ i n $,default,
sgh_a-Kinship-fathersyoungerbrotherswife-1,,sgh_a,Kinship-fathersyoungerbrotherswife,d͡zolik amak ɣin,d͡zolik_amak_ɣin,dz o l i k + a m a k + ɣ i n,,hindukush,,,^ d͡z o l i k _ a m a k _ ɣ i n $,default,
sgh_a-Kinship-fatherssistershusband-1,,sgh_a,Kinship-fatherssistershusband,ʃuːmaː,ʃuːmaː,ʃ uː m aː,,hindukush,,,^ ʃ uː m aː $,default,
sgh_a-Kinship-mothersbrotherswife-1,,sgh_a,Kinship-mothersbrotherswife,χoːlak ɣin,χoːlak_ɣin,χ oː l a k + ɣ i n,,hindukush,,,^ χ oː l a k _ ɣ i n $,default,
sgh_a-Kinship-motherssistershusband-1,,sgh_a,Kinship-motherssistershusband,ʃuːχoːlaː,ʃuːχoːlaː,ʃ uː χ oː l aː,,hindukush,,,^ ʃ uː χ oː l aː $,default,
sgh_a-Kinship-sonswife-1,,sgh_a,Kinship-sonswife,zenaɣ,zenaɣ,z e n a ɣ,,hindukush,,,^ z e n a ɣ $,default,
sgh_a-Kinship-daughtershusband-1,,sgh_a,Kinship-daughtershusband,dyːmoːd,dyːmoːd,d yː m oː d,,hindukush,,,^ d yː m oː d $,default,
sgh_a-Kinship-brotherswifemaleego-1,,sgh_a,Kinship-brotherswifemaleego,χejyːn,χejyːn,χ e j yː n,,hindukush,,,^ χ e j yː n $,default,
sgh_a-Kinship-brotherswifefemaleego-1,,sgh_a,Kinship-brotherswifefemaleego,χejyːn,χejyːn,χ e j yː n,,hindukush,,,^ χ e j yː n $,default,
sgh_a-Kinship-sistershusbandmaleego-1,,sgh_a,Kinship-sistershusbandmaleego,χesiːrt͡s,χesiːrt͡s,χ e s iː r ts,,hindukush,,,^ χ e s iː r t͡s $,default,
sgh_a-Kinship-sistershusbandfemaleego-1,,sgh_a,Kinship-sistershusbandfemaleego,χesiːrt͡s,χesiːrt͡s,χ e s iː r ts,,hindukush,,,^ χ e s iː r t͡s $,default,
sgh_a-Kinship-wifesfather-1,,sgh_a,Kinship-wifesfather,χesor,χesor,χ e s o r,,hindukush,,,^ χ e s o r $,default,
sgh_a-Kinship-wifesmother-1,,sgh_a,Kinship-wifesmother,χiːx,χiːx,χ iː x,,hindukush,,,^ χ iː x $,default,
sgh_a-Kinship-husbandsfather-1,,sgh_a,Kinship-husbandsfather,χesor,χesor,χ e s o r,,hindukush,,,^ χ e s o r $,default,
sgh_a-Kinship-husbandsmother-1,,sgh_a,Kinship-husbandsmother,χiːx,χiːx,χ iː x,,hindukush,,,^ χ iː x $,default,
sgh_a-Kinship-husbandsbrother-1,,sgh_a,Kinship-husbandsbrother,χesiːrt͡s,χesiːrt͡s,χ e s iː r ts,,hindukush,,,^ χ e s iː r t͡s $,default,
sgh_a-Kinship-husbandssister-1,,sgh_a,Kinship-husbandssister,χesiːrt͡s,χesiːrt͡s,χ e s iː r ts,,hindukush,,,^ χ e s iː r t͡s $,default,
sgh_a-Kinship-wifesbrother-1,,sgh_a,Kinship-wifesbrother,χesiːrt͡s,χesiːrt͡s,χ e s iː r ts,,hindukush,,,^ χ e s iː r t͡s $,default,
sgh_a-Kinship-wifessister-1,,sgh_a,Kinship-wifessister,χejyːn,χejyːn,χ e j yː n,,hindukush,,,^ χ e j yː n $,default,
sgh_a-Kinship-husbandsbrotherswife-1,,sgh_a,Kinship-husbandsbrotherswife,χesiːrt͡s,χesiːrt͡s,χ e s iː r ts,,hindukush,,,^ χ e s iː r t͡s $,default,
sgh_a-Kinship-husbandssistershusband-1,,sgh_a,Kinship-husbandssistershusband,boːd͡ʒaː,boːd͡ʒaː,b oː dʒ aː,,hindukush,,,^ b oː d͡ʒ aː $,default,
sgh_a-Kinship-wifesbrotherswife-1,,sgh_a,Kinship-wifesbrotherswife,χejyːn,χejyːn,χ e j yː n,,hindukush,,,^ χ e j yː n $,default,
sgh_a-Kinship-wifessistershusband-1,,sgh_a,Kinship-wifessistershusband,boːd͡ʒaː,boːd͡ʒaː,b oː dʒ aː,,hindukush,,,^ b oː d͡ʒ aː $,default,
sgh_a-Kinship-cowife-1,,sgh_a,Kinship-cowife,abiːn,abiːn,a b iː n,,hindukush,,,^ a b iː n $,default,
sgh_a-Kinship-sonswifesfather-1,,sgh_a,Kinship-sonswifesfather,qodaː,qodaː,q o d aː,,hindukush,,,^ q o d aː $,default,
sgh_a-Kinship-sonswifesmother-1,,sgh_a,Kinship-sonswifesmother,qodaː,qodaː,q o d aː,,hindukush,,,^ q o d aː $,default,
sgh_a-Kinship-daughtershusbandsfather-1,,sgh_a,Kinship-daughtershusbandsfather,qodaː,qodaː,q o d aː,,hindukush,,,^ q o d aː $,default,
sgh_a-Kinship-daughtershusbandsmother-1,,sgh_a,Kinship-daughtershusbandsmother,qodaː,qodaː,q o d aː,,hindukush,,,^ q o d aː $,default,
sgh_a-Kinship-stepsisternosharedparent-1,,sgh_a,Kinship-stepsisternosharedparent,jaχiːt͡s,jaχiːt͡s,j a χ iː ts,,hindukush,,,^ j a χ iː t͡s $,default,
sgh_a-Kinship-stepbrothernosharedparent-1,,sgh_a,Kinship-stepbrothernosharedparent,vroːdiːd͡ʒ,vroːdiːd͡ʒ,v r oː d iː dʒ,,hindukush,,,^ v r oː d iː d͡ʒ $,default,
sgh_a-Kinship-stepmother-1,,sgh_a,Kinship-stepmother,naːniːt͡s,naːniːt͡s,n aː n iː ts,,hindukush,,,^ n aː n iː t͡s $,default,
sgh_a-Kinship-stepfather-1,,sgh_a,Kinship-stepfather,taːtiːt͡s,taːtiːt͡s,t aː t iː ts,,hindukush,,,^ t aː t iː t͡s $,default,
sgh_a-Kinship-stepson-1,,sgh_a,Kinship-stepson,pot͡siːd͡ʒ,pot͡siːd͡ʒ,p o ts iː dʒ,,hindukush,,,^ p o t͡s iː d͡ʒ $,default,
sgh_a-Kinship-stepdaughter-1,,sgh_a,Kinship-stepdaughter,reziːniːd͡ʒ,reziːniːd͡ʒ,r e z iː n iː dʒ,,hindukush,,,^ r e z iː n iː d͡ʒ $,default,
sgh_a-Kinship-fathersfathersfather-1,,sgh_a,Kinship-fathersfathersfather,boːb,boːb,b oː b,,hindukush,,,^ b oː b $,default,
sgh_a-Kinship-mothersmothersmother-1,,sgh_a,Kinship-mothersmothersmother,boːb,boːb,b oː b,,hindukush,,,^ b oː b $,default,
sgh_a-Kinship-forefather-1,,sgh_a,Kinship-forefather,aʒdoːd,aʒdoːd,a ʒ d oː d,,hindukush,,,^ a ʒ d oː d $,default,
sgh_a-Kinship-foremother-1,,sgh_a,Kinship-foremother,aʒdoːd,aʒdoːd,a ʒ d oː d,,hindukush,,,^ a ʒ d oː d $,default,
sgh_a-Kinship-fathersbrothersson-1,,sgh_a,Kinship-fathersbrothersson,amak pot͡s,amak_pot͡s,a m a k + p o ts,,hindukush,,,^ a m a k _ p o t͡s $,default,
sgh_a-Kinship-fathersbrothersdaughter-1,,sgh_a,Kinship-fathersbrothersdaughter,amak reziːn,amak_reziːn,a m a k + r e z iː n,,hindukush,,,^ a m a k _ r e z iː n $,default,
sgh_a-Kinship-fatherssistersson-1,,sgh_a,Kinship-fatherssistersson,amaː pot͡s,amaː_pot͡s,a m aː + p o ts,,hindukush,,,^ a m aː _ p o t͡s $,default,
sgh_a-Kinship-fatherssistersdaughter-1,,sgh_a,Kinship-fatherssistersdaughter,amaː reziːn,amaː_reziːn,a m aː + r e z iː n,,hindukush,,,^ a m aː _ r e z iː n $,default,
sgh_a-Kinship-mothersbrothersson-1,,sgh_a,Kinship-mothersbrothersson,χoːlak pot͡s,χoːlak_pot͡s,χ oː l a k + p o ts,,hindukush,,,^ χ oː l a k _ p o t͡s $,default,
sgh_a-Kinship-mothersbrothersdaughter-1,,sgh_a,Kinship-mothersbrothersdaughter,χoːlak reziːn,χoːlak_reziːn,χ oː l a k + r e z iː n,,hindukush,,,^ χ oː l a k _ r e z iː n $,default,
sgh_a-Kinship-motherssistersson-1,,sgh_a,Kinship-motherssistersson,χoːlaː pot͡s,χoːlaː_pot͡s,χ oː l aː + p o ts,,hindukush,,,^ χ oː l aː _ p o t͡s $,default,
sgh_a-Kinship-motherssistersdaughter-1,,sgh_a,Kinship-motherssistersdaughter,χoːlaː reziːn,χoːlaː_reziːn,χ oː l aː + r e z iː n,,hindukush,,,^ χ oː l aː _ r e z iː n $,default,
sgh_a-Kinship-relative-1,,sgh_a,Kinship-relative,qawmiːn,qawmiːn,q a w m iː n,,hindukush,,,^ q a w m iː n $,default,
sgh_a-Kinship-affinalrelative-1,,sgh_a,Kinship-affinalrelative,qawm,qawm,q a w m,,hindukush,,,^ q a w m $,default,
sgh_a-Kinship-bloodrelative-1,,sgh_a,Kinship-bloodrelative,χuːn piːwaːn,χuːn_piːwaːn,χ uː n + p iː w aː n,,hindukush,,,^ χ uː n _ p iː w aː n $,default,
sgh_a-Kinship-wifesrelatives-1,,sgh_a,Kinship-wifesrelatives,χesoːriːn,χesoːriːn,χ e s oː r iː n,,hindukush,,,^ χ e s oː r iː n $,default,
sgh_a-Kinship-headofhousehold-1,,sgh_a,Kinship-headofhousehold,t͡ʃiːd katanak,t͡ʃiːd_katanak,tʃ iː d + k a t a n a k,,hindukush,,,^ t͡ʃ iː d _ k a t a n a k $,default,
sgh_a-Kinship-headofclan-1,,sgh_a,Kinship-headofclan,katanak qawm,katanak_qawm,k a t a n a k + q a w m,,hindukush,,,^ k a t a n a k _ q a w m $,default,
sgh_a-Kinship-headoftribe-1,,sgh_a,Kinship-headoftribe,ʁolaiːn qawm,ʁolaiːn_qawm,ʁ o l a iː n + q a w m,,hindukush,,,^ ʁ o l aiː n _ q a w m $,default,
sgh_a-Kinship-halfsistersamefatherdifferentmother-1,,sgh_a,Kinship-halfsistersamefatherdifferentmother,jaχiːt͡s,jaχiːt͡s,j a χ iː ts,,hindukush,,,^ j a χ iː t͡s $,default,
sgh_a-Kinship-halfbrothersamefatherdifferentmother-1,,sgh_a,Kinship-halfbrothersamefatherdifferentmother,vroːdiːd͡ʒ,vroːdiːd͡ʒ,v r oː d iː dʒ,,hindukush,,,^ v r oː d iː d͡ʒ $,default,
sgh_a-Kinship-halfsistersamemotherdifferentfather-1,,sgh_a,Kinship-halfsistersamemotherdifferentfather,jaχiːt͡s,jaχiːt͡s,j a χ iː ts,,hindukush,,,^ j a χ iː t͡s $,default,
sgh_a-Kinship-halfbrothersamemotherdifferentfather-1,,sgh_a,Kinship-halfbrothersamemotherdifferentfather,"vroːdiːd͡ʒ, naːn pot͡s",vroːdiːd͡ʒ,v r oː d iː dʒ,,hindukush,,,^ v r oː d iː d͡ʒ $,default,
sgh_a-Kinship-halfbrothersamemotherdifferentfather-2,,sgh_a,Kinship-halfbrothersamemotherdifferentfather,"vroːdiːd͡ʒ, naːn pot͡s",naːn_pot͡s,n aː n + p o ts,,hindukush,,,^ n aː n _ p o t͡s $,default,
trw-Kinship-father-1,,trw,Kinship-father,baːp,baːp,b aː p,,hindukush,,,^ b aː p $,default,
trw-Kinship-mother-1,,trw,Kinship-mother,jeːj,jeːj,j eː j,,hindukush,,,^ j eː j $,default,
trw-Kinship-parent-1,,trw,Kinship-parent,jeːj o baːp,jeːj_o_baːp,j eː j + o + b aː p,,hindukush,,,^ j eː j _ o _ b aː p $,default,
trw-Kinship-son-1,,trw,Kinship-son,poː,poː,p oː,,hindukush,,,^ p oː $,default,
trw-Kinship-daughter-1,,trw,Kinship-daughter,dʰuː,dʰuː,dʰ uː,,hindukush,,,^ dʰ uː $,default,
trw-Kinship-ownchild-1,,trw,Kinship-ownchild,puʐ,puʐ,p u ʐ,,hindukush,,,^ p u ʐ $,default,
trw-Kinship-brother-1,,trw,Kinship-brother,bʰaː,bʰaː,bʰ aː,,hindukush,,,^ bʰ aː $,default,
trw-Kinship-sister-1,,trw,Kinship-sister,ʃuː,ʃuː,ʃ uː,,hindukush,,,^ ʃ uː $,default,
trw-Kinship-olderbrother-1,,trw,Kinship-olderbrother,daːdaː,daːdaː,d aː d aː,,hindukush,,,^ d aː d aː $,default,
trw-Kinship-youngerbrother-1,,trw,Kinship-youngerbrother,luɽbʰaː,luɽbʰaː,l u ɽ bʰ aː,,hindukush,,,^ l u ɽ bʰ aː $,default,
trw-Kinship-oldersister-1,,trw,Kinship-oldersister,deːdeː,deːdeː,d eː d eː,,hindukush,,,^ d eː d eː $,default,
trw-Kinship-youngersister-1,,trw,Kinship-youngersister,liuː ʃuː,liuː_ʃuː,l i uː + ʃ uː,,hindukush,,,^ l iuː _ ʃ uː $,default,
trw-Kinship-fathersfather-1,,trw,Kinship-fathersfather,daːd,daːd,d aː d,,hindukush,,,^ d aː d $,default,
trw-Kinship-fathersmother-1,,trw,Kinship-fathersmother,dɛːd,dɛːd,d ɛː d,,hindukush,,,^ d ɛː d $,default,
trw-Kinship-mothersfather-1,,trw,Kinship-mothersfather,maːm,maːm,m aː m,,hindukush,,,^ m aː m $,default,
trw-Kinship-mothersmother-1,,trw,Kinship-mothersmother,mɛːm,mɛːm,m ɛː m,,hindukush,,,^ m ɛː m $,default,
trw-Kinship-sonsson-1,,trw,Kinship-sonsson,nuːsaiː,nuːsaiː,n uː s a iː,,hindukush,,,^ n uː s aiː $,default,
trw-Kinship-sonsdaughter-1,,trw,Kinship-sonsdaughter,nuːsiː,nuːsiː,n uː s iː,,hindukush,,,^ n uː s iː $,default,
trw-Kinship-daughtersson-1,,trw,Kinship-daughtersson,nuːsaiː,nuːsaiː,n uː s a iː,,hindukush,,,^ n uː s aiː $,default,
trw-Kinship-daughtersdaughter-1,,trw,Kinship-daughtersdaughter,nuːsiː,nuːsiː,n uː s iː,,hindukush,,,^ n uː s iː $,default,
trw-Kinship-fathersbrother-1,,trw,Kinship-fathersbrother,piʐiː,piʐiː,p i ʐ iː,,hindukush,,,^ p i ʐ iː $,default,
trw-Kinship-fathersolderbrother-1,,trw,Kinship-fathersolderbrother,gʰan baːwaː,gʰan_baːwaː,gʰ a n + b aː w aː,,hindukush,,,^ gʰ a n _ b aː w aː $,default,
trw-Kinship-fathersyoungerbrother-1,,trw,Kinship-fathersyoungerbrother,low baːwaː,low_baːwaː,l o w + b aː w aː,,hindukush,,,^ l o w _ b aː w aː $,default,
trw-Kinship-fatherssister-1,,trw,Kinship-fatherssister,paːpo,paːpo,p aː p o,,hindukush,,,^ p aː p o $,default,
trw-Kinship-fathersoldersister-1,,trw,Kinship-fathersoldersister,gʰen paːpo,gʰen_paːpo,gʰ e n + p aː p o,,hindukush,,,^ gʰ e n _ p aː p o $,default,
trw-Kinship-fathersyoungersister-1,,trw,Kinship-fathersyoungersister,liuː paːpo,liuː_paːpo,l i uː + p aː p o,,hindukush,,,^ l iuː _ p aː p o $,default,
trw-Kinship-mothersbrother-1,,trw,Kinship-mothersbrother,maːmaː,maːmaː,m aː m aː,,hindukush,,,^ m aː m aː $,default,
trw-Kinship-mothersolderbrother-1,,trw,Kinship-mothersolderbrother,maːmɛːn,maːmɛːn,m aː m ɛː n,,hindukush,,,^ m aː m ɛː n $,default,
trw-Kinship-mothersyoungerbrother-1,,trw,Kinship-mothersyoungerbrother,luɽ maːmaː,luɽ_maːmaː,l u ɽ + m aː m aː,,hindukush,,,^ l u ɽ _ m aː m aː $,default,
trw-Kinship-motherssister-1,,trw,Kinship-motherssister,mɛːʃ,mɛːʃ,m ɛː ʃ,,hindukush,,,^ m ɛː ʃ $,default,
trw-Kinship-mothersoldersister-1,,trw,Kinship-mothersoldersister,gʰen maːʃo,gʰen_maːʃo,gʰ e n + m aː ʃ o,,hindukush,,,^ gʰ e n _ m aː ʃ o $,default,
trw-Kinship-mothersyoungersister-1,,trw,Kinship-mothersyoungersister,liuː maːʃo,liuː_maːʃo,l i uː + m aː ʃ o,,hindukush,,,^ l iuː _ m aː ʃ o $,default,
trw-Kinship-brothersson-1,,trw,Kinship-brothersson,bʰawuːʂ,bʰawuːʂ,bʰ a w uː ʂ,,hindukush,,,^ bʰ a w uː ʂ $,default,
trw-Kinship-brothersdaughter-1,,trw,Kinship-brothersdaughter,bʰaːduː,bʰaːduː,bʰ aː d uː,,hindukush,,,^ bʰ aː d uː $,default,
trw-Kinship-sistersson-1,,trw,Kinship-sistersson,χoːraiː,χoːraiː,χ oː r a iː,,hindukush,,,^ χ oː r aiː $,default,
trw-Kinship-sistersdaughter-1,,trw,Kinship-sistersdaughter,χoːriː,χoːriː,χ oː r iː,,hindukush,,,^ χ oː r iː $,default,
trw-Kinship-husband-1,,trw,Kinship-husband,kʰamaːn,kʰamaːn,kʰ a m aː n,,hindukush,,,^ kʰ a m aː n $,default,
trw-Kinship-wife-1,,trw,Kinship-wife,ʂiː,ʂiː,ʂ iː,,hindukush,,,^ ʂ iː $,default,
trw-Kinship-fathersolderbrotherswife-1,,trw,Kinship-fathersolderbrotherswife,gʰen jeːj,gʰen_jeːj,gʰ e n + j eː j,,hindukush,,,^ gʰ e n _ j eː j $,default,
trw-Kinship-fathersyoungerbrotherswife-1,,trw,Kinship-fathersyoungerbrotherswife,luɽ jeːj,luɽ_jeːj,l u ɽ + j eː j,,hindukush,,,^ l u ɽ _ j eː j $,default,
trw-Kinship-fatherssistershusband-1,,trw,Kinship-fatherssistershusband,pʰaːp,pʰaːp,pʰ aː p,,hindukush,,,^ pʰ aː p $,default,
trw-Kinship-mothersbrotherswife-1,,trw,Kinship-mothersbrotherswife,meːmɛːn,meːmɛːn,m eː m ɛː n,,hindukush,,,^ m eː m ɛː n $,default,
trw-Kinship-motherssistershusband-1,,trw,Kinship-motherssistershusband,maːʃ,maːʃ,m aː ʃ,,hindukush,,,^ m aː ʃ $,default,
trw-Kinship-sonswife-1,,trw,Kinship-sonswife,boːi,boːi,b oː i,,hindukush,,,^ b oːi $,default,
trw-Kinship-daughtershusband-1,,trw,Kinship-daughtershusband,d͡ʒamaːʂ,d͡ʒamaːʂ,dʒ a m aː ʂ,,hindukush,,,^ d͡ʒ a m aː ʂ $,default,
trw-Kinship-brotherswifemaleego-1,,trw,Kinship-brotherswifemaleego,bʰejeːj,bʰejeːj,bʰ e j eː j,,hindukush,,,^ bʰ e j eː j $,default,
trw-Kinship-brotherswifefemaleego-1,,trw,Kinship-brotherswifefemaleego,bʰejeːj,bʰejeːj,bʰ e j eː j,,hindukush,,,^ bʰ e j eː j $,default,
trw-Kinship-sistershusbandmaleego-1,,trw,Kinship-sistershusbandmaleego,d͡ʒamaːʂ,d͡ʒamaːʂ,dʒ a m aː ʂ,,hindukush,,,^ d͡ʒ a m aː ʂ $,default,
trw-Kinship-sistershusbandfemaleego-1,,trw,Kinship-sistershusbandfemaleego,saraːn,saraːn,s a r aː n,,hindukush,,,^ s a r aː n $,default,
trw-Kinship-wifesfather-1,,trw,Kinship-wifesfather,ʃiːjo,ʃiːjo,ʃ iː j o,,hindukush,,,^ ʃ iː j o $,default,
trw-Kinship-wifesmother-1,,trw,Kinship-wifesmother,paʃ,paʃ,p a ʃ,,hindukush,,,^ p a ʃ $,default,
trw-Kinship-husbandsfather-1,,trw,Kinship-husbandsfather,ʃiːjo,ʃiːjo,ʃ iː j o,,hindukush,,,^ ʃ iː j o $,default,
trw-Kinship-husbandsmother-1,,trw,Kinship-husbandsmother,paʃ,paʃ,p a ʃ,,hindukush,,,^ p a ʃ $,default,
trw-Kinship-husbandsbrother-1,,trw,Kinship-husbandsbrother,deː,deː,d eː,,hindukush,,,^ d eː $,default,
trw-Kinship-husbandssister-1,,trw,Kinship-husbandssister,d͡ʒɛːmeːl,d͡ʒɛːmeːl,dʒ ɛː m eː l,,hindukush,,,^ d͡ʒ ɛː m eː l $,default,
trw-Kinship-wifesbrother-1,,trw,Kinship-wifesbrother,ʃɛːjo,ʃɛːjo,ʃ ɛː j o,,hindukush,,,^ ʃ ɛː j o $,default,
trw-Kinship-wifessister-1,,trw,Kinship-wifessister,seːrɛːn,seːrɛːn,s eː r ɛː n,,hindukush,,,^ s eː r ɛː n $,default,
trw-Kinship-husbandsbrotherswife-1,,trw,Kinship-husbandsbrotherswife,jeːl,jeːl,j eː l,,hindukush,,,^ j eː l $,default,
trw-Kinship-wifessistershusband-1,,trw,Kinship-wifessistershusband,saːnɖuː,saːnɖuː,s aː n ɖ uː,,hindukush,,,^ s aː n ɖ uː $,default,
trw-Kinship-cowife-1,,trw,Kinship-cowife,ʈ͡ʂaːg,ʈ͡ʂaːg,ʈʂ aː g,,hindukush,,,^ ʈ͡ʂ aː g $,default,
trw-Kinship-stepmother-1,,trw,Kinship-stepmother,piʐɛːn,piʐɛːn,p i ʐ ɛː n,,hindukush,,,^ p i ʐ ɛː n $,default,
trw-Kinship-stepfather-1,,trw,Kinship-stepfather,palandar,palandar,p a l a n d a r,,hindukush,,,^ p a l a n d a r $,default,
trw-Kinship-stepson-1,,trw,Kinship-stepson,parkaʈaj,parkaʈaj,p a r k a ʈ a j,,hindukush,,,^ p a r k a ʈ a j $,default,
trw-Kinship-stepdaughter-1,,trw,Kinship-stepdaughter,parkaʈiː,parkaʈiː,p a r k a ʈ iː,,hindukush,,,^ p a r k a ʈ iː $,default,
trw-Kinship-fathersfathersfather-1,,trw,Kinship-fathersfathersfather,paiːdaːd,paiːdaːd,p a iː d aː d,,hindukush,,,^ p aiː d aː d $,default,
trw-Kinship-mothersmothersmother-1,,trw,Kinship-mothersmothersmother,paiːdɛːd,paiːdɛːd,p a iː d ɛː d,,hindukush,,,^ p aiː d ɛː d $,default,
trw-Kinship-forefather-1,,trw,Kinship-forefather,baːp daːd,baːp_daːd,b aː p + d aː d,,hindukush,,,^ b aː p _ d aː d $,default,
trw-Kinship-foremother-1,,trw,Kinship-foremother,mamaːl,mamaːl,m a m aː l,,hindukush,,,^ m a m aː l $,default,
trw-Kinship-fatherssistersson-1,,trw,Kinship-fatherssistersson,pʰɛːwo,pʰɛːwo,pʰ ɛː w o,,hindukush,,,^ pʰ ɛː w o $,default,
trw-Kinship-fatherssistersdaughter-1,,trw,Kinship-fatherssistersdaughter,pʰɛbeː,pʰɛbeː,pʰ ɛ b eː,,hindukush,,,^ pʰ ɛ b eː $,default,
trw-Kinship-mothersbrothersson-1,,trw,Kinship-mothersbrothersson,mɛːmo,mɛːmo,m ɛː m o,,hindukush,,,^ m ɛː m o $,default,
trw-Kinship-motherssistersson-1,,trw,Kinship-motherssistersson,mɛːʃo,mɛːʃo,m ɛː ʃ o,,hindukush,,,^ m ɛː ʃ o $,default,
trw-Kinship-motherssistersdaughter-1,,trw,Kinship-motherssistersdaughter,mɛːʃeː,mɛːʃeː,m ɛː ʃ eː,,hindukush,,,^ m ɛː ʃ eː $,default,
trw-Kinship-relative-1,,trw,Kinship-relative,tunu,tunu,t u n u,,hindukush,,,^ t u n u $,default,
trw-Kinship-bloodrelative-1,,trw,Kinship-bloodrelative,nasabiː,nasabiː,n a s a b iː,,hindukush,,,^ n a s a b iː $,default,
trw-Kinship-wifesrelatives-1,,trw,Kinship-wifesrelatives,ʃiːjo χel,ʃiːjo_χel,ʃ iː j o + χ e l,,hindukush,,,^ ʃ iː j o _ χ e l $,default,
trw-Kinship-headofhousehold-1,,trw,Kinship-headofhousehold,waːkda,waːkda,w aː k d a,,hindukush,,,^ w aː k d a $,default,
trw-Kinship-halfbrothersamefatherdifferentmother-1,,trw,Kinship-halfbrothersamefatherdifferentmother,parkaʈaj,parkaʈaj,p a r k a ʈ a j,,hindukush,,,^ p a r k a ʈ a j $,default,
trw-Kinship-halfsistersamemotherdifferentfather-1,,trw,Kinship-halfsistersamemotherdifferentfather,parkaʈiː,parkaʈiː,p a r k a ʈ iː,,hindukush,,,^ p a r k a ʈ iː $,default,
trw-Kinship-halfbrothersamemotherdifferentfather-1,,trw,Kinship-halfbrothersamemotherdifferentfather,parkaʈaj,parkaʈaj,p a r k a ʈ a j,,hindukush,,,^ p a r k a ʈ a j $,default,
ush-Kinship-father-1,,ush,Kinship-father,"daːdaː, maːlo, daːd͡ʒiː",daːdaː,d aː d aː,,hindukush,,,^ d aː d aː $,default,
ush-Kinship-father-2,,ush,Kinship-father,"daːdaː, maːlo, daːd͡ʒiː",maːlo,m aː l o,,hindukush,,,^ m aː l o $,default,
ush-Kinship-father-3,,ush,Kinship-father,"daːdaː, maːlo, daːd͡ʒiː",daːd͡ʒiː,d aː dʒ iː,,hindukush,,,^ d aː d͡ʒ iː $,default,
ush-Kinship-mother-1,,ush,Kinship-mother,"abaj, maːliː",abaj,a b a j,,hindukush,,,^ a b a j $,default,
ush-Kinship-mother-2,,ush,Kinship-mother,"abaj, maːliː",maːliː,m aː l iː,,hindukush,,,^ m aː l iː $,default,
ush-Kinship-parent-1,,ush,Kinship-parent,maːlo ga maːliː,maːlo_ga_maːliː,m aː l o + g a + m aː l iː,,hindukush,,,^ m aː l o _ g a _ m aː l iː $,default,
ush-Kinship-son-1,,ush,Kinship-son,"pʰoː, puʈ͡ʂ, bat͡ʃuː",pʰoː,pʰ oː,,hindukush,,,^ pʰ oː $,default,
ush-Kinship-son-2,,ush,Kinship-son,"pʰoː, puʈ͡ʂ, bat͡ʃuː",puʈ͡ʂ,p u ʈʂ,,hindukush,,,^ p u ʈ͡ʂ $,default,
ush-Kinship-son-3,,ush,Kinship-son,"pʰoː, puʈ͡ʂ, bat͡ʃuː",bat͡ʃuː,b a tʃ uː,,hindukush,,,^ b a t͡ʃ uː $,default,
ush-Kinship-daughter-1,,ush,Kinship-daughter,"pʰuwiː, diː",pʰuwiː,pʰ u w iː,,hindukush,,,^ pʰ u w iː $,default,
ush-Kinship-daughter-2,,ush,Kinship-daughter,"pʰuwiː, diː",diː,d iː,,hindukush,,,^ d iː $,default,
ush-Kinship-ownchild-1,,ush,Kinship-ownchild,"tamu bat͡ʃaːj, tamu awlaːd",tamu_bat͡ʃaːj,t a m u + b a tʃ aː j,,hindukush,,,^ t a m u _ b a t͡ʃ aː j $,default,
ush-Kinship-ownchild-2,,ush,Kinship-ownchild,"tamu bat͡ʃaːj, tamu awlaːd",tamu_awlaːd,t a m u + a w l aː d,,hindukush,,,^ t a m u _ a w l aː d $,default,
ush-Kinship-brother-1,,ush,Kinship-brother,ʐaː,ʐaː,ʐ aː,,hindukush,,,^ ʐ aː $,default,
ush-Kinship-sister-1,,ush,Kinship-sister,sas,sas,s a s,,hindukush,,,^ s a s $,default,
ush-Kinship-olderbrother-1,,ush,Kinship-olderbrother,"baɽu ʐaː, badaːdaː",baɽu_ʐaː,b a ɽ u + ʐ aː,,hindukush,,,^ b a ɽ u _ ʐ aː $,default,
ush-Kinship-olderbrother-2,,ush,Kinship-olderbrother,"baɽu ʐaː, badaːdaː",badaːdaː,b a d aː d aː,,hindukush,,,^ b a d aː d aː $,default,
ush-Kinship-youngerbrother-1,,ush,Kinship-youngerbrother,ʃunuːʈu ʐaː,ʃunuːʈu_ʐaː,ʃ u n uː ʈ u + ʐ aː,,hindukush,,,^ ʃ u n uː ʈ u _ ʐ aː $,default,
ush-Kinship-oldersister-1,,ush,Kinship-oldersister,"baɽi sas, diːdiː, badiːdiː",baɽi_sas,b a ɽ i + s a s,,hindukush,,,^ b a ɽ i _ s a s $,default,
ush-Kinship-oldersister-2,,ush,Kinship-oldersister,"baɽi sas, diːdiː, badiːdiː",diːdiː,d iː d iː,,hindukush,,,^ d iː d iː $,default,
ush-Kinship-oldersister-3,,ush,Kinship-oldersister,"baɽi sas, diːdiː, badiːdiː",badiːdiː,b a d iː d iː,,hindukush,,,^ b a d iː d iː $,default,
ush-Kinship-youngersister-1,,ush,Kinship-youngersister,ʃunuːʈi sas,ʃunuːʈi_sas,ʃ u n uː ʈ i + s a s,,hindukush,,,^ ʃ u n uː ʈ i _ s a s $,default,
ush-Kinship-fathersfather-1,,ush,Kinship-fathersfather,daːduː,daːduː,d aː d uː,,hindukush,,,^ d aː d uː $,default,
ush-Kinship-fathersmother-1,,ush,Kinship-fathersmother,dijaːdiː,dijaːdiː,d i j aː d iː,,hindukush,,,^ d i j aː d iː $,default,
ush-Kinship-mothersfather-1,,ush,Kinship-mothersfather,mam,mam,m a m,,hindukush,,,^ m a m $,default,
ush-Kinship-mothersmother-1,,ush,Kinship-mothersmother,mijaːmiː,mijaːmiː,m i j aː m iː,,hindukush,,,^ m i j aː m iː $,default,
ush-Kinship-sonsson-1,,ush,Kinship-sonsson,nuːsaːj,nuːsaːj,n uː s aː j,,hindukush,,,^ n uː s aː j $,default,
ush-Kinship-sonsdaughter-1,,ush,Kinship-sonsdaughter,nuːsaj,nuːsaj,n uː s a j,,hindukush,,,^ n uː s a j $,default,
ush-Kinship-daughtersson-1,,ush,Kinship-daughtersson,nuːsaːj,nuːsaːj,n uː s aː j,,hindukush,,,^ n uː s aː j $,default,
ush-Kinship-daughtersdaughter-1,,ush,Kinship-daughtersdaughter,nuːsaj,nuːsaj,n uː s a j,,hindukush,,,^ n uː s a j $,default,
ush-Kinship-fathersbrother-1,,ush,Kinship-fathersbrother,"t͡ʃaːt͡ʃaː, piʈ͡ʂiː",t͡ʃaːt͡ʃaː,tʃ aː tʃ aː,,hindukush,,,^ t͡ʃ aː t͡ʃ aː $,default,
ush-Kinship-fathersbrother-2,,ush,Kinship-fathersbrother,"t͡ʃaːt͡ʃaː, piʈ͡ʂiː",piʈ͡ʂiː,p i ʈʂ iː,,hindukush,,,^ p i ʈ͡ʂ iː $,default,
ush-Kinship-fathersolderbrother-1,,ush,Kinship-fathersolderbrother,"baɽu t͡ʃaːt͡ʃa, baɽu piʈ͡ʂiː",baɽu_t͡ʃaːt͡ʃa,b a ɽ u + tʃ aː tʃ a,,hindukush,,,^ b a ɽ u _ t͡ʃ aː t͡ʃ a $,default,
ush-Kinship-fathersolderbrother-2,,ush,Kinship-fathersolderbrother,"baɽu t͡ʃaːt͡ʃa, baɽu piʈ͡ʂiː",baɽu_piʈ͡ʂiː,b a ɽ u + p i ʈʂ iː,,hindukush,,,^ b a ɽ u _ p i ʈ͡ʂ iː $,default,
ush-Kinship-fathersyoungerbrother-1,,ush,Kinship-fathersyoungerbrother,"ʃunuːʈu t͡ʃaːt͡ʃa, ʃunuːʈu piʈ͡ʂiː",ʃunuːʈu_t͡ʃaːt͡ʃa,ʃ u n uː ʈ u + tʃ aː tʃ a,,hindukush,,,^ ʃ u n uː ʈ u _ t͡ʃ aː t͡ʃ a $,default,
ush-Kinship-fathersyoungerbrother-2,,ush,Kinship-fathersyoungerbrother,"ʃunuːʈu t͡ʃaːt͡ʃa, ʃunuːʈu piʈ͡ʂiː",ʃunuːʈu_piʈ͡ʂiː,ʃ u n uː ʈ u + p i ʈʂ iː,,hindukush,,,^ ʃ u n uː ʈ u _ p i ʈ͡ʂ iː $,default,
ush-Kinship-fatherssister-1,,ush,Kinship-fatherssister,paːpo,paːpo,p aː p o,,hindukush,,,^ p aː p o $,default,
ush-Kinship-fathersoldersister-1,,ush,Kinship-fathersoldersister,baɽi paːpo,baɽi_paːpo,b a ɽ i + p aː p o,,hindukush,,,^ b a ɽ i _ p aː p o $,default,
ush-Kinship-fathersyoungersister-1,,ush,Kinship-fathersyoungersister,ʃunuːʈi paːpo,ʃunuːʈi_paːpo,ʃ u n uː ʈ i + p aː p o,,hindukush,,,^ ʃ u n uː ʈ i _ p aː p o $,default,
ush-Kinship-mothersbrother-1,,ush,Kinship-mothersbrother,"maːmaː, moːl",maːmaː,m aː m aː,,hindukush,,,^ m aː m aː $,default,
ush-Kinship-mothersbrother-2,,ush,Kinship-mothersbrother,"maːmaː, moːl",moːl,m oː l,,hindukush,,,^ m oː l $,default,
ush-Kinship-mothersolderbrother-1,,ush,Kinship-mothersolderbrother,miminiː,miminiː,m i m i n iː,,hindukush,,,^ m i m i n iː $,default,
ush-Kinship-mothersyoungerbrother-1,,ush,Kinship-mothersyoungerbrother,"ʃunuːʈu maːmaː, ʃunuːʈu moːl",ʃunuːʈu_maːmaː,ʃ u n uː ʈ u + m aː m aː,,hindukush,,,^ ʃ u n uː ʈ u _ m aː m aː $,default,
ush-Kinship-mothersyoungerbrother-2,,ush,Kinship-mothersyoungerbrother,"ʃunuːʈu maːmaː, ʃunuːʈu moːl",ʃunuːʈu_moːl,ʃ u n uː ʈ u + m oː l,,hindukush,,,^ ʃ u n uː ʈ u _ m oː l $,default,
ush-Kinship-motherssister-1,,ush,Kinship-motherssister,maːʃoː,maːʃoː,m aː ʃ oː,,hindukush,,,^ m aː ʃ oː $,default,
ush-Kinship-mothersoldersister-1,,ush,Kinship-mothersoldersister,baɽi maːʃoː,baɽi_maːʃoː,b a ɽ i + m aː ʃ oː,,hindukush,,,^ b a ɽ i _ m aː ʃ oː $,default,
ush-Kinship-mothersyoungersister-1,,ush,Kinship-mothersyoungersister,ʃunuːʈi maːʃoː,ʃunuːʈi_maːʃoː,ʃ u n uː ʈ i + m aː ʃ oː,,hindukush,,,^ ʃ u n uː ʈ i _ m aː ʃ oː $,default,
ush-Kinship-brothersson-1,,ush,Kinship-brothersson,ʐʰawloː,ʐʰawloː,ʐʰ a w l oː,,hindukush,,,^ ʐʰ a w l oː $,default,
ush-Kinship-brothersdaughter-1,,ush,Kinship-brothersdaughter,ʐʰawliː,ʐʰawliː,ʐʰ a w l iː,,hindukush,,,^ ʐʰ a w l iː $,default,
ush-Kinship-sistersson-1,,ush,Kinship-sistersson,χoraːj,χoraːj,χ o r aː j,,hindukush,,,^ χ o r aː j $,default,
ush-Kinship-sistersdaughter-1,,ush,Kinship-sistersdaughter,χorzu,χorzu,χ o r z u,,hindukush,,,^ χ o r z u $,default,
ush-Kinship-husband-1,,ush,Kinship-husband,kʰaman,kʰaman,kʰ a m a n,,hindukush,,,^ kʰ a m a n $,default,
ush-Kinship-wife-1,,ush,Kinship-wife,ʈ͡ʂaj,ʈ͡ʂaj,ʈʂ a j,,hindukush,,,^ ʈ͡ʂ a j $,default,
ush-Kinship-fathersolderbrotherswife-1,,ush,Kinship-fathersolderbrotherswife,"baɽi t͡ʃaːt͡ʃiː, baɽi piʈ͡ʂijaːniː",baɽi_t͡ʃaːt͡ʃiː,b a ɽ i + tʃ aː tʃ iː,,hindukush,,,^ b a ɽ i _ t͡ʃ aː t͡ʃ iː $,default,
ush-Kinship-fathersolderbrotherswife-2,,ush,Kinship-fathersolderbrotherswife,"baɽi t͡ʃaːt͡ʃiː, baɽi piʈ͡ʂijaːniː",baɽi_piʈ͡ʂijaːniː,b a ɽ i + p i ʈʂ i j aː n iː,,hindukush,,,^ b a ɽ i _ p i ʈ͡ʂ i j aː n iː $,default,
ush-Kinship-fathersyoungerbrotherswife-1,,ush,Kinship-fathersyoungerbrotherswife,"ʃunuːʈi t͡ʃaːt͡ʃiː, ʃunuːʈi piʈ͡ʂijaːniː",ʃunuːʈi_t͡ʃaːt͡ʃiː,ʃ u n uː ʈ i + tʃ aː tʃ iː,,hindukush,,,^ ʃ u n uː ʈ i _ t͡ʃ aː t͡ʃ iː $,default,
ush-Kinship-fathersyoungerbrotherswife-2,,ush,Kinship-fathersyoungerbrotherswife,"ʃunuːʈi t͡ʃaːt͡ʃiː, ʃunuːʈi piʈ͡ʂijaːniː",ʃunuːʈi_piʈ͡ʂijaːniː,ʃ u n uː ʈ i + p i ʈʂ i j aː n iː,,hindukush,,,^ ʃ u n uː ʈ i _ p i ʈ͡ʂ i j aː n iː $,default,
ush-Kinship-fatherssistershusband-1,,ush,Kinship-fatherssistershusband,pʰaːp,pʰaːp,pʰ aː p,,hindukush,,,^ pʰ aː p $,default,
ush-Kinship-mothersbrotherswife-1,,ush,Kinship-mothersbrotherswife,miminiː,miminiː,m i m i n iː,,hindukush,,,^ m i m i n iː $,default,
ush-Kinship-motherssistershusband-1,,ush,Kinship-motherssistershusband,maːmaː,maːmaː,m aː m aː,,hindukush,,,^ m aː m aː $,default,
ush-Kinship-sonswife-1,,ush,Kinship-sonswife,nuːʂ,nuːʂ,n uː ʂ,,hindukush,,,^ n uː ʂ $,default,
ush-Kinship-daughtershusband-1,,ush,Kinship-daughtershusband,d͡ʒamaːʈ͡ʂoː,d͡ʒamaːʈ͡ʂoː,dʒ a m aː ʈʂ oː,,hindukush,,,^ d͡ʒ a m aː ʈ͡ʂ oː $,default,
ush-Kinship-brotherswifemaleego-1,,ush,Kinship-brotherswifemaleego,bad͡ʒʰaj,bad͡ʒʰaj,b a dʒʰ a j,,hindukush,,,^ b a d͡ʒʰ a j $,default,
ush-Kinship-brotherswifefemaleego-1,,ush,Kinship-brotherswifefemaleego,bad͡ʒʰaj,bad͡ʒʰaj,b a dʒʰ a j,,hindukush,,,^ b a d͡ʒʰ a j $,default,
ush-Kinship-sistershusbandmaleego-1,,ush,Kinship-sistershusbandmaleego,"d͡ʒamaːʈ͡ʂoː, saraːn",d͡ʒamaːʈ͡ʂoː,dʒ a m aː ʈʂ oː,,hindukush,,,^ d͡ʒ a m aː ʈ͡ʂ oː $,default,
ush-Kinship-sistershusbandmaleego-2,,ush,Kinship-sistershusbandmaleego,"d͡ʒamaːʈ͡ʂoː, saraːn",saraːn,s a r aː n,,hindukush,,,^ s a r aː n $,default,
ush-Kinship-sistershusbandfemaleego-1,,ush,Kinship-sistershusbandfemaleego,saraːn,saraːn,s a r aː n,,hindukush,,,^ s a r aː n $,default,
ush-Kinship-wifesfather-1,,ush,Kinship-wifesfather,ʃawar,ʃawar,ʃ a w a r,,hindukush,,,^ ʃ a w a r $,default,
ush-Kinship-wifesmother-1,,ush,Kinship-wifesmother,paʃ,paʃ,p a ʃ,,hindukush,,,^ p a ʃ $,default,
ush-Kinship-husbandsfather-1,,ush,Kinship-husbandsfather,ʃawar,ʃawar,ʃ a w a r,,hindukush,,,^ ʃ a w a r $,default,
ush-Kinship-husbandsmother-1,,ush,Kinship-husbandsmother,paʃ,paʃ,p a ʃ,,hindukush,,,^ p a ʃ $,default,
ush-Kinship-husbandsbrother-1,,ush,Kinship-husbandsbrother,diːru,diːru,d iː r u,,hindukush,,,^ d iː r u $,default,
ush-Kinship-husbandssister-1,,ush,Kinship-husbandssister,d͡ʒamiːliː,d͡ʒamiːliː,dʒ a m iː l iː,,hindukush,,,^ d͡ʒ a m iː l iː $,default,
ush-Kinship-wifesbrother-1,,ush,Kinship-wifesbrother,ʃijaːʃoː,ʃijaːʃoː,ʃ i j aː ʃ oː,,hindukush,,,^ ʃ i j aː ʃ oː $,default,
ush-Kinship-wifessister-1,,ush,Kinship-wifessister,χinaː,χinaː,χ i n aː,,hindukush,,,^ χ i n aː $,default,
ush-Kinship-husbandsbrotherswife-1,,ush,Kinship-husbandsbrotherswife,jiːliː,jiːliː,j iː l iː,,hindukush,,,^ j iː l iː $,default,
ush-Kinship-husbandssistershusband-1,,ush,Kinship-husbandssistershusband,saraːn,saraːn,s a r aː n,,hindukush,,,^ s a r aː n $,default,
ush-Kinship-wifesbrotherswife-1,,ush,Kinship-wifesbrotherswife,bad͡ʒʰaj,bad͡ʒʰaj,b a dʒʰ a j,,hindukush,,,^ b a d͡ʒʰ a j $,default,
ush-Kinship-wifessistershusband-1,,ush,Kinship-wifessistershusband,saːnɖu,saːnɖu,s aː n ɖ u,,hindukush,,,^ s aː n ɖ u $,default,
ush-Kinship-cowife-1,,ush,Kinship-cowife,ʈ͡ʂaːg,ʈ͡ʂaːg,ʈʂ aː g,,hindukush,,,^ ʈ͡ʂ aː g $,default,
ush-Kinship-stepsisternosharedparent-1,,ush,Kinship-stepsisternosharedparent,"majraːnaːj, raʂaːli sas",majraːnaːj,m a j r aː n aː j,,hindukush,,,^ m a j r aː n aː j $,default,
ush-Kinship-stepsisternosharedparent-2,,ush,Kinship-stepsisternosharedparent,"majraːnaːj, raʂaːli sas",raʂaːli_sas,r a ʂ aː l i + s a s,,hindukush,,,^ r a ʂ aː l i _ s a s $,default,
ush-Kinship-stepbrothernosharedparent-1,,ush,Kinship-stepbrothernosharedparent,majraːnaj,majraːnaj,m a j r aː n a j,,hindukush,,,^ m a j r aː n a j $,default,
ush-Kinship-stepmother-1,,ush,Kinship-stepmother,majra maːliː,majra_maːliː,m a j r a + m aː l iː,,hindukush,,,^ m a j r a _ m aː l iː $,default,
ush-Kinship-stepfather-1,,ush,Kinship-stepfather,majra maːlo,majra_maːlo,m a j r a + m aː l o,,hindukush,,,^ m a j r a _ m aː l o $,default,
ush-Kinship-stepson-1,,ush,Kinship-stepson,parkaʈaː,parkaʈaː,p a r k a ʈ aː,,hindukush,,,^ p a r k a ʈ aː $,default,
ush-Kinship-stepdaughter-1,,ush,Kinship-stepdaughter,parkaʈaj,parkaʈaj,p a r k a ʈ a j,,hindukush,,,^ p a r k a ʈ a j $,default,
ush-Kinship-fathersfathersfather-1,,ush,Kinship-fathersfathersfather,pʰardaːdo,pʰardaːdo,pʰ a r d aː d o,,hindukush,,,^ pʰ a r d aː d o $,default,
ush-Kinship-mothersmothersmother-1,,ush,Kinship-mothersmothersmother,pʰardijaːdiː,pʰardijaːdiː,pʰ a r d i j aː d iː,,hindukush,,,^ pʰ a r d i j aː d iː $,default,
ush-Kinship-forefather-1,,ush,Kinship-forefather,maːlo daːdo,maːlo_daːdo,m aː l o + d aː d o,,hindukush,,,^ m aː l o _ d aː d o $,default,
ush-Kinship-fathersbrothersson-1,,ush,Kinship-fathersbrothersson,piʈ͡ʂeː pʰoː,piʈ͡ʂeː_pʰoː,p i ʈʂ eː + pʰ oː,,hindukush,,,^ p i ʈ͡ʂ eː _ pʰ oː $,default,
ush-Kinship-fathersbrothersdaughter-1,,ush,Kinship-fathersbrothersdaughter,piʈ͡ʂeː pʰuwiː,piʈ͡ʂeː_pʰuwiː,p i ʈʂ eː + pʰ u w iː,,hindukush,,,^ p i ʈ͡ʂ eː _ pʰ u w iː $,default,
ush-Kinship-fatherssistersson-1,,ush,Kinship-fatherssistersson,paːpuːj pʰoː,paːpuːj_pʰoː,p aː p uː j + pʰ oː,,hindukush,,,^ p aː p uː j _ pʰ oː $,default,
ush-Kinship-fatherssistersdaughter-1,,ush,Kinship-fatherssistersdaughter,paːpuːj pʰuwiː,paːpuːj_pʰuwiː,p aː p uː j + pʰ u w iː,,hindukush,,,^ p aː p uː j _ pʰ u w iː $,default,
ush-Kinship-mothersbrothersson-1,,ush,Kinship-mothersbrothersson,maːmaːj pʰoː,maːmaːj_pʰoː,m aː m aː j + pʰ oː,,hindukush,,,^ m aː m aː j _ pʰ oː $,default,
ush-Kinship-mothersbrothersdaughter-1,,ush,Kinship-mothersbrothersdaughter,maːmaːj pʰuwiː,maːmaːj_pʰuwiː,m aː m aː j + pʰ u w iː,,hindukush,,,^ m aː m aː j _ pʰ u w iː $,default,
ush-Kinship-motherssistersson-1,,ush,Kinship-motherssistersson,mijaːʃoː,mijaːʃoː,m i j aː ʃ oː,,hindukush,,,^ m i j aː ʃ oː $,default,
ush-Kinship-motherssistersdaughter-1,,ush,Kinship-motherssistersdaughter,mijaːʃoːgaj,mijaːʃoːgaj,m i j aː ʃ oː g a j,,hindukush,,,^ m i j aː ʃ oː g a j $,default,
ush-Kinship-relative-1,,ush,Kinship-relative,nasabiː,nasabiː,n a s a b iː,,hindukush,,,^ n a s a b iː $,default,
ush-Kinship-bloodrelative-1,,ush,Kinship-bloodrelative,nasabiː,nasabiː,n a s a b iː,,hindukush,,,^ n a s a b iː $,default,
ush-Kinship-wifesrelatives-1,,ush,Kinship-wifesrelatives,ʃawar χeːli,ʃawar_χeːli,ʃ a w a r + χ eː l i,,hindukush,,,^ ʃ a w a r _ χ eː l i $,default,
ush-Kinship-headofhousehold-1,,ush,Kinship-headofhousehold,neːk,neːk,n eː k,,hindukush,,,^ n eː k $,default,
ush-Kinship-halfsistersamefatherdifferentmother-1,,ush,Kinship-halfsistersamefatherdifferentmother,majraː sas,majraː_sas,m a j r aː + s a s,,hindukush,,,^ m a j r aː _ s a s $,default,
ush-Kinship-halfbrothersamefatherdifferentmother-1,,ush,Kinship-halfbrothersamefatherdifferentmother,majraː ʐaː,majraː_ʐaː,m a j r aː + ʐ aː,,hindukush,,,^ m a j r aː _ ʐ aː $,default,
ush-Kinship-halfsistersamemotherdifferentfather-1,,ush,Kinship-halfsistersamemotherdifferentfather,majraː sas,majraː_sas,m a j r aː + s a s,,hindukush,,,^ m a j r aː _ s a s $,default,
ush-Kinship-halfbrothersamemotherdifferentfather-1,,ush,Kinship-halfbrothersamemotherdifferentfather,majraː ʐaː,majraː_ʐaː,m a j r aː + ʐ aː,,hindukush,,,^ m a j r aː _ ʐ aː $,default,
uzs-Kinship-father-1,,uzs,Kinship-father,ɑːta,ɑːta,ɑː t a,,hindukush,,,^ ɑː t a $,default,
uzs-Kinship-mother-1,,uzs,Kinship-mother,ɑːna,ɑːna,ɑː n a,,hindukush,,,^ ɑː n a $,default,
uzs-Kinship-parent-1,,uzs,Kinship-parent,ɑːta ɑːna,ɑːta_ɑːna,ɑː t a + ɑː n a,,hindukush,,,^ ɑː t a _ ɑː n a $,default,
uzs-Kinship-son-1,,uzs,Kinship-son,wuʁul,wuʁul,w u ʁ u l,,hindukush,,,^ w u ʁ u l $,default,
uzs-Kinship-daughter-1,,uzs,Kinship-daughter,qiz,qiz,q i z,,hindukush,,,^ q i z $,default,
uzs-Kinship-ownchild-1,,uzs,Kinship-ownchild,majda bat͡ʃa,majda_bat͡ʃa,m a j d a + b a tʃ a,,hindukush,,,^ m a j d a _ b a t͡ʃ a $,default,
uzs-Kinship-brother-1,,uzs,Kinship-brother,jini,jini,j i n i,,hindukush,,,^ j i n i $,default,
uzs-Kinship-sister-1,,uzs,Kinship-sister,siŋgil,siŋgil,s i ŋ g i l,,hindukush,,,^ s i ŋ g i l $,default,
uzs-Kinship-olderbrother-1,,uzs,Kinship-olderbrother,kata jini,kata_jini,k a t a + j i n i,,hindukush,,,^ k a t a _ j i n i $,default,
uzs-Kinship-youngerbrother-1,,uzs,Kinship-youngerbrother,kit͡ʃig jini,kit͡ʃig_jini,k i tʃ i g + j i n i,,hindukush,,,^ k i t͡ʃ i g _ j i n i $,default,
uzs-Kinship-oldersister-1,,uzs,Kinship-oldersister,kata siŋgil,kata_siŋgil,k a t a + s i ŋ g i l,,hindukush,,,^ k a t a _ s i ŋ g i l $,default,
uzs-Kinship-youngersister-1,,uzs,Kinship-youngersister,majda siŋgil,majda_siŋgil,m a j d a + s i ŋ g i l,,hindukush,,,^ m a j d a _ s i ŋ g i l $,default,
uzs-Kinship-fathersfather-1,,uzs,Kinship-fathersfather,"ɑːta buːwa, bɑːbɑː",ɑːta_buːwa,ɑː t a + b uː w a,,hindukush,,,^ ɑː t a _ b uː w a $,default,
uzs-Kinship-fathersfather-2,,uzs,Kinship-fathersfather,"ɑːta buːwa, bɑːbɑː",bɑːbɑː,b ɑː b ɑː,,hindukush,,,^ b ɑː b ɑː $,default,
uzs-Kinship-fathersmother-1,,uzs,Kinship-fathersmother,ɑːta mɑːmɑː,ɑːta_mɑːmɑː,ɑː t a + m ɑː m ɑː,,hindukush,,,^ ɑː t a _ m ɑː m ɑː $,default,
uzs-Kinship-mothersfather-1,,uzs,Kinship-mothersfather,ɑːta buːwa,ɑːta_buːwa,ɑː t a + b uː w a,,hindukush,,,^ ɑː t a _ b uː w a $,default,
uzs-Kinship-mothersmother-1,,uzs,Kinship-mothersmother,ɑːna mɑːmɑː,ɑːna_mɑːmɑː,ɑː n a + m ɑː m ɑː,,hindukush,,,^ ɑː n a _ m ɑː m ɑː $,default,
uzs-Kinship-sonsson-1,,uzs,Kinship-sonsson,wuʁul niːwara,wuʁul_niːwara,w u ʁ u l + n iː w a r a,,hindukush,,,^ w u ʁ u l _ n iː w a r a $,default,
uzs-Kinship-sonsdaughter-1,,uzs,Kinship-sonsdaughter,qiz niːwara,qiz_niːwara,q i z + n iː w a r a,,hindukush,,,^ q i z _ n iː w a r a $,default,
uzs-Kinship-daughtersson-1,,uzs,Kinship-daughtersson,bat͡ʃa niːwara,bat͡ʃa_niːwara,b a tʃ a + n iː w a r a,,hindukush,,,^ b a t͡ʃ a _ n iː w a r a $,default,
uzs-Kinship-daughtersdaughter-1,,uzs,Kinship-daughtersdaughter,qiz niːwara,qiz_niːwara,q i z + n iː w a r a,,hindukush,,,^ q i z _ n iː w a r a $,default,
uzs-Kinship-fathersbrother-1,,uzs,Kinship-fathersbrother,ɑːwa,ɑːwa,ɑː w a,,hindukush,,,^ ɑː w a $,default,
uzs-Kinship-fathersolderbrother-1,,uzs,Kinship-fathersolderbrother,kata ɑːwa,kata_ɑːwa,k a t a + ɑː w a,,hindukush,,,^ k a t a _ ɑː w a $,default,
uzs-Kinship-fathersyoungerbrother-1,,uzs,Kinship-fathersyoungerbrother,majda ɑːwa,majda_ɑːwa,m a j d a + ɑː w a,,hindukush,,,^ m a j d a _ ɑː w a $,default,
uzs-Kinship-fatherssister-1,,uzs,Kinship-fatherssister,ama,ama,a m a,,hindukush,,,^ a m a $,default,
uzs-Kinship-fathersoldersister-1,,uzs,Kinship-fathersoldersister,kata ama,kata_ama,k a t a + a m a,,hindukush,,,^ k a t a _ a m a $,default,
uzs-Kinship-fathersyoungersister-1,,uzs,Kinship-fathersyoungersister,majda ama,majda_ama,m a j d a + a m a,,hindukush,,,^ m a j d a _ a m a $,default,
uzs-Kinship-mothersbrother-1,,uzs,Kinship-mothersbrother,taʁa,taʁa,t a ʁ a,,hindukush,,,^ t a ʁ a $,default,
uzs-Kinship-mothersolderbrother-1,,uzs,Kinship-mothersolderbrother,kata taʁa,kata_taʁa,k a t a + t a ʁ a,,hindukush,,,^ k a t a _ t a ʁ a $,default,
uzs-Kinship-mothersyoungerbrother-1,,uzs,Kinship-mothersyoungerbrother,"majda taʁa, kiːnd͡ʒa taʁa",majda_taʁa,m a j d a + t a ʁ a,,hindukush,,,^ m a j d a _ t a ʁ a $,default,
uzs-Kinship-mothersyoungerbrother-2,,uzs,Kinship-mothersyoungerbrother,"majda taʁa, kiːnd͡ʒa taʁa",kiːnd͡ʒa_taʁa,k iː n dʒ a + t a ʁ a,,hindukush,,,^ k iː n d͡ʒ a _ t a ʁ a $,default,
uzs-Kinship-motherssister-1,,uzs,Kinship-motherssister,χɑːla,χɑːla,χ ɑː l a,,hindukush,,,^ χ ɑː l a $,default,
uzs-Kinship-mothersoldersister-1,,uzs,Kinship-mothersoldersister,kata χɑːla,kata_χɑːla,k a t a + χ ɑː l a,,hindukush,,,^ k a t a _ χ ɑː l a $,default,
uzs-Kinship-mothersyoungersister-1,,uzs,Kinship-mothersyoungersister,majda χɑːla,majda_χɑːla,m a j d a + χ ɑː l a,,hindukush,,,^ m a j d a _ χ ɑː l a $,default,
uzs-Kinship-brothersson-1,,uzs,Kinship-brothersson,jini nu wuʁli,jini_nu_wuʁli,j i n i + n u + w u ʁ l i,,hindukush,,,^ j i n i _ n u _ w u ʁ l i $,default,
uzs-Kinship-brothersdaughter-1,,uzs,Kinship-brothersdaughter,jini ni qizi,jini_ni_qizi,j i n i + n i + q i z i,,hindukush,,,^ j i n i _ n i _ q i z i $,default,
uzs-Kinship-sistersson-1,,uzs,Kinship-sistersson,siŋgilu wuʁli,siŋgilu_wuʁli,s i ŋ g i l u + w u ʁ l i,,hindukush,,,^ s i ŋ g i l u _ w u ʁ l i $,default,
uzs-Kinship-sistersdaughter-1,,uzs,Kinship-sistersdaughter,siŋgili qizi,siŋgili_qizi,s i ŋ g i l i + q i z i,,hindukush,,,^ s i ŋ g i l i _ q i z i $,default,
uzs-Kinship-husband-1,,uzs,Kinship-husband,jer,jer,j e r,,hindukush,,,^ j e r $,default,
uzs-Kinship-wife-1,,uzs,Kinship-wife,χɑːtun,χɑːtun,χ ɑː t u n,,hindukush,,,^ χ ɑː t u n $,default,
uzs-Kinship-fathersolderbrotherswife-1,,uzs,Kinship-fathersolderbrotherswife,kata jiŋga,kata_jiŋga,k a t a + j i ŋ g a,,hindukush,,,^ k a t a _ j i ŋ g a $,default,
uzs-Kinship-fathersyoungerbrotherswife-1,,uzs,Kinship-fathersyoungerbrotherswife,majda jiŋga,majda_jiŋga,m a j d a + j i ŋ g a,,hindukush,,,^ m a j d a _ j i ŋ g a $,default,
uzs-Kinship-fatherssistershusband-1,,uzs,Kinship-fatherssistershusband,ama niːjeri,ama_niːjeri,a m a + n iː j e r i,,hindukush,,,^ a m a _ n iː j e r i $,default,
uzs-Kinship-mothersbrotherswife-1,,uzs,Kinship-mothersbrotherswife,taʁa ni χɑːtuni,taʁa_ni_χɑːtuni,t a ʁ a + n i + χ ɑː t u n i,,hindukush,,,^ t a ʁ a _ n i _ χ ɑː t u n i $,default,
uzs-Kinship-motherssistershusband-1,,uzs,Kinship-motherssistershusband,χɑːla niːjeri,χɑːla_niːjeri,χ ɑː l a + n iː j e r i,,hindukush,,,^ χ ɑː l a _ n iː j e r i $,default,
uzs-Kinship-sonswife-1,,uzs,Kinship-sonswife,kelin,kelin,k e l i n,,hindukush,,,^ k e l i n $,default,
uzs-Kinship-daughtershusband-1,,uzs,Kinship-daughtershusband,kijɑːw,kijɑːw,k i j ɑː w,,hindukush,,,^ k i j ɑː w $,default,
uzs-Kinship-brotherswifemaleego-1,,uzs,Kinship-brotherswifemaleego,jaŋga,jaŋga,j a ŋ g a,,hindukush,,,^ j a ŋ g a $,default,
uzs-Kinship-brotherswifefemaleego-1,,uzs,Kinship-brotherswifefemaleego,jaŋga,jaŋga,j a ŋ g a,,hindukush,,,^ j a ŋ g a $,default,
uzs-Kinship-sistershusbandmaleego-1,,uzs,Kinship-sistershusbandmaleego,izna,izna,i z n a,,hindukush,,,^ i z n a $,default,
uzs-Kinship-sistershusbandfemaleego-1,,uzs,Kinship-sistershusbandfemaleego,bɑːd͡ʒa,bɑːd͡ʒa,b ɑː dʒ a,,hindukush,,,^ b ɑː d͡ʒ a $,default,
uzs-Kinship-wifesfather-1,,uzs,Kinship-wifesfather,qajn ɑːta,qajn_ɑːta,q a j n + ɑː t a,,hindukush,,,^ q a j n _ ɑː t a $,default,
uzs-Kinship-wifesmother-1,,uzs,Kinship-wifesmother,qajn ɑːna,qajn_ɑːna,q a j n + ɑː n a,,hindukush,,,^ q a j n _ ɑː n a $,default,
uzs-Kinship-husbandsfather-1,,uzs,Kinship-husbandsfather,qajn ɑːta,qajn_ɑːta,q a j n + ɑː t a,,hindukush,,,^ q a j n _ ɑː t a $,default,
uzs-Kinship-husbandsmother-1,,uzs,Kinship-husbandsmother,qajn ɑːna,qajn_ɑːna,q a j n + ɑː n a,,hindukush,,,^ q a j n _ ɑː n a $,default,
uzs-Kinship-husbandsbrother-1,,uzs,Kinship-husbandsbrother,qajn ɑːʁa,qajn_ɑːʁa,q a j n + ɑː ʁ a,,hindukush,,,^ q a j n _ ɑː ʁ a $,default,
uzs-Kinship-husbandssister-1,,uzs,Kinship-husbandssister,qajn siŋgil,qajn_siŋgil,q a j n + s i ŋ g i l,,hindukush,,,^ q a j n _ s i ŋ g i l $,default,
uzs-Kinship-wifesbrother-1,,uzs,Kinship-wifesbrother,qajn ɑːʁa,qajn_ɑːʁa,q a j n + ɑː ʁ a,,hindukush,,,^ q a j n _ ɑː ʁ a $,default,
uzs-Kinship-wifessister-1,,uzs,Kinship-wifessister,qajn siŋgil,qajn_siŋgil,q a j n + s i ŋ g i l,,hindukush,,,^ q a j n _ s i ŋ g i l $,default,
uzs-Kinship-husbandsbrotherswife-1,,uzs,Kinship-husbandsbrotherswife,qajn ɑːʁa χɑːtuni,qajn_ɑːʁa_χɑːtuni,q a j n + ɑː ʁ a + χ ɑː t u n i,,hindukush,,,^ q a j n _ ɑː ʁ a _ χ ɑː t u n i $,default,
uzs-Kinship-husbandssistershusband-1,,uzs,Kinship-husbandssistershusband,"qajn ɑːʁa, ɑːwsun",qajn_ɑːʁa,q a j n + ɑː ʁ a,,hindukush,,,^ q a j n _ ɑː ʁ a $,default,
uzs-Kinship-husbandssistershusband-2,,uzs,Kinship-husbandssistershusband,"qajn ɑːʁa, ɑːwsun",ɑːwsun,ɑː w s u n,,hindukush,,,^ ɑː ws u n $,default,
uzs-Kinship-wifesbrotherswife-1,,uzs,Kinship-wifesbrotherswife,qajn ɑːʁa ni χɑːtuni,qajn_ɑːʁa_ni_χɑːtuni,q a j n + ɑː ʁ a + n i + χ ɑː t u n i,,hindukush,,,^ q a j n _ ɑː ʁ a _ n i _ χ ɑː t u n i $,default,
uzs-Kinship-wifessistershusband-1,,uzs,Kinship-wifessistershusband,bɑːd͡ʒa,bɑːd͡ʒa,b ɑː dʒ a,,hindukush,,,^ b ɑː d͡ʒ a $,default,
uzs-Kinship-cowife-1,,uzs,Kinship-cowife,kundɑːʃ,kundɑːʃ,k u n d ɑː ʃ,,hindukush,,,^ k u n d ɑː ʃ $,default,
uzs-Kinship-sonswifesfather-1,,uzs,Kinship-sonswifesfather,quda,quda,q u d a,,hindukush,,,^ q u d a $,default,
uzs-Kinship-sonswifesmother-1,,uzs,Kinship-sonswifesmother,quda,quda,q u d a,,hindukush,,,^ q u d a $,default,
uzs-Kinship-daughtershusbandsfather-1,,uzs,Kinship-daughtershusbandsfather,quda,quda,q u d a,,hindukush,,,^ q u d a $,default,
uzs-Kinship-daughtershusbandsmother-1,,uzs,Kinship-daughtershusbandsmother,quda,quda,q u d a,,hindukush,,,^ q u d a $,default,
uzs-Kinship-stepsisternosharedparent-1,,uzs,Kinship-stepsisternosharedparent,wigaj siŋgil,wigaj_siŋgil,w i g a j + s i ŋ g i l,,hindukush,,,^ w i g a j _ s i ŋ g i l $,default,
uzs-Kinship-stepbrothernosharedparent-1,,uzs,Kinship-stepbrothernosharedparent,wigaj jini,wigaj_jini,w i g a j + j i n i,,hindukush,,,^ w i g a j _ j i n i $,default,
uzs-Kinship-stepmother-1,,uzs,Kinship-stepmother,wigaj ɑːna,wigaj_ɑːna,w i g a j + ɑː n a,,hindukush,,,^ w i g a j _ ɑː n a $,default,
uzs-Kinship-stepfather-1,,uzs,Kinship-stepfather,wigaj ɑːta,wigaj_ɑːta,w i g a j + ɑː t a,,hindukush,,,^ w i g a j _ ɑː t a $,default,
uzs-Kinship-stepson-1,,uzs,Kinship-stepson,wigaj wuʁul,wigaj_wuʁul,w i g a j + w u ʁ u l,,hindukush,,,^ w i g a j _ w u ʁ u l $,default,
uzs-Kinship-stepdaughter-1,,uzs,Kinship-stepdaughter,wigaj qiz,wigaj_qiz,w i g a j + q i z,,hindukush,,,^ w i g a j _ q i z $,default,
uzs-Kinship-fathersfathersfather-1,,uzs,Kinship-fathersfathersfather,kata buːwa,kata_buːwa,k a t a + b uː w a,,hindukush,,,^ k a t a _ b uː w a $,default,
uzs-Kinship-mothersmothersmother-1,,uzs,Kinship-mothersmothersmother,kata mɑːmɑː,kata_mɑːmɑː,k a t a + m ɑː m ɑː,,hindukush,,,^ k a t a _ m ɑː m ɑː $,default,
uzs-Kinship-forefather-1,,uzs,Kinship-forefather,ɑːta ad͡ʒdɑːd,ɑːta_ad͡ʒdɑːd,ɑː t a + a dʒ d ɑː d,,hindukush,,,^ ɑː t a _ a d͡ʒ d ɑː d $,default,
uzs-Kinship-foremother-1,,uzs,Kinship-foremother,ɑːna ad͡ʒdɑːd,ɑːna_ad͡ʒdɑːd,ɑː n a + a dʒ d ɑː d,,hindukush,,,^ ɑː n a _ a d͡ʒ d ɑː d $,default,
uzs-Kinship-fathersbrothersson-1,,uzs,Kinship-fathersbrothersson,ɑːwani wuʁli,ɑːwani_wuʁli,ɑː w a n i + w u ʁ l i,,hindukush,,,^ ɑː w a n i _ w u ʁ l i $,default,
uzs-Kinship-fathersbrothersdaughter-1,,uzs,Kinship-fathersbrothersdaughter,ɑːwani qizi,ɑːwani_qizi,ɑː w a n i + q i z i,,hindukush,,,^ ɑː w a n i _ q i z i $,default,
uzs-Kinship-fatherssistersson-1,,uzs,Kinship-fatherssistersson,amani wuʁli,amani_wuʁli,a m a n i + w u ʁ l i,,hindukush,,,^ a m a n i _ w u ʁ l i $,default,
uzs-Kinship-fatherssistersdaughter-1,,uzs,Kinship-fatherssistersdaughter,amani qizi,amani_qizi,a m a n i + q i z i,,hindukush,,,^ a m a n i _ q i z i $,default,
uzs-Kinship-mothersbrothersson-1,,uzs,Kinship-mothersbrothersson,taʁani wuʁli,taʁani_wuʁli,t a ʁ a n i + w u ʁ l i,,hindukush,,,^ t a ʁ a n i _ w u ʁ l i $,default,
uzs-Kinship-mothersbrothersdaughter-1,,uzs,Kinship-mothersbrothersdaughter,taʁani qizi,taʁani_qizi,t a ʁ a n i + q i z i,,hindukush,,,^ t a ʁ a n i _ q i z i $,default,
uzs-Kinship-motherssistersson-1,,uzs,Kinship-motherssistersson,"χɑːlani wuʁli, buːla",χɑːlani_wuʁli,χ ɑː l a n i + w u ʁ l i,,hindukush,,,^ χ ɑː l a n i _ w u ʁ l i $,default,
uzs-Kinship-motherssistersson-2,,uzs,Kinship-motherssistersson,"χɑːlani wuʁli, buːla",buːla,b uː l a,,hindukush,,,^ b uː l a $,default,
uzs-Kinship-motherssistersdaughter-1,,uzs,Kinship-motherssistersdaughter,"χɑːlani qizi, buːla",χɑːlani_qizi,χ ɑː l a n i + q i z i,,hindukush,,,^ χ ɑː l a n i _ q i z i $,default,
uzs-Kinship-motherssistersdaughter-2,,uzs,Kinship-motherssistersdaughter,"χɑːlani qizi, buːla",buːla,b uː l a,,hindukush,,,^ b uː l a $,default,
uzs-Kinship-relative-1,,uzs,Kinship-relative,χiʃ,χiʃ,χ i ʃ,,hindukush,,,^ χ i ʃ $,default,
uzs-Kinship-affinalrelative-1,,uzs,Kinship-affinalrelative,χiʃ,χiʃ,χ i ʃ,,hindukush,,,^ χ i ʃ $,default,
uzs-Kinship-bloodrelative-1,,uzs,Kinship-bloodrelative,jaqiːn χiʃ,jaqiːn_χiʃ,j a q iː n + χ i ʃ,,hindukush,,,^ j a q iː n _ χ i ʃ $,default,
uzs-Kinship-wifesrelatives-1,,uzs,Kinship-wifesrelatives,χiʃi χɑːtun,χiʃi_χɑːtun,χ i ʃ i + χ ɑː t u n,,hindukush,,,^ χ i ʃ i _ χ ɑː t u n $,default,
uzs-Kinship-headofhousehold-1,,uzs,Kinship-headofhousehold,weːj ni katasi,weːj_ni_katasi,w eː j + n i + k a t a s i,,hindukush,,,^ w eː j _ n i _ k a t a s i $,default,
uzs-Kinship-headofclan-1,,uzs,Kinship-headofclan,qawm ni katasi,qawm_ni_katasi,q a w m + n i + k a t a s i,,hindukush,,,^ q a w m _ n i _ k a t a s i $,default,
uzs-Kinship-headoftribe-1,,uzs,Kinship-headoftribe,qabiːla ni katasi,qabiːla_ni_katasi,q a b iː l a + n i + k a t a s i,,hindukush,,,^ q a b iː l a _ n i _ k a t a s i $,default,
uzs-Kinship-halfsistersamefatherdifferentmother-1,,uzs,Kinship-halfsistersamefatherdifferentmother,wigaj siŋgil,wigaj_siŋgil,w i g a j + s i ŋ g i l,,hindukush,,,^ w i g a j _ s i ŋ g i l $,default,
uzs-Kinship-halfbrothersamefatherdifferentmother-1,,uzs,Kinship-halfbrothersamefatherdifferentmother,wigaj jini,wigaj_jini,w i g a j + j i n i,,hindukush,,,^ w i g a j _ j i n i $,default,
uzs-Kinship-halfsistersamemotherdifferentfather-1,,uzs,Kinship-halfsistersamemotherdifferentfather,wigaj siŋgil,wigaj_siŋgil,w i g a j + s i ŋ g i l,,hindukush,,,^ w i g a j _ s i ŋ g i l $,default,
uzs-Kinship-halfbrothersamemotherdifferentfather-1,,uzs,Kinship-halfbrothersamemotherdifferentfather,wigaj jini,wigaj_jini,w i g a j + j i n i,,hindukush,,,^ w i g a j _ j i n i $,default,
wbk-Kinship-father-1,,wbk,Kinship-father,tati,tati,t a t i,,hindukush,,,^ t a t i $,default,
wbk-Kinship-mother-1,,wbk,Kinship-mother,jej,jej,j e j,,hindukush,,,^ j e j $,default,
wbk-Kinship-parent-1,,wbk,Kinship-parent,jej tati,jej_tati,j e j + t a t i,,hindukush,,,^ j e j _ t a t i $,default,
wbk-Kinship-son-1,,wbk,Kinship-son,zaga,zaga,z a g a,,hindukush,,,^ z a g a $,default,
wbk-Kinship-daughter-1,,wbk,Kinship-daughter,d͡ʒy,d͡ʒy,dʒ y,,hindukush,,,^ d͡ʒ y $,default,
wbk-Kinship-ownchild-1,,wbk,Kinship-ownchild,tan manə,tan_manə,t a n + m a n ə,,hindukush,,,^ t a n _ m a n ə $,default,
wbk-Kinship-brother-1,,wbk,Kinship-brother,braː,braː,b r aː,,hindukush,,,^ b r aː $,default,
wbk-Kinship-sister-1,,wbk,Kinship-sister,sos,sos,s o s,,hindukush,,,^ s o s $,default,
wbk-Kinship-olderbrother-1,,wbk,Kinship-olderbrother,dyʃtyː braː,dyʃtyː_braː,d y ʃ t yː + b r aː,,hindukush,,,^ d y ʃ t yː _ b r aː $,default,
wbk-Kinship-youngerbrother-1,,wbk,Kinship-youngerbrother,kynʃtyː braː,kynʃtyː_braː,k y n ʃ t yː + b r aː,,hindukush,,,^ k y nʃ t yː _ b r aː $,default,
wbk-Kinship-oldersister-1,,wbk,Kinship-oldersister,dyʃtyː sos,dyʃtyː_sos,d y ʃ t yː + s o s,,hindukush,,,^ d y ʃ t yː _ s o s $,default,
wbk-Kinship-youngersister-1,,wbk,Kinship-youngersister,kynʃtyː sos,kynʃtyː_sos,k y n ʃ t yː + s o s,,hindukush,,,^ k y nʃ t yː _ s o s $,default,
wbk-Kinship-fathersfather-1,,wbk,Kinship-fathersfather,guɽuwaː,guɽuwaː,g u ɽ u w aː,,hindukush,,,^ g u ɽ u w aː $,default,
wbk-Kinship-fathersmother-1,,wbk,Kinship-fathersmother,gãɽej,gãɽej,g ã ɽ e j,,hindukush,,,^ g ã ɽ e j $,default,
wbk-Kinship-mothersfather-1,,wbk,Kinship-mothersfather,guɽuwaː,guɽuwaː,g u ɽ u w aː,,hindukush,,,^ g u ɽ u w aː $,default,
wbk-Kinship-mothersmother-1,,wbk,Kinship-mothersmother,gãɽej,gãɽej,g ã ɽ e j,,hindukush,,,^ g ã ɽ e j $,default,
wbk-Kinship-sonsson-1,,wbk,Kinship-sonsson,nawaː,nawaː,n a w aː,,hindukush,,,^ n a w aː $,default,
wbk-Kinship-sonsdaughter-1,,wbk,Kinship-sonsdaughter,nut,nut,n u t,,hindukush,,,^ n u t $,default,
wbk-Kinship-daughtersson-1,,wbk,Kinship-daughtersson,nut,nut,n u t,,hindukush,,,^ n u t $,default,
wbk-Kinship-daughtersdaughter-1,,wbk,Kinship-daughtersdaughter,nut,nut,n u t,,hindukush,,,^ n u t $,default,
wbk-Kinship-fathersbrother-1,,wbk,Kinship-fathersbrother,kynʃtyː tati,kynʃtyː_tati,k y n ʃ t yː + t a t i,,hindukush,,,^ k y nʃ t yː _ t a t i $,default,
wbk-Kinship-fathersolderbrother-1,,wbk,Kinship-fathersolderbrother,dyʃtyː tati,dyʃtyː_tati,d y ʃ t yː + t a t i,,hindukush,,,^ d y ʃ t yː _ t a t i $,default,
wbk-Kinship-fathersyoungerbrother-1,,wbk,Kinship-fathersyoungerbrother,kynʃtyː tati,kynʃtyː_tati,k y n ʃ t yː + t a t i,,hindukush,,,^ k y nʃ t yː _ t a t i $,default,
wbk-Kinship-fatherssister-1,,wbk,Kinship-fatherssister,pipiː,pipiː,p i p iː,,hindukush,,,^ p i p iː $,default,
wbk-Kinship-fathersoldersister-1,,wbk,Kinship-fathersoldersister,dyʃtyː pipiː,dyʃtyː_pipiː,d y ʃ t yː + p i p iː,,hindukush,,,^ d y ʃ t yː _ p i p iː $,default,
wbk-Kinship-fathersyoungersister-1,,wbk,Kinship-fathersyoungersister,kynʃtyː pipiː,kynʃtyː_pipiː,k y n ʃ t yː + p i p iː,,hindukush,,,^ k y nʃ t yː _ p i p iː $,default,
wbk-Kinship-mothersbrother-1,,wbk,Kinship-mothersbrother,meːl,meːl,m eː l,,hindukush,,,^ m eː l $,default,
wbk-Kinship-mothersolderbrother-1,,wbk,Kinship-mothersolderbrother,dyʃtyː meːl,dyʃtyː_meːl,d y ʃ t yː + m eː l,,hindukush,,,^ d y ʃ t yː _ m eː l $,default,
wbk-Kinship-mothersyoungerbrother-1,,wbk,Kinship-mothersyoungerbrother,kynʃtyː meːl,kynʃtyː_meːl,k y n ʃ t yː + m eː l,,hindukush,,,^ k y nʃ t yː _ m eː l $,default,
wbk-Kinship-motherssister-1,,wbk,Kinship-motherssister,jej,jej,j e j,,hindukush,,,^ j e j $,default,
wbk-Kinship-mothersoldersister-1,,wbk,Kinship-mothersoldersister,dyʃtyː jej,dyʃtyː_jej,d y ʃ t yː + j e j,,hindukush,,,^ d y ʃ t yː _ j e j $,default,
wbk-Kinship-mothersyoungersister-1,,wbk,Kinship-mothersyoungersister,kynʃtyː jej,kynʃtyː_jej,k y n ʃ t yː + j e j,,hindukush,,,^ k y nʃ t yː _ j e j $,default,
wbk-Kinship-brothersson-1,,wbk,Kinship-brothersson,braː zaga,braː_zaga,b r aː + z a g a,,hindukush,,,^ b r aː _ z a g a $,default,
wbk-Kinship-brothersdaughter-1,,wbk,Kinship-brothersdaughter,paʃi,paʃi,p a ʃ i,,hindukush,,,^ p a ʃ i $,default,
wbk-Kinship-sistersson-1,,wbk,Kinship-sistersson,paʃi,paʃi,p a ʃ i,,hindukush,,,^ p a ʃ i $,default,
wbk-Kinship-sistersdaughter-1,,wbk,Kinship-sistersdaughter,paʃi,paʃi,p a ʃ i,,hindukush,,,^ p a ʃ i $,default,
wbk-Kinship-husband-1,,wbk,Kinship-husband,maːt͡ʃ,maːt͡ʃ,m aː tʃ,,hindukush,,,^ m aː t͡ʃ $,default,
wbk-Kinship-wife-1,,wbk,Kinship-wife,iʃtriː,iʃtriː,i ʃ t r iː,,hindukush,,,^ i ʃ t r iː $,default,
wbk-Kinship-fathersolderbrotherswife-1,,wbk,Kinship-fathersolderbrotherswife,kynʃtyː tati bi iʃtriː,kynʃtyː_tati_bi_iʃtriː,k y n ʃ t yː + t a t i + b i + i ʃ t r iː,,hindukush,,,^ k y nʃ t yː _ t a t i _ b i _ i ʃ t r iː $,default,
wbk-Kinship-fathersyoungerbrotherswife-1,,wbk,Kinship-fathersyoungerbrotherswife,kynʃtyː tati bi iʃtriː,kynʃtyː_tati_bi_iʃtriː,k y n ʃ t yː + t a t i + b i + i ʃ t r iː,,hindukush,,,^ k y nʃ t yː _ t a t i _ b i _ i ʃ t r iː $,default,
wbk-Kinship-fatherssistershusband-1,,wbk,Kinship-fatherssistershusband,pipije bi maːt͡ʃ,pipije_bi_maːt͡ʃ,p i p i j e + b i + m aː tʃ,,hindukush,,,^ p i p i j e _ b i _ m aː t͡ʃ $,default,
wbk-Kinship-mothersbrotherswife-1,,wbk,Kinship-mothersbrotherswife,malaːj,malaːj,m a l aː j,,hindukush,,,^ m a l aː j $,default,
wbk-Kinship-motherssistershusband-1,,wbk,Kinship-motherssistershusband,tati,tati,t a t i,,hindukush,,,^ t a t i $,default,
wbk-Kinship-sonswife-1,,wbk,Kinship-sonswife,wow,wow,w o w,,hindukush,,,^ w o w $,default,
wbk-Kinship-daughtershusband-1,,wbk,Kinship-daughtershusband,zamaː,zamaː,z a m aː,,hindukush,,,^ z a m aː $,default,
wbk-Kinship-brotherswifemaleego-1,,wbk,Kinship-brotherswifemaleego,ɻuk,ɻuk,ɻ u k,,hindukush,,,^ ɻ u k $,default,
wbk-Kinship-brotherswifefemaleego-1,,wbk,Kinship-brotherswifefemaleego,ɻuk,ɻuk,ɻ u k,,hindukush,,,^ ɻ u k $,default,
wbk-Kinship-sistershusbandmaleego-1,,wbk,Kinship-sistershusbandmaleego,waːwej,waːwej,w aː w e j,,hindukush,,,^ w aː w e j $,default,
wbk-Kinship-sistershusbandfemaleego-1,,wbk,Kinship-sistershusbandfemaleego,ɻuk,ɻuk,ɻ u k,,hindukush,,,^ ɻ u k $,default,
wbk-Kinship-wifesfather-1,,wbk,Kinship-wifesfather,puʃyːr,puʃyːr,p u ʃ yː r,,hindukush,,,^ p u ʃ yː r $,default,
wbk-Kinship-wifesmother-1,,wbk,Kinship-wifesmother,t͡soːdər,t͡soːdər,ts oː d ə r,,hindukush,,,^ t͡s oː d ə r $,default,
wbk-Kinship-husbandsfather-1,,wbk,Kinship-husbandsfather,puʃyːr,puʃyːr,p u ʃ yː r,,hindukush,,,^ p u ʃ yː r $,default,
wbk-Kinship-husbandsmother-1,,wbk,Kinship-husbandsmother,t͡soːdər,t͡soːdər,ts oː d ə r,,hindukush,,,^ t͡s oː d ə r $,default,
wbk-Kinship-husbandsbrother-1,,wbk,Kinship-husbandsbrother,deʃʈə,deʃʈə,d e ʃ ʈ ə,,hindukush,,,^ d e ʃ ʈ ə $,default,
wbk-Kinship-husbandssister-1,,wbk,Kinship-husbandssister,ɻuk,ɻuk,ɻ u k,,hindukush,,,^ ɻ u k $,default,
wbk-Kinship-wifesbrother-1,,wbk,Kinship-wifesbrother,waːwej,waːwej,w aː w e j,,hindukush,,,^ w aː w e j $,default,
wbk-Kinship-wifessister-1,,wbk,Kinship-wifessister,ɻuk,ɻuk,ɻ u k,,hindukush,,,^ ɻ u k $,default,
wbk-Kinship-husbandsbrotherswife-1,,wbk,Kinship-husbandsbrotherswife,kulmuʂ,kulmuʂ,k u l m u ʂ,,hindukush,,,^ k u l m u ʂ $,default,
wbk-Kinship-husbandssistershusband-1,,wbk,Kinship-husbandssistershusband,tati,tati,t a t i,,hindukush,,,^ t a t i $,default,
wbk-Kinship-wifesbrotherswife-1,,wbk,Kinship-wifesbrotherswife,ɻuk,ɻuk,ɻ u k,,hindukush,,,^ ɻ u k $,default,
wbk-Kinship-wifessistershusband-1,,wbk,Kinship-wifessistershusband,sanɖuː,sanɖuː,s a n ɖ uː,,hindukush,,,^ s a n ɖ uː $,default,
wbk-Kinship-cowife-1,,wbk,Kinship-cowife,maːt͡ʃ muʂ,maːt͡ʃ_muʂ,m aː tʃ + m u ʂ,,hindukush,,,^ m aː t͡ʃ _ m u ʂ $,default,
wbk-Kinship-sonswifesfather-1,,wbk,Kinship-sonswifesfather,natr,natr,n a t r,,hindukush,,,^ n a t r $,default,
wbk-Kinship-sonswifesmother-1,,wbk,Kinship-sonswifesmother,natr,natr,n a t r,,hindukush,,,^ n a t r $,default,
wbk-Kinship-daughtershusbandsfather-1,,wbk,Kinship-daughtershusbandsfather,natr,natr,n a t r,,hindukush,,,^ n a t r $,default,
wbk-Kinship-daughtershusbandsmother-1,,wbk,Kinship-daughtershusbandsmother,natr,natr,n a t r,,hindukush,,,^ n a t r $,default,
wbk-Kinship-stepsisternosharedparent-1,,wbk,Kinship-stepsisternosharedparent,sos wẽɻ,sos_wẽɻ,s o s + w ẽ ɻ,,hindukush,,,^ s o s _ w ẽ ɻ $,default,
wbk-Kinship-stepbrothernosharedparent-1,,wbk,Kinship-stepbrothernosharedparent,braː wẽɻ,braː_wẽɻ,b r aː + w ẽ ɻ,,hindukush,,,^ b r aː _ w ẽ ɻ $,default,
wbk-Kinship-stepmother-1,,wbk,Kinship-stepmother,kynʃtyː jej,kynʃtyː_jej,k y n ʃ t yː + j e j,,hindukush,,,^ k y nʃ t yː _ j e j $,default,
wbk-Kinship-stepfather-1,,wbk,Kinship-stepfather,kynʃtyː tati,kynʃtyː_tati,k y n ʃ t yː + t a t i,,hindukush,,,^ k y nʃ t yː _ t a t i $,default,
wbk-Kinship-stepson-1,,wbk,Kinship-stepson,nuwa braː,nuwa_braː,n u w a + b r aː,,hindukush,,,^ n u w a _ b r aː $,default,
wbk-Kinship-stepdaughter-1,,wbk,Kinship-stepdaughter,nuwa braː,nuwa_braː,n u w a + b r aː,,hindukush,,,^ n u w a _ b r aː $,default,
wbk-Kinship-fathersfathersfather-1,,wbk,Kinship-fathersfathersfather,par maːt͡ʃ,par_maːt͡ʃ,p a r + m aː tʃ,,hindukush,,,^ p a r _ m aː t͡ʃ $,default,
wbk-Kinship-mothersmothersmother-1,,wbk,Kinship-mothersmothersmother,par gãɽej,par_gãɽej,p a r + g ã ɽ e j,,hindukush,,,^ p a r _ g ã ɽ e j $,default,
wbk-Kinship-forefather-1,,wbk,Kinship-forefather,guɽuwaː,guɽuwaː,g u ɽ u w aː,,hindukush,,,^ g u ɽ u w aː $,default,
wbk-Kinship-foremother-1,,wbk,Kinship-foremother,gãɽej,gãɽej,g ã ɽ e j,,hindukush,,,^ g ã ɽ e j $,default,
wbk-Kinship-fathersbrothersson-1,,wbk,Kinship-fathersbrothersson,kynʃtyː tati ba zaga,kynʃtyː_tati_ba_zaga,k y n ʃ t yː + t a t i + b a + z a g a,,hindukush,,,^ k y nʃ t yː _ t a t i _ b a _ z a g a $,default,
wbk-Kinship-fathersbrothersdaughter-1,,wbk,Kinship-fathersbrothersdaughter,kynʃtyː tati ba d͡ʒy,kynʃtyː_tati_ba_d͡ʒy,k y n ʃ t yː + t a t i + b a + dʒ y,,hindukush,,,^ k y nʃ t yː _ t a t i _ b a _ d͡ʒ y $,default,
wbk-Kinship-fatherssistersson-1,,wbk,Kinship-fatherssistersson,pipiː ytr,pipiː_ytr,p i p iː + y t r,,hindukush,,,^ p i p iː _ y t r $,default,
wbk-Kinship-fatherssistersdaughter-1,,wbk,Kinship-fatherssistersdaughter,pipiː d͡ʒy,pipiː_d͡ʒy,p i p iː + dʒ y,,hindukush,,,^ p i p iː _ d͡ʒ y $,default,
wbk-Kinship-mothersbrothersson-1,,wbk,Kinship-mothersbrothersson,meːl ytr,meːl_ytr,m eː l + y t r,,hindukush,,,^ m eː l _ y t r $,default,
wbk-Kinship-mothersbrothersdaughter-1,,wbk,Kinship-mothersbrothersdaughter,meːl d͡ʒy,meːl_d͡ʒy,m eː l + dʒ y,,hindukush,,,^ m eː l _ d͡ʒ y $,default,
wbk-Kinship-motherssistersson-1,,wbk,Kinship-motherssistersson,jej ytr,jej_ytr,j e j + y t r,,hindukush,,,^ j e j _ y t r $,default,
wbk-Kinship-motherssistersdaughter-1,,wbk,Kinship-motherssistersdaughter,jej d͡ʒy,jej_d͡ʒy,j e j + dʒ y,,hindukush,,,^ j e j _ d͡ʒ y $,default,
wbk-Kinship-relative-1,,wbk,Kinship-relative,dam t͡saw,dam_t͡saw,d a m + ts a w,,hindukush,,,^ d a m _ t͡s a w $,default,
wbk-Kinship-affinalrelative-1,,wbk,Kinship-affinalrelative,dam ʂa t͡ʃeːg,dam_ʂa_t͡ʃeːg,d a m + ʂ a + tʃ eː g,,hindukush,,,^ d a m _ ʂ a _ t͡ʃ eː g $,default,
wbk-Kinship-bloodrelative-1,,wbk,Kinship-bloodrelative,dam t͡saw,dam_t͡saw,d a m + ts a w,,hindukush,,,^ d a m _ t͡s a w $,default,
wbk-Kinship-wifesrelatives-1,,wbk,Kinship-wifesrelatives,pyʃriː,pyʃriː,p y ʃ r iː,,hindukush,,,^ p y ʃ r iː $,default,
wbk-Kinship-headofhousehold-1,,wbk,Kinship-headofhousehold,amaː ba duʃʈøg,amaː_ba_duʃʈøg,a m aː + b a + d u ʃ ʈ ø g,,hindukush,,,^ a m aː _ b a _ d u ʃ ʈ ø g $,default,
wbk-Kinship-headofclan-1,,wbk,Kinship-headofclan,darej ba duʃʈøg,darej_ba_duʃʈøg,d a r e j + b a + d u ʃ ʈ ø g,,hindukush,,,^ d a r e j _ b a _ d u ʃ ʈ ø g $,default,
wbk-Kinship-headoftribe-1,,wbk,Kinship-headoftribe,gũː ba duʃʈøg,gũː_ba_duʃʈøg,g ũː + b a + d u ʃ ʈ ø g,,hindukush,,,^ g ũː _ b a _ d u ʃ ʈ ø g $,default,
wbk-Kinship-halfsistersamefatherdifferentmother-1,,wbk,Kinship-halfsistersamefatherdifferentmother,sos tati ew ajeː dyː,sos_tati_ew_ajeː_dyː,s o s + t a t i + e w + a j eː + d yː,,hindukush,,,^ s o s _ t a t i _ e w _ a j eː _ d yː $,default,
wbk-Kinship-halfbrothersamefatherdifferentmother-1,,wbk,Kinship-halfbrothersamefatherdifferentmother,d͡ʒati ew ba zaga,d͡ʒati_ew_ba_zaga,dʒ a t i + e w + b a + z a g a,,hindukush,,,^ d͡ʒ a t i _ e w _ b a _ z a g a $,default,
wbk-Kinship-halfsistersamemotherdifferentfather-1,,wbk,Kinship-halfsistersamemotherdifferentfather,d͡ʒati ew ba d͡ʒy,d͡ʒati_ew_ba_d͡ʒy,dʒ a t i + e w + b a + dʒ y,,hindukush,,,^ d͡ʒ a t i _ e w _ b a _ d͡ʒ y $,default,
wbk-Kinship-halfbrothersamemotherdifferentfather-1,,wbk,Kinship-halfbrothersamemotherdifferentfather,jej uːpna,jej_uːpna,j e j + uː p n a,,hindukush,,,^ j e j _ uː p n a $,default,
wbl_a-Kinship-father-1,,wbl_a,Kinship-father,tat,tat,t a t,,hindukush,,,^ t a t $,default,
wbl_a-Kinship-mother-1,,wbl_a,Kinship-mother,nan,nan,n a n,,hindukush,,,^ n a n $,default,
wbl_a-Kinship-parent-1,,wbl_a,Kinship-parent,tat nan,tat_nan,t a t + n a n,,hindukush,,,^ t a t _ n a n $,default,
wbl_a-Kinship-son-1,,wbl_a,Kinship-son,pətər,pətər,p ə t ə r,,hindukush,,,^ p ə t ə r $,default,
wbl_a-Kinship-daughter-1,,wbl_a,Kinship-daughter,ðəɣd,ðəɣd,ð ə ɣ d,,hindukush,,,^ ð ə ɣ d $,default,
wbl_a-Kinship-ownchild-1,,wbl_a,Kinship-ownchild,wəxtək,wəxtək,w ə x t ə k,,hindukush,,,^ w ə x t ə k $,default,
wbl_a-Kinship-brother-1,,wbl_a,Kinship-brother,vərɨt,vərɨt,v ə r ɨ t,,hindukush,,,^ v ə r ɨ t $,default,
wbl_a-Kinship-sister-1,,wbl_a,Kinship-sister,xɨj,xɨj,x ɨ j,,hindukush,,,^ x ɨ j $,default,
wbl_a-Kinship-olderbrother-1,,wbl_a,Kinship-olderbrother,lup vərɨt,lup_vərɨt,l u p + v ə r ɨ t,,hindukush,,,^ l u p _ v ə r ɨ t $,default,
wbl_a-Kinship-youngerbrother-1,,wbl_a,Kinship-youngerbrother,d͡zaqlaj vərɨt,d͡zaqlaj_vərɨt,dz a q l a j + v ə r ɨ t,,hindukush,,,^ d͡z a q l a j _ v ə r ɨ t $,default,
wbl_a-Kinship-oldersister-1,,wbl_a,Kinship-oldersister,lup xɨj,lup_xɨj,l u p + x ɨ j,,hindukush,,,^ l u p _ x ɨ j $,default,
wbl_a-Kinship-youngersister-1,,wbl_a,Kinship-youngersister,d͡zaqlaj xɨj,d͡zaqlaj_xɨj,dz a q l a j + x ɨ j,,hindukush,,,^ d͡z a q l a j _ x ɨ j $,default,
wbl_a-Kinship-fathersfather-1,,wbl_a,Kinship-fathersfather,pup,pup,p u p,,hindukush,,,^ p u p $,default,
wbl_a-Kinship-fathersmother-1,,wbl_a,Kinship-fathersmother,mum,mum,m u m,,hindukush,,,^ m u m $,default,
wbl_a-Kinship-mothersfather-1,,wbl_a,Kinship-mothersfather,pup,pup,p u p,,hindukush,,,^ p u p $,default,
wbl_a-Kinship-mothersmother-1,,wbl_a,Kinship-mothersmother,mum,mum,m u m,,hindukush,,,^ m u m $,default,
wbl_a-Kinship-sonsson-1,,wbl_a,Kinship-sonsson,nəpɨs,nəpɨs,n ə p ɨ s,,hindukush,,,^ n ə p ɨ s $,default,
wbl_a-Kinship-sonsdaughter-1,,wbl_a,Kinship-sonsdaughter,nəpɨs,nəpɨs,n ə p ɨ s,,hindukush,,,^ n ə p ɨ s $,default,
wbl_a-Kinship-daughtersson-1,,wbl_a,Kinship-daughtersson,nəpɨs,nəpɨs,n ə p ɨ s,,hindukush,,,^ n ə p ɨ s $,default,
wbl_a-Kinship-daughtersdaughter-1,,wbl_a,Kinship-daughtersdaughter,ðəɣd zəman,ðəɣd_zəman,ð ə ɣ d + z ə m a n,,hindukush,,,^ ð ə ɣ d _ z ə m a n $,default,
wbl_a-Kinship-fathersbrother-1,,wbl_a,Kinship-fathersbrother,bət͡ʃ,bət͡ʃ,b ə tʃ,,hindukush,,,^ b ə t͡ʃ $,default,
wbl_a-Kinship-fathersolderbrother-1,,wbl_a,Kinship-fathersolderbrother,lup bət͡ʃ,lup_bət͡ʃ,l u p + b ə tʃ,,hindukush,,,^ l u p _ b ə t͡ʃ $,default,
wbl_a-Kinship-fathersyoungerbrother-1,,wbl_a,Kinship-fathersyoungerbrother,tat d͡zaqlaj vərɨt,tat_d͡zaqlaj_vərɨt,t a t + dz a q l a j + v ə r ɨ t,,hindukush,,,^ t a t _ d͡z a q l a j _ v ə r ɨ t $,default,
wbl_a-Kinship-fatherssister-1,,wbl_a,Kinship-fatherssister,vɑt͡ʃ,vɑt͡ʃ,v ɑ tʃ,,hindukush,,,^ v ɑ t͡ʃ $,default,
wbl_a-Kinship-fathersoldersister-1,,wbl_a,Kinship-fathersoldersister,lup vɑt͡ʃ,lup_vɑt͡ʃ,l u p + v ɑ tʃ,,hindukush,,,^ l u p _ v ɑ t͡ʃ $,default,
wbl_a-Kinship-fathersyoungersister-1,,wbl_a,Kinship-fathersyoungersister,tat d͡zaqlaj xɨj,tat_d͡zaqlaj_xɨj,t a t + dz a q l a j + x ɨ j,,hindukush,,,^ t a t _ d͡z a q l a j _ x ɨ j $,default,
wbl_a-Kinship-mothersbrother-1,,wbl_a,Kinship-mothersbrother,nan vərɨt,nan_vərɨt,n a n + v ə r ɨ t,,hindukush,,,^ n a n _ v ə r ɨ t $,default,
wbl_a-Kinship-mothersolderbrother-1,,wbl_a,Kinship-mothersolderbrother,nan lup vərɨt,nan_lup_vərɨt,n a n + l u p + v ə r ɨ t,,hindukush,,,^ n a n _ l u p _ v ə r ɨ t $,default,
wbl_a-Kinship-mothersyoungerbrother-1,,wbl_a,Kinship-mothersyoungerbrother,nan d͡zaqlaj vərɨt,nan_d͡zaqlaj_vərɨt,n a n + dz a q l a j + v ə r ɨ t,,hindukush,,,^ n a n _ d͡z a q l a j _ v ə r ɨ t $,default,
wbl_a-Kinship-motherssister-1,,wbl_a,Kinship-motherssister,nan xɨj,nan_xɨj,n a n + x ɨ j,,hindukush,,,^ n a n _ x ɨ j $,default,
wbl_a-Kinship-mothersoldersister-1,,wbl_a,Kinship-mothersoldersister,nan lup xɨj,nan_lup_xɨj,n a n + l u p + x ɨ j,,hindukush,,,^ n a n _ l u p _ x ɨ j $,default,
wbl_a-Kinship-mothersyoungersister-1,,wbl_a,Kinship-mothersyoungersister,nan d͡zaqlaj xɨj,nan_d͡zaqlaj_xɨj,n a n + dz a q l a j + x ɨ j,,hindukush,,,^ n a n _ d͡z a q l a j _ x ɨ j $,default,
wbl_a-Kinship-brothersson-1,,wbl_a,Kinship-brothersson,vərɨt pətər,vərɨt_pətər,v ə r ɨ t + p ə t ə r,,hindukush,,,^ v ə r ɨ t _ p ə t ə r $,default,
wbl_a-Kinship-brothersdaughter-1,,wbl_a,Kinship-brothersdaughter,vərɨt ðəɣd,vərɨt_ðəɣd,v ə r ɨ t + ð ə ɣ d,,hindukush,,,^ v ə r ɨ t _ ð ə ɣ d $,default,
wbl_a-Kinship-sistersson-1,,wbl_a,Kinship-sistersson,xɨj pətər,xɨj_pətər,x ɨ j + p ə t ə r,,hindukush,,,^ x ɨ j _ p ə t ə r $,default,
wbl_a-Kinship-sistersdaughter-1,,wbl_a,Kinship-sistersdaughter,xɨj ðəɣd,xɨj_ðəɣd,x ɨ j + ð ə ɣ d,,hindukush,,,^ x ɨ j _ ð ə ɣ d $,default,
wbl_a-Kinship-husband-1,,wbl_a,Kinship-husband,ðaj,ðaj,ð a j,,hindukush,,,^ ð a j $,default,
wbl_a-Kinship-wife-1,,wbl_a,Kinship-wife,kənd,kənd,k ə n d,,hindukush,,,^ k ə n d $,default,
wbl_a-Kinship-fathersolderbrotherswife-1,,wbl_a,Kinship-fathersolderbrotherswife,lup bət͡ʃ kənd,lup_bət͡ʃ_kənd,l u p + b ə tʃ + k ə n d,,hindukush,,,^ l u p _ b ə t͡ʃ _ k ə n d $,default,
wbl_a-Kinship-fathersyoungerbrotherswife-1,,wbl_a,Kinship-fathersyoungerbrotherswife,d͡zaqlaj bət͡ʃ kənd,d͡zaqlaj_bət͡ʃ_kənd,dz a q l a j + b ə tʃ + k ə n d,,hindukush,,,^ d͡z a q l a j _ b ə t͡ʃ _ k ə n d $,default,
wbl_a-Kinship-fatherssistershusband-1,,wbl_a,Kinship-fatherssistershusband,vɑt͡ʃ ðaj,vɑt͡ʃ_ðaj,v ɑ tʃ + ð a j,,hindukush,,,^ v ɑ t͡ʃ _ ð a j $,default,
wbl_a-Kinship-mothersbrotherswife-1,,wbl_a,Kinship-mothersbrotherswife,nan vərɨt kənd,nan_vərɨt_kənd,n a n + v ə r ɨ t + k ə n d,,hindukush,,,^ n a n _ v ə r ɨ t _ k ə n d $,default,
wbl_a-Kinship-motherssistershusband-1,,wbl_a,Kinship-motherssistershusband,nan xɨj ðaj,nan_xɨj_ðaj,n a n + x ɨ j + ð a j,,hindukush,,,^ n a n _ x ɨ j _ ð a j $,default,
wbl_a-Kinship-sonswife-1,,wbl_a,Kinship-sonswife,sətəx,sətəx,s ə t ə x,,hindukush,,,^ s ə t ə x $,default,
wbl_a-Kinship-daughtershusband-1,,wbl_a,Kinship-daughtershusband,ðəɣd ðaj,ðəɣd_ðaj,ð ə ɣ d + ð a j,,hindukush,,,^ ð ə ɣ d _ ð a j $,default,
wbl_a-Kinship-brotherswifemaleego-1,,wbl_a,Kinship-brotherswifemaleego,bakʂt,bakʂt,b a k ʂ t,,hindukush,,,^ b a kʂ t $,default,
wbl_a-Kinship-brotherswifefemaleego-1,,wbl_a,Kinship-brotherswifefemaleego,kənd vərɨt kənd,kənd_vərɨt_kənd,k ə n d + v ə r ɨ t + k ə n d,,hindukush,,,^ k ə n d _ v ə r ɨ t _ k ə n d $,default,
wbl_a-Kinship-sistershusbandmaleego-1,,wbl_a,Kinship-sistershusbandmaleego,χəsirz,χəsirz,χ ə s i r z,,hindukush,,,^ χ ə s i r z $,default,
wbl_a-Kinship-sistershusbandfemaleego-1,,wbl_a,Kinship-sistershusbandfemaleego,bɑd͡ʒa,bɑd͡ʒa,b ɑ dʒ a,,hindukush,,,^ b ɑ d͡ʒ a $,default,
wbl_a-Kinship-wifesfather-1,,wbl_a,Kinship-wifesfather,xurs,xurs,x u r s,,hindukush,,,^ x u rs $,default,
wbl_a-Kinship-wifesmother-1,,wbl_a,Kinship-wifesmother,xaʂ,xaʂ,x a ʂ,,hindukush,,,^ x a ʂ $,default,
wbl_a-Kinship-husbandsfather-1,,wbl_a,Kinship-husbandsfather,xurs,xurs,x u r s,,hindukush,,,^ x u rs $,default,
wbl_a-Kinship-husbandsmother-1,,wbl_a,Kinship-husbandsmother,xaʂ,xaʂ,x a ʂ,,hindukush,,,^ x a ʂ $,default,
wbl_a-Kinship-husbandsbrother-1,,wbl_a,Kinship-husbandsbrother,bakʂt,bakʂt,b a k ʂ t,,hindukush,,,^ b a kʂ t $,default,
wbl_a-Kinship-husbandssister-1,,wbl_a,Kinship-husbandssister,ðaj xɨj,ðaj_xɨj,ð a j + x ɨ j,,hindukush,,,^ ð a j _ x ɨ j $,default,
wbl_a-Kinship-wifesbrother-1,,wbl_a,Kinship-wifesbrother,χəsirz,χəsirz,χ ə s i r z,,hindukush,,,^ χ ə s i r z $,default,
wbl_a-Kinship-wifessister-1,,wbl_a,Kinship-wifessister,qajsangɨl,qajsangɨl,q a j s a n g ɨ l,,hindukush,,,^ q a js a n g ɨ l $,default,
wbl_a-Kinship-husbandsbrotherswife-1,,wbl_a,Kinship-husbandsbrotherswife,bakʂt,bakʂt,b a k ʂ t,,hindukush,,,^ b a kʂ t $,default,
wbl_a-Kinship-husbandssistershusband-1,,wbl_a,Kinship-husbandssistershusband,lun,lun,l u n,,hindukush,,,^ l u n $,default,
wbl_a-Kinship-wifesbrotherswife-1,,wbl_a,Kinship-wifesbrotherswife,kənd vərɨt kənd,kənd_vərɨt_kənd,k ə n d + v ə r ɨ t + k ə n d,,hindukush,,,^ k ə n d _ v ə r ɨ t _ k ə n d $,default,
wbl_a-Kinship-wifessistershusband-1,,wbl_a,Kinship-wifessistershusband,bɑd͡ʒa,bɑd͡ʒa,b ɑ dʒ a,,hindukush,,,^ b ɑ d͡ʒ a $,default,
wbl_a-Kinship-cowife-1,,wbl_a,Kinship-cowife,anbɑʁ,anbɑʁ,a n b ɑ ʁ,,hindukush,,,^ a n b ɑ ʁ $,default,
wbl_a-Kinship-sonswifesfather-1,,wbl_a,Kinship-sonswifesfather,qəda,qəda,q ə d a,,hindukush,,,^ q ə d a $,default,
wbl_a-Kinship-sonswifesmother-1,,wbl_a,Kinship-sonswifesmother,qəda,qəda,q ə d a,,hindukush,,,^ q ə d a $,default,
wbl_a-Kinship-daughtershusbandsfather-1,,wbl_a,Kinship-daughtershusbandsfather,qəda,qəda,q ə d a,,hindukush,,,^ q ə d a $,default,
wbl_a-Kinship-daughtershusbandsmother-1,,wbl_a,Kinship-daughtershusbandsmother,bɑʁi xɨj,bɑʁi_xɨj,b ɑ ʁ i + x ɨ j,,hindukush,,,^ b ɑ ʁ i _ x ɨ j $,default,
wbl_a-Kinship-stepsisternosharedparent-1,,wbl_a,Kinship-stepsisternosharedparent,bɑʁi vərɨt,bɑʁi_vərɨt,b ɑ ʁ i + v ə r ɨ t,,hindukush,,,^ b ɑ ʁ i _ v ə r ɨ t $,default,
wbl_a-Kinship-stepbrothernosharedparent-1,,wbl_a,Kinship-stepbrothernosharedparent,vərɨtəd͡ʒ,vərɨtəd͡ʒ,v ə r ɨ t ə dʒ,,hindukush,,,^ v ə r ɨ t ə d͡ʒ $,default,
wbl_a-Kinship-stepmother-1,,wbl_a,Kinship-stepmother,bɑʁi nan,bɑʁi_nan,b ɑ ʁ i + n a n,,hindukush,,,^ b ɑ ʁ i _ n a n $,default,
wbl_a-Kinship-stepfather-1,,wbl_a,Kinship-stepfather,bɑʁi tat,bɑʁi_tat,b ɑ ʁ i + t a t,,hindukush,,,^ b ɑ ʁ i _ t a t $,default,
wbl_a-Kinship-stepson-1,,wbl_a,Kinship-stepson,bɑʁi pətər,bɑʁi_pətər,b ɑ ʁ i + p ə t ə r,,hindukush,,,^ b ɑ ʁ i _ p ə t ə r $,default,
wbl_a-Kinship-stepdaughter-1,,wbl_a,Kinship-stepdaughter,bɑʁi ðəɣd,bɑʁi_ðəɣd,b ɑ ʁ i + ð ə ɣ d,,hindukush,,,^ b ɑ ʁ i _ ð ə ɣ d $,default,
wbl_a-Kinship-fathersfathersfather-1,,wbl_a,Kinship-fathersfathersfather,lup pup,lup_pup,l u p + p u p,,hindukush,,,^ l u p _ p u p $,default,
wbl_a-Kinship-mothersmothersmother-1,,wbl_a,Kinship-mothersmothersmother,lup mum,lup_mum,l u p + m u m,,hindukush,,,^ l u p _ m u m $,default,
wbl_a-Kinship-forefather-1,,wbl_a,Kinship-forefather,pɨxt,pɨxt,p ɨ x t,,hindukush,,,^ p ɨ x t $,default,
wbl_a-Kinship-foremother-1,,wbl_a,Kinship-foremother,kənd pɨxt,kənd_pɨxt,k ə n d + p ɨ x t,,hindukush,,,^ k ə n d _ p ɨ x t $,default,
wbl_a-Kinship-fathersbrothersson-1,,wbl_a,Kinship-fathersbrothersson,bət͡ʃ pətər,bət͡ʃ_pətər,b ə tʃ + p ə t ə r,,hindukush,,,^ b ə t͡ʃ _ p ə t ə r $,default,
wbl_a-Kinship-fathersbrothersdaughter-1,,wbl_a,Kinship-fathersbrothersdaughter,bət͡ʃ ðəɣd,bət͡ʃ_ðəɣd,b ə tʃ + ð ə ɣ d,,hindukush,,,^ b ə t͡ʃ _ ð ə ɣ d $,default,
wbl_a-Kinship-fatherssistersson-1,,wbl_a,Kinship-fatherssistersson,vɑt͡ʃ zəman,vɑt͡ʃ_zəman,v ɑ tʃ + z ə m a n,,hindukush,,,^ v ɑ t͡ʃ _ z ə m a n $,default,
wbl_a-Kinship-fatherssistersdaughter-1,,wbl_a,Kinship-fatherssistersdaughter,vɑt͡ʃ ðəɣd,vɑt͡ʃ_ðəɣd,v ɑ tʃ + ð ə ɣ d,,hindukush,,,^ v ɑ t͡ʃ _ ð ə ɣ d $,default,
wbl_a-Kinship-mothersbrothersson-1,,wbl_a,Kinship-mothersbrothersson,nan vərɨt pətər,nan_vərɨt_pətər,n a n + v ə r ɨ t + p ə t ə r,,hindukush,,,^ n a n _ v ə r ɨ t _ p ə t ə r $,default,
wbl_a-Kinship-mothersbrothersdaughter-1,,wbl_a,Kinship-mothersbrothersdaughter,nan vərɨt ðəɣd,nan_vərɨt_ðəɣd,n a n + v ə r ɨ t + ð ə ɣ d,,hindukush,,,^ n a n _ v ə r ɨ t _ ð ə ɣ d $,default,
wbl_a-Kinship-motherssistersson-1,,wbl_a,Kinship-motherssistersson,vɑt͡ʃ pətər,vɑt͡ʃ_pətər,v ɑ tʃ + p ə t ə r,,hindukush,,,^ v ɑ t͡ʃ _ p ə t ə r $,default,
wbl_a-Kinship-motherssistersdaughter-1,,wbl_a,Kinship-motherssistersdaughter,vɑt͡ʃ ðəɣd,vɑt͡ʃ_ðəɣd,v ɑ tʃ + ð ə ɣ d,,hindukush,,,^ v ɑ t͡ʃ _ ð ə ɣ d $,default,
wbl_a-Kinship-relative-1,,wbl_a,Kinship-relative,χiʂtəbɑr,χiʂtəbɑr,χ i ʂ t ə b ɑ r,,hindukush,,,^ χ i ʂ t ə b ɑ r $,default,
wbl_a-Kinship-affinalrelative-1,,wbl_a,Kinship-affinalrelative,xurs χil,xurs_χil,x u r s + χ i l,,hindukush,,,^ x u rs _ χ i l $,default,
wbl_a-Kinship-bloodrelative-1,,wbl_a,Kinship-bloodrelative,gru,gru,g r u,,hindukush,,,^ g r u $,default,
wbl_a-Kinship-wifesrelatives-1,,wbl_a,Kinship-wifesrelatives,kənd aqɑrib,kənd_aqɑrib,k ə n d + a q ɑ r i b,,hindukush,,,^ k ə n d _ a q ɑ r i b $,default,
wbl_a-Kinship-headofhousehold-1,,wbl_a,Kinship-headofhousehold,lup aʒʁɑl,lup_aʒʁɑl,l u p + a ʒ ʁ ɑ l,,hindukush,,,^ l u p _ a ʒ ʁ ɑ l $,default,
wbl_a-Kinship-headofclan-1,,wbl_a,Kinship-headofclan,lup qɑm,lup_qɑm,l u p + q ɑ m,,hindukush,,,^ l u p _ q ɑ m $,default,
wbl_a-Kinship-headoftribe-1,,wbl_a,Kinship-headoftribe,lup mardəm,lup_mardəm,l u p + m a r d ə m,,hindukush,,,^ l u p _ m a r d ə m $,default,
wbl_a-Kinship-halfsistersamefatherdifferentmother-1,,wbl_a,Kinship-halfsistersamefatherdifferentmother,tat qəti nan d͡ʒida,tat_qəti_nan_d͡ʒida,t a t + q ə t i + n a n + dʒ i d a,,hindukush,,,^ t a t _ q ə t i _ n a n _ d͡ʒ i d a $,default,
wbl_a-Kinship-halfbrothersamefatherdifferentmother-1,,wbl_a,Kinship-halfbrothersamefatherdifferentmother,tat qəti nan d͡ʒida,tat_qəti_nan_d͡ʒida,t a t + q ə t i + n a n + dʒ i d a,,hindukush,,,^ t a t _ q ə t i _ n a n _ d͡ʒ i d a $,default,
wbl_a-Kinship-halfsistersamemotherdifferentfather-1,,wbl_a,Kinship-halfsistersamemotherdifferentfather,nan qəti tat d͡ʒida,nan_qəti_tat_d͡ʒida,n a n + q ə t i + t a t + dʒ i d a,,hindukush,,,^ n a n _ q ə t i _ t a t _ d͡ʒ i d a $,default,
wbl_a-Kinship-halfbrothersamemotherdifferentfather-1,,wbl_a,Kinship-halfbrothersamemotherdifferentfather,tat qəti nan d͡ʒida,tat_qəti_nan_d͡ʒida,t a t + q ə t i + n a n + dʒ i d a,,hindukush,,,^ t a t _ q ə t i _ n a n _ d͡ʒ i d a $,default,
wbl_p-Kinship-father-1,,wbl_p,Kinship-father,tat,tat,t a t,,hindukush,,,^ t a t $,default,
wbl_p-Kinship-mother-1,,wbl_p,Kinship-mother,nan,nan,n a n,,hindukush,,,^ n a n $,default,
wbl_p-Kinship-parent-1,,wbl_p,Kinship-parent,tat nan,tat_nan,t a t + n a n,,hindukush,,,^ t a t _ n a n $,default,
wbl_p-Kinship-son-1,,wbl_p,Kinship-son,petər,petər,p e t ə r,,hindukush,,,^ p e t ə r $,default,
wbl_p-Kinship-daughter-1,,wbl_p,Kinship-daughter,ðeɣd,ðeɣd,ð e ɣ d,,hindukush,,,^ ð e ɣ d $,default,
wbl_p-Kinship-ownchild-1,,wbl_p,Kinship-ownchild,zəman,zəman,z ə m a n,,hindukush,,,^ z ə m a n $,default,
wbl_p-Kinship-brother-1,,wbl_p,Kinship-brother,vərɨt,vərɨt,v ə r ɨ t,,hindukush,,,^ v ə r ɨ t $,default,
wbl_p-Kinship-sister-1,,wbl_p,Kinship-sister,xɨj,xɨj,x ɨ j,,hindukush,,,^ x ɨ j $,default,
wbl_p-Kinship-olderbrother-1,,wbl_p,Kinship-olderbrother,lup vərɨt,lup_vərɨt,l u p + v ə r ɨ t,,hindukush,,,^ l u p _ v ə r ɨ t $,default,
wbl_p-Kinship-youngerbrother-1,,wbl_p,Kinship-youngerbrother,d͡zaq vərɨt,d͡zaq_vərɨt,dz a q + v ə r ɨ t,,hindukush,,,^ d͡z a q _ v ə r ɨ t $,default,
wbl_p-Kinship-oldersister-1,,wbl_p,Kinship-oldersister,lup xɨj,lup_xɨj,l u p + x ɨ j,,hindukush,,,^ l u p _ x ɨ j $,default,
wbl_p-Kinship-youngersister-1,,wbl_p,Kinship-youngersister,d͡zaq xɨj,d͡zaq_xɨj,dz a q + x ɨ j,,hindukush,,,^ d͡z a q _ x ɨ j $,default,
wbl_p-Kinship-fathersfather-1,,wbl_p,Kinship-fathersfather,pup,pup,p u p,,hindukush,,,^ p u p $,default,
wbl_p-Kinship-fathersmother-1,,wbl_p,Kinship-fathersmother,mum,mum,m u m,,hindukush,,,^ m u m $,default,
wbl_p-Kinship-mothersfather-1,,wbl_p,Kinship-mothersfather,pup,pup,p u p,,hindukush,,,^ p u p $,default,
wbl_p-Kinship-mothersmother-1,,wbl_p,Kinship-mothersmother,mum,mum,m u m,,hindukush,,,^ m u m $,default,
wbl_p-Kinship-sonsson-1,,wbl_p,Kinship-sonsson,nəpɨs,nəpɨs,n ə p ɨ s,,hindukush,,,^ n ə p ɨ s $,default,
wbl_p-Kinship-sonsdaughter-1,,wbl_p,Kinship-sonsdaughter,nəpɨs,nəpɨs,n ə p ɨ s,,hindukush,,,^ n ə p ɨ s $,default,
wbl_p-Kinship-daughtersson-1,,wbl_p,Kinship-daughtersson,nəpɨs,nəpɨs,n ə p ɨ s,,hindukush,,,^ n ə p ɨ s $,default,
wbl_p-Kinship-daughtersdaughter-1,,wbl_p,Kinship-daughtersdaughter,nəpɨs,nəpɨs,n ə p ɨ s,,hindukush,,,^ n ə p ɨ s $,default,
wbl_p-Kinship-fathersbrother-1,,wbl_p,Kinship-fathersbrother,bet͡ʃ,bet͡ʃ,b e tʃ,,hindukush,,,^ b e t͡ʃ $,default,
wbl_p-Kinship-fathersolderbrother-1,,wbl_p,Kinship-fathersolderbrother,lup bet͡ʃ,lup_bet͡ʃ,l u p + b e tʃ,,hindukush,,,^ l u p _ b e t͡ʃ $,default,
wbl_p-Kinship-fathersyoungerbrother-1,,wbl_p,Kinship-fathersyoungerbrother,d͡zaq bet͡ʃ,d͡zaq_bet͡ʃ,dz a q + b e tʃ,,hindukush,,,^ d͡z a q _ b e t͡ʃ $,default,
wbl_p-Kinship-fatherssister-1,,wbl_p,Kinship-fatherssister,vot͡ʃ,vot͡ʃ,v o tʃ,,hindukush,,,^ v o t͡ʃ $,default,
wbl_p-Kinship-fathersoldersister-1,,wbl_p,Kinship-fathersoldersister,lup vot͡ʃ,lup_vot͡ʃ,l u p + v o tʃ,,hindukush,,,^ l u p _ v o t͡ʃ $,default,
wbl_p-Kinship-fathersyoungersister-1,,wbl_p,Kinship-fathersyoungersister,d͡zaq vot͡ʃ,d͡zaq_vot͡ʃ,dz a q + v o tʃ,,hindukush,,,^ d͡z a q _ v o t͡ʃ $,default,
wbl_p-Kinship-mothersbrother-1,,wbl_p,Kinship-mothersbrother,bet͡ʃ,bet͡ʃ,b e tʃ,,hindukush,,,^ b e t͡ʃ $,default,
wbl_p-Kinship-mothersolderbrother-1,,wbl_p,Kinship-mothersolderbrother,lup bet͡ʃ,lup_bet͡ʃ,l u p + b e tʃ,,hindukush,,,^ l u p _ b e t͡ʃ $,default,
wbl_p-Kinship-mothersyoungerbrother-1,,wbl_p,Kinship-mothersyoungerbrother,d͡zaq bet͡ʃ,d͡zaq_bet͡ʃ,dz a q + b e tʃ,,hindukush,,,^ d͡z a q _ b e t͡ʃ $,default,
wbl_p-Kinship-motherssister-1,,wbl_p,Kinship-motherssister,vot͡ʃ,vot͡ʃ,v o tʃ,,hindukush,,,^ v o t͡ʃ $,default,
wbl_p-Kinship-mothersoldersister-1,,wbl_p,Kinship-mothersoldersister,lup vot͡ʃ,lup_vot͡ʃ,l u p + v o tʃ,,hindukush,,,^ l u p _ v o t͡ʃ $,default,
wbl_p-Kinship-mothersyoungersister-1,,wbl_p,Kinship-mothersyoungersister,d͡zaq vot͡ʃ,d͡zaq_vot͡ʃ,dz a q + v o tʃ,,hindukush,,,^ d͡z a q _ v o t͡ʃ $,default,
wbl_p-Kinship-brothersson-1,,wbl_p,Kinship-brothersson,χerjan,χerjan,χ e r j a n,,hindukush,,,^ χ e r j a n $,default,
wbl_p-Kinship-brothersdaughter-1,,wbl_p,Kinship-brothersdaughter,χerjan,χerjan,χ e r j a n,,hindukush,,,^ χ e r j a n $,default,
wbl_p-Kinship-sistersson-1,,wbl_p,Kinship-sistersson,χerjan,χerjan,χ e r j a n,,hindukush,,,^ χ e r j a n $,default,
wbl_p-Kinship-sistersdaughter-1,,wbl_p,Kinship-sistersdaughter,χerjan,χerjan,χ e r j a n,,hindukush,,,^ χ e r j a n $,default,
wbl_p-Kinship-husband-1,,wbl_p,Kinship-husband,ʃohar,ʃohar,ʃ o h a r,,hindukush,,,^ ʃ o h a r $,default,
wbl_p-Kinship-wife-1,,wbl_p,Kinship-wife,d͡ʒɨmat,d͡ʒɨmat,dʒ ɨ m a t,,hindukush,,,^ d͡ʒ ɨ m a t $,default,
wbl_p-Kinship-fathersolderbrotherswife-1,,wbl_p,Kinship-fathersolderbrotherswife,vot͡ʃ,vot͡ʃ,v o tʃ,,hindukush,,,^ v o t͡ʃ $,default,
wbl_p-Kinship-fathersyoungerbrotherswife-1,,wbl_p,Kinship-fathersyoungerbrotherswife,d͡zaq nan,d͡zaq_nan,dz a q + n a n,,hindukush,,,^ d͡z a q _ n a n $,default,
wbl_p-Kinship-fatherssistershusband-1,,wbl_p,Kinship-fatherssistershusband,bet͡ʃ,bet͡ʃ,b e tʃ,,hindukush,,,^ b e t͡ʃ $,default,
wbl_p-Kinship-mothersbrotherswife-1,,wbl_p,Kinship-mothersbrotherswife,vot͡ʃ,vot͡ʃ,v o tʃ,,hindukush,,,^ v o t͡ʃ $,default,
wbl_p-Kinship-motherssistershusband-1,,wbl_p,Kinship-motherssistershusband,bet͡ʃ,bet͡ʃ,b e tʃ,,hindukush,,,^ b e t͡ʃ $,default,
wbl_p-Kinship-sonswife-1,,wbl_p,Kinship-sonswife,stex,stex,s t e x,,hindukush,,,^ s t e x $,default,
wbl_p-Kinship-daughtershusband-1,,wbl_p,Kinship-daughtershusband,domod,domod,d o m o d,,hindukush,,,^ d o m o d $,default,
wbl_p-Kinship-brotherswifemaleego-1,,wbl_p,Kinship-brotherswifemaleego,xɨj,xɨj,x ɨ j,,hindukush,,,^ x ɨ j $,default,
wbl_p-Kinship-brotherswifefemaleego-1,,wbl_p,Kinship-brotherswifefemaleego,xɨj,xɨj,x ɨ j,,hindukush,,,^ x ɨ j $,default,
wbl_p-Kinship-sistershusbandmaleego-1,,wbl_p,Kinship-sistershusbandmaleego,χəserz,χəserz,χ ə s e r z,,hindukush,,,^ χ ə s e r z $,default,
wbl_p-Kinship-sistershusbandfemaleego-1,,wbl_p,Kinship-sistershusbandfemaleego,χəserz,χəserz,χ ə s e r z,,hindukush,,,^ χ ə s e r z $,default,
wbl_p-Kinship-wifesfather-1,,wbl_p,Kinship-wifesfather,xurs,xurs,x u r s,,hindukush,,,^ x u rs $,default,
wbl_p-Kinship-wifesmother-1,,wbl_p,Kinship-wifesmother,xaʂ,xaʂ,x a ʂ,,hindukush,,,^ x a ʂ $,default,
wbl_p-Kinship-husbandsfather-1,,wbl_p,Kinship-husbandsfather,xurs,xurs,x u r s,,hindukush,,,^ x u rs $,default,
wbl_p-Kinship-husbandsmother-1,,wbl_p,Kinship-husbandsmother,xaʂ,xaʂ,x a ʂ,,hindukush,,,^ x a ʂ $,default,
wbl_p-Kinship-husbandsbrother-1,,wbl_p,Kinship-husbandsbrother,lol,lol,l o l,,hindukush,,,^ l o l $,default,
wbl_p-Kinship-husbandssister-1,,wbl_p,Kinship-husbandssister,nun,nun,n u n,,hindukush,,,^ n u n $,default,
wbl_p-Kinship-wifesbrother-1,,wbl_p,Kinship-wifesbrother,lol,lol,l o l,,hindukush,,,^ l o l $,default,
wbl_p-Kinship-wifessister-1,,wbl_p,Kinship-wifessister,xɨj,xɨj,x ɨ j,,hindukush,,,^ x ɨ j $,default,
wbl_p-Kinship-husbandsbrotherswife-1,,wbl_p,Kinship-husbandsbrotherswife,xɨj,xɨj,x ɨ j,,hindukush,,,^ x ɨ j $,default,
wbl_p-Kinship-husbandssistershusband-1,,wbl_p,Kinship-husbandssistershusband,lol,lol,l o l,,hindukush,,,^ l o l $,default,
wbl_p-Kinship-wifesbrotherswife-1,,wbl_p,Kinship-wifesbrotherswife,xɨj,xɨj,x ɨ j,,hindukush,,,^ x ɨ j $,default,
wbl_p-Kinship-wifessistershusband-1,,wbl_p,Kinship-wifessistershusband,lol,lol,l o l,,hindukush,,,^ l o l $,default,
wbl_p-Kinship-sonswifesfather-1,,wbl_p,Kinship-sonswifesfather,qəda,qəda,q ə d a,,hindukush,,,^ q ə d a $,default,
wbl_p-Kinship-sonswifesmother-1,,wbl_p,Kinship-sonswifesmother,qədwund͡ʒ,qədwund͡ʒ,q ə d w u n dʒ,,hindukush,,,^ q ə dw u n d͡ʒ $,default,
wbl_p-Kinship-daughtershusbandsfather-1,,wbl_p,Kinship-daughtershusbandsfather,qəda,qəda,q ə d a,,hindukush,,,^ q ə d a $,default,
wbl_p-Kinship-daughtershusbandsmother-1,,wbl_p,Kinship-daughtershusbandsmother,qədwund͡ʒ,qədwund͡ʒ,q ə d w u n dʒ,,hindukush,,,^ q ə dw u n d͡ʒ $,default,
wbl_p-Kinship-stepsisternosharedparent-1,,wbl_p,Kinship-stepsisternosharedparent,xɨjed͡ʒ,xɨjed͡ʒ,x ɨ j e dʒ,,hindukush,,,^ x ɨ j e d͡ʒ $,default,
wbl_p-Kinship-stepbrothernosharedparent-1,,wbl_p,Kinship-stepbrothernosharedparent,vərɨted͡ʒ,vərɨted͡ʒ,v ə r ɨ t e dʒ,,hindukush,,,^ v ə r ɨ t e d͡ʒ $,default,
wbl_p-Kinship-stepmother-1,,wbl_p,Kinship-stepmother,naned͡ʒ,naned͡ʒ,n a n e dʒ,,hindukush,,,^ n a n e d͡ʒ $,default,
wbl_p-Kinship-stepfather-1,,wbl_p,Kinship-stepfather,tated͡ʒ,tated͡ʒ,t a t e dʒ,,hindukush,,,^ t a t e d͡ʒ $,default,
wbl_p-Kinship-stepson-1,,wbl_p,Kinship-stepson,petred͡ʒ,petred͡ʒ,p e t r e dʒ,,hindukush,,,^ p e t r e d͡ʒ $,default,
wbl_p-Kinship-stepdaughter-1,,wbl_p,Kinship-stepdaughter,ðəɣded͡ʒ,ðəɣded͡ʒ,ð ə ɣ d e dʒ,,hindukush,,,^ ð ə ɣ d e d͡ʒ $,default,
wbl_p-Kinship-fathersfathersfather-1,,wbl_p,Kinship-fathersfathersfather,pup,pup,p u p,,hindukush,,,^ p u p $,default,
wbl_p-Kinship-mothersmothersmother-1,,wbl_p,Kinship-mothersmothersmother,mum,mum,m u m,,hindukush,,,^ m u m $,default,
wbl_p-Kinship-forefather-1,,wbl_p,Kinship-forefather,ad͡ʒdod,ad͡ʒdod,a dʒ d o d,,hindukush,,,^ a d͡ʒ d o d $,default,
wbl_p-Kinship-fathersbrothersson-1,,wbl_p,Kinship-fathersbrothersson,lol,lol,l o l,,hindukush,,,^ l o l $,default,
wbl_p-Kinship-fathersbrothersdaughter-1,,wbl_p,Kinship-fathersbrothersdaughter,xɨj,xɨj,x ɨ j,,hindukush,,,^ x ɨ j $,default,
wbl_p-Kinship-fatherssistersson-1,,wbl_p,Kinship-fatherssistersson,lol,lol,l o l,,hindukush,,,^ l o l $,default,
wbl_p-Kinship-fatherssistersdaughter-1,,wbl_p,Kinship-fatherssistersdaughter,xɨj,xɨj,x ɨ j,,hindukush,,,^ x ɨ j $,default,
wbl_p-Kinship-mothersbrothersson-1,,wbl_p,Kinship-mothersbrothersson,lol,lol,l o l,,hindukush,,,^ l o l $,default,
wbl_p-Kinship-mothersbrothersdaughter-1,,wbl_p,Kinship-mothersbrothersdaughter,xɨj,xɨj,x ɨ j,,hindukush,,,^ x ɨ j $,default,
wbl_p-Kinship-motherssistersson-1,,wbl_p,Kinship-motherssistersson,lol,lol,l o l,,hindukush,,,^ l o l $,default,
wbl_p-Kinship-motherssistersdaughter-1,,wbl_p,Kinship-motherssistersdaughter,xɨj,xɨj,x ɨ j,,hindukush,,,^ x ɨ j $,default,
wbl_p-Kinship-relative-1,,wbl_p,Kinship-relative,χiʂqom,χiʂqom,χ i ʂ q o m,,hindukush,,,^ χ i ʂ q o m $,default,
wbl_p-Kinship-affinalrelative-1,,wbl_p,Kinship-affinalrelative,χiʂ,χiʂ,χ i ʂ,,hindukush,,,^ χ i ʂ $,default,
wbl_p-Kinship-bloodrelative-1,,wbl_p,Kinship-bloodrelative,d͡ʒigarqom,d͡ʒigarqom,dʒ i g a r q o m,,hindukush,,,^ d͡ʒ i g a r q o m $,default,
wbl_p-Kinship-wifesrelatives-1,,wbl_p,Kinship-wifesrelatives,xursin t͡ʃin,xursin_t͡ʃin,x u r s i n + tʃ i n,,hindukush,,,^ x u rs i n _ t͡ʃ i n $,default,
wbl_p-Kinship-headofhousehold-1,,wbl_p,Kinship-headofhousehold,sohib,sohib,s o h i b,,hindukush,,,^ s o h i b $,default,
wbl_p-Kinship-headofclan-1,,wbl_p,Kinship-headofclan,səɣdor,səɣdor,s ə ɣ d o r,,hindukush,,,^ s ə ɣ d o r $,default,
wbl_p-Kinship-headoftribe-1,,wbl_p,Kinship-headoftribe,səɣdor,səɣdor,s ə ɣ d o r,,hindukush,,,^ s ə ɣ d o r $,default,
wbl_p-Kinship-halfsistersamefatherdifferentmother-1,,wbl_p,Kinship-halfsistersamefatherdifferentmother,xɨjed͡ʒ,xɨjed͡ʒ,x ɨ j e dʒ,,hindukush,,,^ x ɨ j e d͡ʒ $,default,
wbl_p-Kinship-halfbrothersamefatherdifferentmother-1,,wbl_p,Kinship-halfbrothersamefatherdifferentmother,vərɨted͡ʒ,vərɨted͡ʒ,v ə r ɨ t e dʒ,,hindukush,,,^ v ə r ɨ t e d͡ʒ $,default,
wbl_p-Kinship-halfsistersamemotherdifferentfather-1,,wbl_p,Kinship-halfsistersamemotherdifferentfather,xɨjed͡ʒ,xɨjed͡ʒ,x ɨ j e dʒ,,hindukush,,,^ x ɨ j e d͡ʒ $,default,
wbl_p-Kinship-halfbrothersamemotherdifferentfather-1,,wbl_p,Kinship-halfbrothersamemotherdifferentfather,vərɨted͡ʒ,vərɨted͡ʒ,v ə r ɨ t e dʒ,,hindukush,,,^ v ə r ɨ t e d͡ʒ $,default,
ydg-Kinship-father-1,,ydg,Kinship-father,tat,tat,t a t,,hindukush,,,^ t a t $,default,
ydg-Kinship-mother-1,,ydg,Kinship-mother,niːno,niːno,n iː n o,,hindukush,,,^ n iː n o $,default,
ydg-Kinship-parent-1,,ydg,Kinship-parent,nan taːti,nan_taːti,n a n + t aː t i,,hindukush,,,^ n a n _ t aː t i $,default,
ydg-Kinship-son-1,,ydg,Kinship-son,puːr,puːr,p uː r,,hindukush,,,^ p uː r $,default,
ydg-Kinship-daughter-1,,ydg,Kinship-daughter,luʁdo,luʁdo,l u ʁ d o,,hindukush,,,^ l u ʁ d o $,default,
ydg-Kinship-ownchild-1,,ydg,Kinship-ownchild,zimoːn,zimoːn,z i m oː n,,hindukush,,,^ z i m oː n $,default,
ydg-Kinship-brother-1,,ydg,Kinship-brother,vraːij,vraːij,v r aːi j,,hindukush,,,^ v r aːi j $,default,
ydg-Kinship-sister-1,,ydg,Kinship-sister,iːχo,iːχo,iː χ o,,hindukush,,,^ iː χ o $,default,
ydg-Kinship-olderbrother-1,,ydg,Kinship-olderbrother,istir vraːij,istir_vraːij,i s t i r + v r aːi j,,hindukush,,,^ i s t i r _ v r aːi j $,default,
ydg-Kinship-youngerbrother-1,,ydg,Kinship-youngerbrother,riːz vraːij,riːz_vraːij,r iː z + v r aːi j,,hindukush,,,^ r iː z _ v r aːi j $,default,
ydg-Kinship-oldersister-1,,ydg,Kinship-oldersister,istir iːχo,istir_iːχo,i s t i r + iː χ o,,hindukush,,,^ i s t i r _ iː χ o $,default,
ydg-Kinship-youngersister-1,,ydg,Kinship-youngersister,riːz iːχo,riːz_iːχo,r iː z + iː χ o,,hindukush,,,^ r iː z _ iː χ o $,default,
ydg-Kinship-fathersfather-1,,ydg,Kinship-fathersfather,pap,pap,p a p,,hindukush,,,^ p a p $,default,
ydg-Kinship-fathersmother-1,,ydg,Kinship-fathersmother,maːmo,maːmo,m aː m o,,hindukush,,,^ m aː m o $,default,
ydg-Kinship-mothersfather-1,,ydg,Kinship-mothersfather,pap,pap,p a p,,hindukush,,,^ p a p $,default,
ydg-Kinship-mothersmother-1,,ydg,Kinship-mothersmother,maːmo,maːmo,m aː m o,,hindukush,,,^ m aː m o $,default,
ydg-Kinship-sonsson-1,,ydg,Kinship-sonsson,nuwis,nuwis,n u w i s,,hindukush,,,^ n u w i s $,default,
ydg-Kinship-sonsdaughter-1,,ydg,Kinship-sonsdaughter,nuwiso,nuwiso,n u w i s o,,hindukush,,,^ n u w i s o $,default,
ydg-Kinship-daughtersson-1,,ydg,Kinship-daughtersson,nuwis,nuwis,n u w i s,,hindukush,,,^ n u w i s $,default,
ydg-Kinship-daughtersdaughter-1,,ydg,Kinship-daughtersdaughter,nuwiso,nuwiso,n u w i s o,,hindukush,,,^ n u w i s o $,default,
ydg-Kinship-fathersbrother-1,,ydg,Kinship-fathersbrother,baːij,baːij,b aːi j,,hindukush,,,^ b aːi j $,default,
ydg-Kinship-fathersolderbrother-1,,ydg,Kinship-fathersolderbrother,χuht͡ʃi baːij,χuht͡ʃi_baːij,χ u h tʃ i + b aːi j,,hindukush,,,^ χ u h t͡ʃ i _ b aːi j $,default,
ydg-Kinship-fathersyoungerbrother-1,,ydg,Kinship-fathersyoungerbrother,kemdir baːij,kemdir_baːij,k e m d i r + b aːi j,,hindukush,,,^ k e m d i r _ b aːi j $,default,
ydg-Kinship-fatherssister-1,,ydg,Kinship-fatherssister,koːkoː,koːkoː,k oː k oː,,hindukush,,,^ k oː k oː $,default,
ydg-Kinship-fathersoldersister-1,,ydg,Kinship-fathersoldersister,χuht͡ʃi koːkoː,χuht͡ʃi_koːkoː,χ u h tʃ i + k oː k oː,,hindukush,,,^ χ u h t͡ʃ i _ k oː k oː $,default,
ydg-Kinship-fathersyoungersister-1,,ydg,Kinship-fathersyoungersister,kemdir koːkoː,kemdir_koːkoː,k e m d i r + k oː k oː,,hindukush,,,^ k e m d i r _ k oː k oː $,default,
ydg-Kinship-mothersbrother-1,,ydg,Kinship-mothersbrother,baːij,baːij,b aːi j,,hindukush,,,^ b aːi j $,default,
ydg-Kinship-mothersolderbrother-1,,ydg,Kinship-mothersolderbrother,koːkoː,koːkoː,k oː k oː,,hindukush,,,^ k oː k oː $,default,
ydg-Kinship-mothersyoungerbrother-1,,ydg,Kinship-mothersyoungerbrother,kemdir baːij,kemdir_baːij,k e m d i r + b aːi j,,hindukush,,,^ k e m d i r _ b aːi j $,default,
ydg-Kinship-motherssister-1,,ydg,Kinship-motherssister,koːkoː,koːkoː,k oː k oː,,hindukush,,,^ k oː k oː $,default,
ydg-Kinship-mothersoldersister-1,,ydg,Kinship-mothersoldersister,χuht͡ʃi koːkoː,χuht͡ʃi_koːkoː,χ u h tʃ i + k oː k oː,,hindukush,,,^ χ u h t͡ʃ i _ k oː k oː $,default,
ydg-Kinship-mothersyoungersister-1,,ydg,Kinship-mothersyoungersister,kemdir koːkoː,kemdir_koːkoː,k e m d i r + k oː k oː,,hindukush,,,^ k e m d i r _ k oː k oː $,default,
ydg-Kinship-brothersson-1,,ydg,Kinship-brothersson,nuwis,nuwis,n u w i s,,hindukush,,,^ n u w i s $,default,
ydg-Kinship-brothersdaughter-1,,ydg,Kinship-brothersdaughter,nuwiso,nuwiso,n u w i s o,,hindukush,,,^ n u w i s o $,default,
ydg-Kinship-sistersson-1,,ydg,Kinship-sistersson,nuwis,nuwis,n u w i s,,hindukush,,,^ n u w i s $,default,
ydg-Kinship-sistersdaughter-1,,ydg,Kinship-sistersdaughter,nuwiso,nuwiso,n u w i s o,,hindukush,,,^ n u w i s o $,default,
ydg-Kinship-husband-1,,ydg,Kinship-husband,ʂefi,ʂefi,ʂ e f i,,hindukush,,,^ ʂ e f i $,default,
ydg-Kinship-wife-1,,ydg,Kinship-wife,ulo,ulo,u l o,,hindukush,,,^ u l o $,default,
ydg-Kinship-fathersolderbrotherswife-1,,ydg,Kinship-fathersolderbrotherswife,χuht͡ʃi niːno,χuht͡ʃi_niːno,χ u h tʃ i + n iː n o,,hindukush,,,^ χ u h t͡ʃ i _ n iː n o $,default,
ydg-Kinship-fathersyoungerbrotherswife-1,,ydg,Kinship-fathersyoungerbrotherswife,kemdir niːno,kemdir_niːno,k e m d i r + n iː n o,,hindukush,,,^ k e m d i r _ n iː n o $,default,
ydg-Kinship-fatherssistershusband-1,,ydg,Kinship-fatherssistershusband,baːij,baːij,b aːi j,,hindukush,,,^ b aːi j $,default,
ydg-Kinship-mothersbrotherswife-1,,ydg,Kinship-mothersbrotherswife,koːkoː,koːkoː,k oː k oː,,hindukush,,,^ k oː k oː $,default,
ydg-Kinship-motherssistershusband-1,,ydg,Kinship-motherssistershusband,koːkoː,koːkoː,k oː k oː,,hindukush,,,^ k oː k oː $,default,
ydg-Kinship-sonswife-1,,ydg,Kinship-sonswife,zinjo,zinjo,z i n j o,,hindukush,,,^ z i n j o $,default,
ydg-Kinship-daughtershusband-1,,ydg,Kinship-daughtershusband,zamaːij,zamaːij,z a m aːi j,,hindukush,,,^ z a m aːi j $,default,
ydg-Kinship-brotherswifemaleego-1,,ydg,Kinship-brotherswifemaleego,zinjo,zinjo,z i n j o,,hindukush,,,^ z i n j o $,default,
ydg-Kinship-brotherswifefemaleego-1,,ydg,Kinship-brotherswifefemaleego,zinjo,zinjo,z i n j o,,hindukush,,,^ z i n j o $,default,
ydg-Kinship-sistershusbandmaleego-1,,ydg,Kinship-sistershusbandmaleego,rown,rown,r o w n,,hindukush,,,^ r o w n $,default,
ydg-Kinship-sistershusbandfemaleego-1,,ydg,Kinship-sistershusbandfemaleego,rown,rown,r o w n,,hindukush,,,^ r o w n $,default,
ydg-Kinship-wifesfather-1,,ydg,Kinship-wifesfather,χusur,χusur,χ u s u r,,hindukush,,,^ χ u s u r $,default,
ydg-Kinship-wifesmother-1,,ydg,Kinship-wifesmother,χuʂo,χuʂo,χ u ʂ o,,hindukush,,,^ χ u ʂ o $,default,
ydg-Kinship-husbandsfather-1,,ydg,Kinship-husbandsfather,χusur,χusur,χ u s u r,,hindukush,,,^ χ u s u r $,default,
ydg-Kinship-husbandsmother-1,,ydg,Kinship-husbandsmother,χuʂo,χuʂo,χ u ʂ o,,hindukush,,,^ χ u ʂ o $,default,
ydg-Kinship-husbandsbrother-1,,ydg,Kinship-husbandsbrother,rown,rown,r o w n,,hindukush,,,^ r o w n $,default,
ydg-Kinship-husbandssister-1,,ydg,Kinship-husbandssister,χujaʁno,χujaʁno,χ u j a ʁ n o,,hindukush,,,^ χ u j a ʁ n o $,default,
ydg-Kinship-wifesbrother-1,,ydg,Kinship-wifesbrother,rown,rown,r o w n,,hindukush,,,^ r o w n $,default,
ydg-Kinship-wifessister-1,,ydg,Kinship-wifessister,χujaʁno,χujaʁno,χ u j a ʁ n o,,hindukush,,,^ χ u j a ʁ n o $,default,
ydg-Kinship-husbandsbrotherswife-1,,ydg,Kinship-husbandsbrotherswife,zinjo,zinjo,z i n j o,,hindukush,,,^ z i n j o $,default,
ydg-Kinship-husbandssistershusband-1,,ydg,Kinship-husbandssistershusband,vraːij,vraːij,v r aːi j,,hindukush,,,^ v r aːi j $,default,
ydg-Kinship-wifesbrotherswife-1,,ydg,Kinship-wifesbrotherswife,zinjo,zinjo,z i n j o,,hindukush,,,^ z i n j o $,default,
ydg-Kinship-cowife-1,,ydg,Kinship-cowife,amboχ t͡ʃan,amboχ_t͡ʃan,a m b o χ + tʃ a n,,hindukush,,,^ a m b o χ _ t͡ʃ a n $,default,
ydg-Kinship-sonswifesfather-1,,ydg,Kinship-sonswifesfather,biɖijaːni,biɖijaːni,b i ɖ i j aː n i,,hindukush,,,^ b i ɖ i j aː n i $,default,
ydg-Kinship-sonswifesmother-1,,ydg,Kinship-sonswifesmother,biɖijaːni,biɖijaːni,b i ɖ i j aː n i,,hindukush,,,^ b i ɖ i j aː n i $,default,
ydg-Kinship-daughtershusbandsfather-1,,ydg,Kinship-daughtershusbandsfather,biɖijaːni,biɖijaːni,b i ɖ i j aː n i,,hindukush,,,^ b i ɖ i j aː n i $,default,
ydg-Kinship-daughtershusbandsmother-1,,ydg,Kinship-daughtershusbandsmother,biɖijaːni,biɖijaːni,b i ɖ i j aː n i,,hindukush,,,^ b i ɖ i j aː n i $,default,
ydg-Kinship-stepsisternosharedparent-1,,ydg,Kinship-stepsisternosharedparent,luʁdo ʁurdi,luʁdo_ʁurdi,l u ʁ d o + ʁ u r d i,,hindukush,,,^ l u ʁ d o _ ʁ u r d i $,default,
ydg-Kinship-stepbrothernosharedparent-1,,ydg,Kinship-stepbrothernosharedparent,vraːij ʁurdi,vraːij_ʁurdi,v r aːi j + ʁ u r d i,,hindukush,,,^ v r aːi j _ ʁ u r d i $,default,
ydg-Kinship-stepmother-1,,ydg,Kinship-stepmother,nin beli,nin_beli,n i n + b e l i,,hindukush,,,^ n i n _ b e l i $,default,
ydg-Kinship-stepfather-1,,ydg,Kinship-stepfather,tat beli,tat_beli,t a t + b e l i,,hindukush,,,^ t a t _ b e l i $,default,
ydg-Kinship-stepson-1,,ydg,Kinship-stepson,puːr beli,puːr_beli,p uː r + b e l i,,hindukush,,,^ p uː r _ b e l i $,default,
ydg-Kinship-stepdaughter-1,,ydg,Kinship-stepdaughter,luʁd beli,luʁd_beli,l u ʁ d + b e l i,,hindukush,,,^ l u ʁ d _ b e l i $,default,
ydg-Kinship-fathersfathersfather-1,,ydg,Kinship-fathersfathersfather,istir pap,istir_pap,i s t i r + p a p,,hindukush,,,^ i s t i r _ p a p $,default,
ydg-Kinship-mothersmothersmother-1,,ydg,Kinship-mothersmothersmother,istir maːmo,istir_maːmo,i s t i r + m aː m o,,hindukush,,,^ i s t i r _ m aː m o $,default,
ydg-Kinship-forefather-1,,ydg,Kinship-forefather,abaw aʒdaːd,abaw_aʒdaːd,a b a w + a ʒ d aː d,,hindukush,,,^ a b a w _ a ʒ d aː d $,default,
ydg-Kinship-foremother-1,,ydg,Kinship-foremother,abaw aʒdaːd,abaw_aʒdaːd,a b a w + a ʒ d aː d,,hindukush,,,^ a b a w _ a ʒ d aː d $,default,
ydg-Kinship-fathersbrothersson-1,,ydg,Kinship-fathersbrothersson,baːij puːr,baːij_puːr,b aːi j + p uː r,,hindukush,,,^ b aːi j _ p uː r $,default,
ydg-Kinship-fathersbrothersdaughter-1,,ydg,Kinship-fathersbrothersdaughter,baːij luʁdo,baːij_luʁdo,b aːi j + l u ʁ d o,,hindukush,,,^ b aːi j _ l u ʁ d o $,default,
ydg-Kinship-fatherssistersson-1,,ydg,Kinship-fatherssistersson,baːij puːr,baːij_puːr,b aːi j + p uː r,,hindukush,,,^ b aːi j _ p uː r $,default,
ydg-Kinship-mothersbrothersson-1,,ydg,Kinship-mothersbrothersson,baːij puːr,baːij_puːr,b aːi j + p uː r,,hindukush,,,^ b aːi j _ p uː r $,default,
ydg-Kinship-mothersbrothersdaughter-1,,ydg,Kinship-mothersbrothersdaughter,baːij luʁdo,baːij_luʁdo,b aːi j + l u ʁ d o,,hindukush,,,^ b aːi j _ l u ʁ d o $,default,
ydg-Kinship-motherssistersson-1,,ydg,Kinship-motherssistersson,koːkhi puːr,koːkhi_puːr,k oː kʰ i + p uː r,,hindukush,,,^ k oː kh i _ p uː r $,default,
ydg-Kinship-motherssistersdaughter-1,,ydg,Kinship-motherssistersdaughter,koːkhi luʁdo,koːkhi_luʁdo,k oː kʰ i + l u ʁ d o,,hindukush,,,^ k oː kh i _ l u ʁ d o $,default,
ydg-Kinship-relative-1,,ydg,Kinship-relative,riʃtah daːr,riʃtah_daːr,r i ʃ t a h + d aː r,,hindukush,,,^ r i ʃ t a h _ d aː r $,default,
ydg-Kinship-bloodrelative-1,,ydg,Kinship-bloodrelative,iːni riʃto,iːni_riʃto,iː n i + r i ʃ t o,,hindukush,,,^ iː n i _ r i ʃ t o $,default,
ydg-Kinship-wifesrelatives-1,,ydg,Kinship-wifesrelatives,χusreːni,χusreːni,χ u s r eː n i,,hindukush,,,^ χ u s r eː n i $,default,
ydg-Kinship-headofhousehold-1,,ydg,Kinship-headofhousehold,χuht͡ʃi,χuht͡ʃi,χ u h tʃ i,,hindukush,,,^ χ u h t͡ʃ i $,default,
ydg-Kinship-halfsistersamefatherdifferentmother-1,,ydg,Kinship-halfsistersamefatherdifferentmother,vraːij beli,vraːij_beli,v r aːi j + b e l i,,hindukush,,,^ v r aːi j _ b e l i $,default,
ydg-Kinship-halfsistersamemotherdifferentfather-1,,ydg,Kinship-halfsistersamemotherdifferentfather,iχ beli,iχ_beli,i χ + b e l i,,hindukush,,,^ i χ _ b e l i $,default,
ask-Numerals-1-1,,ask,Numerals-1,at͡ʃ,at͡ʃ,a tʃ,,hindukush,,,^ a t͡ʃ $,default,
ask-Numerals-2-1,,ask,Numerals-2,duː,duː,d uː,,hindukush,,,^ d uː $,default,
ask-Numerals-3-1,,ask,Numerals-3,trə,trə,t r ə,,hindukush,,,^ t r ə $,default,
ask-Numerals-4-1,,ask,Numerals-4,t͡sətaː,t͡sətaː,ts ə t aː,,hindukush,,,^ t͡s ə t aː $,default,
ask-Numerals-5-1,,ask,Numerals-5,punt͡s,punt͡s,p u n ts,,hindukush,,,^ p u n t͡s $,default,
ask-Numerals-6-1,,ask,Numerals-6,ʃu,ʃu,ʃ u,,hindukush,,,^ ʃ u $,default,
ask-Numerals-7-1,,ask,Numerals-7,soːt,soːt,s oː t,,hindukush,,,^ s oː t $,default,
ask-Numerals-8-1,,ask,Numerals-8,oːʃt,oːʃt,oː ʃ t,,hindukush,,,^ oː ʃ t $,default,
ask-Numerals-9-1,,ask,Numerals-9,nu,nu,n u,,hindukush,,,^ n u $,default,
ask-Numerals-10-1,,ask,Numerals-10,dos,dos,d o s,,hindukush,,,^ d o s $,default,
ask-Numerals-11-1,,ask,Numerals-11,t͡ʃenis,t͡ʃenis,tʃ e n i s,,hindukush,,,^ t͡ʃ e n i s $,default,
ask-Numerals-12-1,,ask,Numerals-12,baːjs,baːjs,b aː j s,,hindukush,,,^ b aː js $,default,
ask-Numerals-13-1,,ask,Numerals-13,trejs,trejs,t r e j s,,hindukush,,,^ t r e js $,default,
ask-Numerals-14-1,,ask,Numerals-14,t͡sudis,t͡sudis,ts u d i s,,hindukush,,,^ t͡s u d i s $,default,
ask-Numerals-15-1,,ask,Numerals-15,pat͡sejs,pat͡sejs,p a ts e j s,,hindukush,,,^ p a t͡s e js $,default,
ask-Numerals-16-1,,ask,Numerals-16,ʃuɽis,ʃuɽis,ʃ u ɽ i s,,hindukush,,,^ ʃ u ɽ i s $,default,
ask-Numerals-17-1,,ask,Numerals-17,sətaːjs,sətaːjs,s ə t aː j s,,hindukush,,,^ s ə t aː js $,default,
ask-Numerals-18-1,,ask,Numerals-18,aʃʈaːjs,aʃʈaːjs,a ʃ ʈ aː j s,,hindukush,,,^ a ʃ ʈ aː js $,default,
ask-Numerals-19-1,,ask,Numerals-19,wusu,wusu,w u s u,,hindukush,,,^ w u s u $,default,
ask-Numerals-20-1,,ask,Numerals-20,wiʃi,wiʃi,w i ʃ i,,hindukush,,,^ w i ʃ i $,default,
ask-Numerals-21-1,,ask,Numerals-21,wiʃaː at͡ʃ,wiʃaː_at͡ʃ,w i ʃ aː + a tʃ,,hindukush,,,^ w i ʃ aː _ a t͡ʃ $,default,
ask-Numerals-22-1,,ask,Numerals-22,wiʃaː duː,wiʃaː_duː,w i ʃ aː + d uː,,hindukush,,,^ w i ʃ aː _ d uː $,default,
ask-Numerals-23-1,,ask,Numerals-23,wiʃaː trə,wiʃaː_trə,w i ʃ aː + t r ə,,hindukush,,,^ w i ʃ aː _ t r ə $,default,
ask-Numerals-24-1,,ask,Numerals-24,wiʃaː t͡sətaː,wiʃaː_t͡sətaː,w i ʃ aː + ts ə t aː,,hindukush,,,^ w i ʃ aː _ t͡s ə t aː $,default,
ask-Numerals-25-1,,ask,Numerals-25,wiʃaː punt͡s,wiʃaː_punt͡s,w i ʃ aː + p u n ts,,hindukush,,,^ w i ʃ aː _ p u n t͡s $,default,
ask-Numerals-26-1,,ask,Numerals-26,wiʃaː ʃu,wiʃaː_ʃu,w i ʃ aː + ʃ u,,hindukush,,,^ w i ʃ aː _ ʃ u $,default,
ask-Numerals-27-1,,ask,Numerals-27,wiʃaː soːt,wiʃaː_soːt,w i ʃ aː + s oː t,,hindukush,,,^ w i ʃ aː _ s oː t $,default,
ask-Numerals-28-1,,ask,Numerals-28,wiʃaː oːʃt,wiʃaː_oːʃt,w i ʃ aː + oː ʃ t,,hindukush,,,^ w i ʃ aː _ oː ʃ t $,default,
ask-Numerals-29-1,,ask,Numerals-29,wiʃaː nu,wiʃaː_nu,w i ʃ aː + n u,,hindukush,,,^ w i ʃ aː _ n u $,default,
ask-Numerals-30-1,,ask,Numerals-30,wiʃaː dos,wiʃaː_dos,w i ʃ aː + d o s,,hindukush,,,^ w i ʃ aː _ d o s $,default,
ask-Numerals-31-1,,ask,Numerals-31,wiʃaː t͡ʃenis,wiʃaː_t͡ʃenis,w i ʃ aː + tʃ e n i s,,hindukush,,,^ w i ʃ aː _ t͡ʃ e n i s $,default,
ask-Numerals-32-1,,ask,Numerals-32,wiʃaː baːjs,wiʃaː_baːjs,w i ʃ aː + b aː j s,,hindukush,,,^ w i ʃ aː _ b aː js $,default,
ask-Numerals-33-1,,ask,Numerals-33,wiʃaː trejs,wiʃaː_trejs,w i ʃ aː + t r e j s,,hindukush,,,^ w i ʃ aː _ t r e js $,default,
ask-Numerals-34-1,,ask,Numerals-34,wiʃaː t͡sudis,wiʃaː_t͡sudis,w i ʃ aː + ts u d i s,,hindukush,,,^ w i ʃ aː _ t͡s u d i s $,default,
ask-Numerals-35-1,,ask,Numerals-35,wiʃaː pat͡sejs,wiʃaː_pat͡sejs,w i ʃ aː + p a ts e j s,,hindukush,,,^ w i ʃ aː _ p a t͡s e js $,default,
ask-Numerals-36-1,,ask,Numerals-36,wiʃaː ʃuɽis,wiʃaː_ʃuɽis,w i ʃ aː + ʃ u ɽ i s,,hindukush,,,^ w i ʃ aː _ ʃ u ɽ i s $,default,
ask-Numerals-37-1,,ask,Numerals-37,wiʃaː sətaːjs,wiʃaː_sətaːjs,w i ʃ aː + s ə t aː j s,,hindukush,,,^ w i ʃ aː _ s ə t aː js $,default,
ask-Numerals-38-1,,ask,Numerals-38,wiʃaː aʃʈaːjs,wiʃaː_aʃʈaːjs,w i ʃ aː + a ʃ ʈ aː j s,,hindukush,,,^ w i ʃ aː _ a ʃ ʈ aː js $,default,
ask-Numerals-39-1,,ask,Numerals-39,wiʃaː wusu,wiʃaː_wusu,w i ʃ aː + w u s u,,hindukush,,,^ w i ʃ aː _ w u s u $,default,
ask-Numerals-40-1,,ask,Numerals-40,duːʃi,duːʃi,d uː ʃ i,,hindukush,,,^ d uː ʃ i $,default,
ask-Numerals-41-1,,ask,Numerals-41,duːʃaː at͡ʃ,duːʃaː_at͡ʃ,d uː ʃ aː + a tʃ,,hindukush,,,^ d uː ʃ aː _ a t͡ʃ $,default,
ask-Numerals-42-1,,ask,Numerals-42,duːʃaː duː,duːʃaː_duː,d uː ʃ aː + d uː,,hindukush,,,^ d uː ʃ aː _ d uː $,default,
ask-Numerals-43-1,,ask,Numerals-43,duːʃaː trə,duːʃaː_trə,d uː ʃ aː + t r ə,,hindukush,,,^ d uː ʃ aː _ t r ə $,default,
ask-Numerals-44-1,,ask,Numerals-44,duːʃaː t͡sətaː,duːʃaː_t͡sətaː,d uː ʃ aː + ts ə t aː,,hindukush,,,^ d uː ʃ aː _ t͡s ə t aː $,default,
ask-Numerals-45-1,,ask,Numerals-45,duːʃaː punt͡s,duːʃaː_punt͡s,d uː ʃ aː + p u n ts,,hindukush,,,^ d uː ʃ aː _ p u n t͡s $,default,
ask-Numerals-46-1,,ask,Numerals-46,duːʃaː ʃu,duːʃaː_ʃu,d uː ʃ aː + ʃ u,,hindukush,,,^ d uː ʃ aː _ ʃ u $,default,
ask-Numerals-47-1,,ask,Numerals-47,duːʃaː soːt,duːʃaː_soːt,d uː ʃ aː + s oː t,,hindukush,,,^ d uː ʃ aː _ s oː t $,default,
ask-Numerals-48-1,,ask,Numerals-48,duːʃaː oːʃt,duːʃaː_oːʃt,d uː ʃ aː + oː ʃ t,,hindukush,,,^ d uː ʃ aː _ oː ʃ t $,default,
ask-Numerals-49-1,,ask,Numerals-49,duːʃaː nu,duːʃaː_nu,d uː ʃ aː + n u,,hindukush,,,^ d uː ʃ aː _ n u $,default,
ask-Numerals-50-1,,ask,Numerals-50,duːʃaː dos,duːʃaː_dos,d uː ʃ aː + d o s,,hindukush,,,^ d uː ʃ aː _ d o s $,default,
ask-Numerals-60-1,,ask,Numerals-60,treʃi,treʃi,t r e ʃ i,,hindukush,,,^ t r e ʃ i $,default,
ask-Numerals-70-1,,ask,Numerals-70,treʃaː dos,treʃaː_dos,t r e ʃ aː + d o s,,hindukush,,,^ t r e ʃ aː _ d o s $,default,
ask-Numerals-80-1,,ask,Numerals-80,t͡sətaːʃi,t͡sətaːʃi,ts ə t aː ʃ i,,hindukush,,,^ t͡s ə t aː ʃ i $,default,
ask-Numerals-90-1,,ask,Numerals-90,t͡sətaːʃaː dos,t͡sətaːʃaː_dos,ts ə t aː ʃ aː + d o s,,hindukush,,,^ t͡s ə t aː ʃ aː _ d o s $,default,
ask-Numerals-100-1,,ask,Numerals-100,punt͡ʃi,punt͡ʃi,p u n tʃ i,,hindukush,,,^ p u n t͡ʃ i $,default,
ask-Numerals-110-1,,ask,Numerals-110,punt͡ʃaː dos,punt͡ʃaː_dos,p u n tʃ aː + d o s,,hindukush,,,^ p u n t͡ʃ aː _ d o s $,default,
ask-Numerals-120-1,,ask,Numerals-120,punt͡ʃaː wiʃi,punt͡ʃaː_wiʃi,p u n tʃ aː + w i ʃ i,,hindukush,,,^ p u n t͡ʃ aː _ w i ʃ i $,default,
ask-Numerals-200-1,,ask,Numerals-200,dusawa,dusawa,d u s a w a,,hindukush,,,^ d u s a w a $,default,
ask-Numerals-1000-1,,ask,Numerals-1000,azrə,azrə,a z r ə,,hindukush,,,^ a z r ə $,default,
bft-Numerals-1-1,,bft,Numerals-1,t͡ɕik,t͡ɕik,tɕ i k,,hindukush,,,^ t͡ɕ i k $,default,
bft-Numerals-2-1,,bft,Numerals-2,ŋis,ŋis,ŋ i s,,hindukush,,,^ ŋ i s $,default,
bft-Numerals-3-1,,bft,Numerals-3,χsum,χsum,χ s u m,,hindukush,,,^ χs u m $,default,
bft-Numerals-4-1,,bft,Numerals-4,bʑiː,bʑiː,b ʑ iː,,hindukush,,,^ bʑ iː $,default,
bft-Numerals-5-1,,bft,Numerals-5,ʁaː,ʁaː,ʁ aː,,hindukush,,,^ ʁ aː $,default,
bft-Numerals-6-1,,bft,Numerals-6,truk,truk,t r u k,,hindukush,,,^ t r u k $,default,
bft-Numerals-7-1,,bft,Numerals-7,bdun,bdun,b d u n,,hindukush,,,^ b d u n $,default,
bft-Numerals-8-1,,bft,Numerals-8,bgijad,bgijad,b g i j a d,,hindukush,,,^ b g i j a d $,default,
bft-Numerals-9-1,,bft,Numerals-9,rguː,rguː,r g uː,,hindukush,,,^ r g uː $,default,
bft-Numerals-10-1,,bft,Numerals-10,ft͡ɕuː,ft͡ɕuː,f tɕ uː,,hindukush,,,^ f t͡ɕ uː $,default,
bft-Numerals-11-1,,bft,Numerals-11,t͡ɕust͡ɕik,t͡ɕust͡ɕik,tɕ u s tɕ i k,,hindukush,,,^ t͡ɕ u s t͡ɕ i k $,default,
bft-Numerals-12-1,,bft,Numerals-12,t͡ɕuŋis,t͡ɕuŋis,tɕ u ŋ i s,,hindukush,,,^ t͡ɕ u ŋ i s $,default,
bft-Numerals-13-1,,bft,Numerals-13,t͡ɕuksum,t͡ɕuksum,tɕ u k s u m,,hindukush,,,^ t͡ɕ u ks u m $,default,
bft-Numerals-14-1,,bft,Numerals-14,t͡ɕubʑiː,t͡ɕubʑiː,tɕ u b ʑ iː,,hindukush,,,^ t͡ɕ u bʑ iː $,default,
bft-Numerals-15-1,,bft,Numerals-15,t͡ɕuʁaː,t͡ɕuʁaː,tɕ u ʁ aː,,hindukush,,,^ t͡ɕ u ʁ aː $,default,
bft-Numerals-16-1,,bft,Numerals-16,t͡ɕuruk,t͡ɕuruk,tɕ u r u k,,hindukush,,,^ t͡ɕ u r u k $,default,
bft-Numerals-17-1,,bft,Numerals-17,t͡ɕubdun,t͡ɕubdun,tɕ u b d u n,,hindukush,,,^ t͡ɕ u b d u n $,default,
bft-Numerals-18-1,,bft,Numerals-18,t͡ɕubgijad,t͡ɕubgijad,tɕ u b g i j a d,,hindukush,,,^ t͡ɕ u b g i j a d $,default,
bft-Numerals-19-1,,bft,Numerals-19,t͡ɕurgu,t͡ɕurgu,tɕ u r g u,,hindukush,,,^ t͡ɕ u r g u $,default,
bft-Numerals-20-1,,bft,Numerals-20,ŋiɕuː,ŋiɕuː,ŋ i ɕ uː,,hindukush,,,^ ŋ i ɕ uː $,default,
bft-Numerals-21-1,,bft,Numerals-21,hr̥t͡saq t͡ɕik,hr̥t͡saq_t͡ɕik,h r̥ ts a q + tɕ i k,,hindukush,,,^ h r̥ t͡s a q _ t͡ɕ i k $,default,
bft-Numerals-22-1,,bft,Numerals-22,hr̥t͡saq ŋis,hr̥t͡saq_ŋis,h r̥ ts a q + ŋ i s,,hindukush,,,^ h r̥ t͡s a q _ ŋ i s $,default,
bft-Numerals-23-1,,bft,Numerals-23,hr̥t͡saq χsum,hr̥t͡saq_χsum,h r̥ ts a q + χ s u m,,hindukush,,,^ h r̥ t͡s a q _ χs u m $,default,
bft-Numerals-24-1,,bft,Numerals-24,hr̥t͡sa bʑiː,hr̥t͡sa_bʑiː,h r̥ ts a + b ʑ iː,,hindukush,,,^ h r̥ t͡s a _ bʑ iː $,default,
bft-Numerals-25-1,,bft,Numerals-25,hr̥t͡sa ʁaː,hr̥t͡sa_ʁaː,h r̥ ts a + ʁ aː,,hindukush,,,^ h r̥ t͡s a _ ʁ aː $,default,
bft-Numerals-26-1,,bft,Numerals-26,hr̥t͡sa truk,hr̥t͡sa_truk,h r̥ ts a + t r u k,,hindukush,,,^ h r̥ t͡s a _ t r u k $,default,
bft-Numerals-27-1,,bft,Numerals-27,hr̥t͡sa bdun,hr̥t͡sa_bdun,h r̥ ts a + b d u n,,hindukush,,,^ h r̥ t͡s a _ b d u n $,default,
bft-Numerals-28-1,,bft,Numerals-28,hr̥t͡sa bgijad,hr̥t͡sa_bgijad,h r̥ ts a + b g i j a d,,hindukush,,,^ h r̥ t͡s a _ b g i j a d $,default,
bft-Numerals-29-1,,bft,Numerals-29,hr̥t͡sa rguː,hr̥t͡sa_rguː,h r̥ ts a + r g uː,,hindukush,,,^ h r̥ t͡s a _ r g uː $,default,
bft-Numerals-30-1,,bft,Numerals-30,χsumt͡ɕuː,χsumt͡ɕuː,χ s u m tɕ uː,,hindukush,,,^ χs u m t͡ɕ uː $,default,
bft-Numerals-31-1,,bft,Numerals-31,ŋiɕunah t͡ɕust͡ɕik,ŋiɕunah_t͡ɕust͡ɕik,ŋ i ɕ u n a h + tɕ u s tɕ i k,,hindukush,,,^ ŋ i ɕ u n a h _ t͡ɕ u s t͡ɕ i k $,default,
bft-Numerals-32-1,,bft,Numerals-32,ŋiɕunah t͡ɕuŋis,ŋiɕunah_t͡ɕuŋis,ŋ i ɕ u n a h + tɕ u ŋ i s,,hindukush,,,^ ŋ i ɕ u n a h _ t͡ɕ u ŋ i s $,default,
bft-Numerals-33-1,,bft,Numerals-33,ŋiɕunah t͡ɕuksum,ŋiɕunah_t͡ɕuksum,ŋ i ɕ u n a h + tɕ u k s u m,,hindukush,,,^ ŋ i ɕ u n a h _ t͡ɕ u ks u m $,default,
bft-Numerals-34-1,,bft,Numerals-34,ŋiɕunah t͡ɕubʑiː,ŋiɕunah_t͡ɕubʑiː,ŋ i ɕ u n a h + tɕ u b ʑ iː,,hindukush,,,^ ŋ i ɕ u n a h _ t͡ɕ u bʑ iː $,default,
bft-Numerals-35-1,,bft,Numerals-35,ŋiɕunah t͡ɕuʁaː,ŋiɕunah_t͡ɕuʁaː,ŋ i ɕ u n a h + tɕ u ʁ aː,,hindukush,,,^ ŋ i ɕ u n a h _ t͡ɕ u ʁ aː $,default,
bft-Numerals-36-1,,bft,Numerals-36,ŋiɕunah t͡ɕuruk,ŋiɕunah_t͡ɕuruk,ŋ i ɕ u n a h + tɕ u r u k,,hindukush,,,^ ŋ i ɕ u n a h _ t͡ɕ u r u k $,default,
bft-Numerals-37-1,,bft,Numerals-37,ŋiɕunah t͡ɕubdun,ŋiɕunah_t͡ɕubdun,ŋ i ɕ u n a h + tɕ u b d u n,,hindukush,,,^ ŋ i ɕ u n a h _ t͡ɕ u b d u n $,default,
bft-Numerals-38-1,,bft,Numerals-38,ŋiɕunah t͡ɕubgijad,ŋiɕunah_t͡ɕubgijad,ŋ i ɕ u n a h + tɕ u b g i j a d,,hindukush,,,^ ŋ i ɕ u n a h _ t͡ɕ u b g i j a d $,default,
bft-Numerals-39-1,,bft,Numerals-39,ŋiɕunah t͡ɕurguː,ŋiɕunah_t͡ɕurguː,ŋ i ɕ u n a h + tɕ u r g uː,,hindukush,,,^ ŋ i ɕ u n a h _ t͡ɕ u r g uː $,default,
bft-Numerals-40-1,,bft,Numerals-40,ŋiɕuŋis,ŋiɕuŋis,ŋ i ɕ u ŋ i s,,hindukush,,,^ ŋ i ɕ u ŋ i s $,default,
bft-Numerals-41-1,,bft,Numerals-41,ŋiɕuŋisnah t͡ɕik,ŋiɕuŋisnah_t͡ɕik,ŋ i ɕ u ŋ i s n a h + tɕ i k,,hindukush,,,^ ŋ i ɕ u ŋ i s n a h _ t͡ɕ i k $,default,
bft-Numerals-42-1,,bft,Numerals-42,ŋiɕuŋisnah ŋis,ŋiɕuŋisnah_ŋis,ŋ i ɕ u ŋ i s n a h + ŋ i s,,hindukush,,,^ ŋ i ɕ u ŋ i s n a h _ ŋ i s $,default,
bft-Numerals-43-1,,bft,Numerals-43,ŋiɕuŋisnah χsum,ŋiɕuŋisnah_χsum,ŋ i ɕ u ŋ i s n a h + χ s u m,,hindukush,,,^ ŋ i ɕ u ŋ i s n a h _ χs u m $,default,
bft-Numerals-44-1,,bft,Numerals-44,ŋiɕuŋisnah bʑiː,ŋiɕuŋisnah_bʑiː,ŋ i ɕ u ŋ i s n a h + b ʑ iː,,hindukush,,,^ ŋ i ɕ u ŋ i s n a h _ bʑ iː $,default,
bft-Numerals-45-1,,bft,Numerals-45,ŋiɕuŋisnah ʁaː,ŋiɕuŋisnah_ʁaː,ŋ i ɕ u ŋ i s n a h + ʁ aː,,hindukush,,,^ ŋ i ɕ u ŋ i s n a h _ ʁ aː $,default,
bft-Numerals-46-1,,bft,Numerals-46,ŋiɕuŋisnah truk,ŋiɕuŋisnah_truk,ŋ i ɕ u ŋ i s n a h + t r u k,,hindukush,,,^ ŋ i ɕ u ŋ i s n a h _ t r u k $,default,
bft-Numerals-47-1,,bft,Numerals-47,ŋiɕuŋisnah bdun,ŋiɕuŋisnah_bdun,ŋ i ɕ u ŋ i s n a h + b d u n,,hindukush,,,^ ŋ i ɕ u ŋ i s n a h _ b d u n $,default,
bft-Numerals-48-1,,bft,Numerals-48,ŋiɕuŋisnah bgijad,ŋiɕuŋisnah_bgijad,ŋ i ɕ u ŋ i s n a h + b g i j a d,,hindukush,,,^ ŋ i ɕ u ŋ i s n a h _ b g i j a d $,default,
bft-Numerals-49-1,,bft,Numerals-49,ŋiɕuŋisnah rguː,ŋiɕuŋisnah_rguː,ŋ i ɕ u ŋ i s n a h + r g uː,,hindukush,,,^ ŋ i ɕ u ŋ i s n a h _ r g uː $,default,
bft-Numerals-50-1,,bft,Numerals-50,ʁaːpʰt͡ɕuː,ʁaːpʰt͡ɕuː,ʁ aː pʰ tɕ uː,,hindukush,,,^ ʁ aː pʰ t͡ɕ uː $,default,
bft-Numerals-60-1,,bft,Numerals-60,ŋiɕuχsum,ŋiɕuχsum,ŋ i ɕ u χ s u m,,hindukush,,,^ ŋ i ɕ u χs u m $,default,
bft-Numerals-70-1,,bft,Numerals-70,ŋiɕuχsumnah pʰt͡ɕuː,ŋiɕuχsumnah_pʰt͡ɕuː,ŋ i ɕ u χ s u m n a h + pʰ tɕ uː,,hindukush,,,^ ŋ i ɕ u χs u m n a h _ pʰ t͡ɕ uː $,default,
bft-Numerals-80-1,,bft,Numerals-80,ŋiɕubʑiː,ŋiɕubʑiː,ŋ i ɕ u b ʑ iː,,hindukush,,,^ ŋ i ɕ u bʑ iː $,default,
bft-Numerals-90-1,,bft,Numerals-90,ŋiɕubʑinah pʰt͡ɕuː,ŋiɕubʑinah_pʰt͡ɕuː,ŋ i ɕ u b ʑ i n a h + pʰ tɕ uː,,hindukush,,,^ ŋ i ɕ u bʑ i n a h _ pʰ t͡ɕ uː $,default,
bft-Numerals-100-1,,bft,Numerals-100,bgijaː,bgijaː,b g i j aː,,hindukush,,,^ b g i j aː $,default,
bft-Numerals-110-1,,bft,Numerals-110,bgijanah pʰt͡ɕuː,bgijanah_pʰt͡ɕuː,b g i j a n a h + pʰ tɕ uː,,hindukush,,,^ b g i j a n a h _ pʰ t͡ɕ uː $,default,
bft-Numerals-120-1,,bft,Numerals-120,bgijanah ŋiɕuː,bgijanah_ŋiɕuː,b g i j a n a h + ŋ i ɕ uː,,hindukush,,,^ b g i j a n a h _ ŋ i ɕ uː $,default,
bft-Numerals-200-1,,bft,Numerals-200,ŋibgijaː,ŋibgijaː,ŋ i b g i j aː,,hindukush,,,^ ŋ i b g i j aː $,default,
bft-Numerals-1000-1,,bft,Numerals-1000,stõːt͡ɕik,stõːt͡ɕik,s t õː tɕ i k,,hindukush,,,^ s t õː t͡ɕ i k $,default,
btv-Numerals-1-1,,btv,Numerals-1,jak,jak,j a k,,hindukush,,,^ j a k $,default,
btv-Numerals-2-1,,btv,Numerals-2,duː,duː,d uː,,hindukush,,,^ d uː $,default,
btv-Numerals-3-1,,btv,Numerals-3,ʈ͡ʂaː,ʈ͡ʂaː,ʈʂ aː,,hindukush,,,^ ʈ͡ʂ aː $,default,
btv-Numerals-4-1,,btv,Numerals-4,t͡soːr,t͡soːr,ts oː r,,hindukush,,,^ t͡s oː r $,default,
btv-Numerals-5-1,,btv,Numerals-5,pãːz,pãːz,p ãː z,,hindukush,,,^ p ãː z $,default,
btv-Numerals-6-1,,btv,Numerals-6,ʂu,ʂu,ʂ u,,hindukush,,,^ ʂ u $,default,
btv-Numerals-7-1,,btv,Numerals-7,saːt,saːt,s aː t,,hindukush,,,^ s aː t $,default,
btv-Numerals-8-1,,btv,Numerals-8,aːʈʰ,aːʈʰ,aː ʈʰ,,hindukush,,,^ aː ʈʰ $,default,
btv-Numerals-9-1,,btv,Numerals-9,nuː,nuː,n uː,,hindukush,,,^ n uː $,default,
btv-Numerals-10-1,,btv,Numerals-10,daʃ,daʃ,d a ʃ,,hindukush,,,^ d a ʃ $,default,
btv-Numerals-11-1,,btv,Numerals-11,jaːʃ,jaːʃ,j aː ʃ,,hindukush,,,^ j aː ʃ $,default,
btv-Numerals-12-1,,btv,Numerals-12,duwaːʃ,duwaːʃ,d u w aː ʃ,,hindukush,,,^ d u w aː ʃ $,default,
btv-Numerals-13-1,,btv,Numerals-13,t͡ʃiːʃ,t͡ʃiːʃ,tʃ iː ʃ,,hindukush,,,^ t͡ʃ iː ʃ $,default,
btv-Numerals-14-1,,btv,Numerals-14,t͡suːdaʃ,t͡suːdaʃ,ts uː d a ʃ,,hindukush,,,^ t͡s uː d a ʃ $,default,
btv-Numerals-15-1,,btv,Numerals-15,pand͡ʒiːʃ,pand͡ʒiːʃ,p a n dʒ iː ʃ,,hindukush,,,^ p a n d͡ʒ iː ʃ $,default,
btv-Numerals-16-1,,btv,Numerals-16,ʂuweːʃ,ʂuweːʃ,ʂ u w eː ʃ,,hindukush,,,^ ʂ u w eː ʃ $,default,
btv-Numerals-17-1,,btv,Numerals-17,sataeːʃ,sataeːʃ,s a t a eː ʃ,,hindukush,,,^ s a t aeː ʃ $,default,
btv-Numerals-18-1,,btv,Numerals-18,aʈʰaeːʃ,aʈʰaeːʃ,a ʈʰ a eː ʃ,,hindukush,,,^ a ʈʰ aeː ʃ $,default,
btv-Numerals-19-1,,btv,Numerals-19,ũːbiʃ,ũːbiʃ,ũː b i ʃ,,hindukush,,,^ ũː b i ʃ $,default,
btv-Numerals-20-1,,btv,Numerals-20,biːʃ,biːʃ,b iː ʃ,,hindukush,,,^ b iː ʃ $,default,
btv-Numerals-21-1,,btv,Numerals-21,jaku biːʃ,jaku_biːʃ,j a k u + b iː ʃ,,hindukush,,,^ j a k u _ b iː ʃ $,default,
btv-Numerals-22-1,,btv,Numerals-22,duːju biːʃ,duːju_biːʃ,d uː j u + b iː ʃ,,hindukush,,,^ d uː j u _ b iː ʃ $,default,
btv-Numerals-23-1,,btv,Numerals-23,ʈ͡ʂaju biːʃ,ʈ͡ʂaju_biːʃ,ʈʂ a j u + b iː ʃ,,hindukush,,,^ ʈ͡ʂ a j u _ b iː ʃ $,default,
btv-Numerals-24-1,,btv,Numerals-24,t͡suːru biːʃ,t͡suːru_biːʃ,ts uː r u + b iː ʃ,,hindukush,,,^ t͡s uː r u _ b iː ʃ $,default,
btv-Numerals-25-1,,btv,Numerals-25,pãːzu biːʃ,pãːzu_biːʃ,p ãː z u + b iː ʃ,,hindukush,,,^ p ãː z u _ b iː ʃ $,default,
btv-Numerals-26-1,,btv,Numerals-26,ʂu ju biːʃ,ʂu_ju_biːʃ,ʂ u + j u + b iː ʃ,,hindukush,,,^ ʂ u _ j u _ b iː ʃ $,default,
btv-Numerals-27-1,,btv,Numerals-27,saːtu biːʃ,saːtu_biːʃ,s aː t u + b iː ʃ,,hindukush,,,^ s aː t u _ b iː ʃ $,default,
btv-Numerals-28-1,,btv,Numerals-28,aːʈu biːʃ,aːʈu_biːʃ,aː ʈ u + b iː ʃ,,hindukush,,,^ aː ʈ u _ b iː ʃ $,default,
btv-Numerals-29-1,,btv,Numerals-29,nuju biːʃ,nuju_biːʃ,n u j u + b iː ʃ,,hindukush,,,^ n u j u _ b iː ʃ $,default,
btv-Numerals-30-1,,btv,Numerals-30,daʃu biːʃ,daʃu_biːʃ,d a ʃ u + b iː ʃ,,hindukush,,,^ d a ʃ u _ b iː ʃ $,default,
btv-Numerals-31-1,,btv,Numerals-31,jaːʃu biːʃ,jaːʃu_biːʃ,j aː ʃ u + b iː ʃ,,hindukush,,,^ j aː ʃ u _ b iː ʃ $,default,
btv-Numerals-32-1,,btv,Numerals-32,duwaːʃu biːʃ,duwaːʃu_biːʃ,d u w aː ʃ u + b iː ʃ,,hindukush,,,^ d u w aː ʃ u _ b iː ʃ $,default,
btv-Numerals-33-1,,btv,Numerals-33,t͡ʃiːʃu biːʃ,t͡ʃiːʃu_biːʃ,tʃ iː ʃ u + b iː ʃ,,hindukush,,,^ t͡ʃ iː ʃ u _ b iː ʃ $,default,
btv-Numerals-34-1,,btv,Numerals-34,t͡suda ʃu biːʃ,t͡suda_ʃu_biːʃ,ts u d a + ʃ u + b iː ʃ,,hindukush,,,^ t͡s u d a _ ʃ u _ b iː ʃ $,default,
btv-Numerals-35-1,,btv,Numerals-35,pand͡ʒiːʃu biːʃ,pand͡ʒiːʃu_biːʃ,p a n dʒ iː ʃ u + b iː ʃ,,hindukush,,,^ p a n d͡ʒ iː ʃ u _ b iː ʃ $,default,
btv-Numerals-36-1,,btv,Numerals-36,ʂuweːʃu biːʃ,ʂuweːʃu_biːʃ,ʂ u w eː ʃ u + b iː ʃ,,hindukush,,,^ ʂ u w eː ʃ u _ b iː ʃ $,default,
btv-Numerals-37-1,,btv,Numerals-37,sataeːʃu biːʃ,sataeːʃu_biːʃ,s a t a eː ʃ u + b iː ʃ,,hindukush,,,^ s a t aeː ʃ u _ b iː ʃ $,default,
btv-Numerals-38-1,,btv,Numerals-38,aʈʰaeːʃu biːʃ,aʈʰaeːʃu_biːʃ,a ʈʰ a eː ʃ u + b iː ʃ,,hindukush,,,^ a ʈʰ aeː ʃ u _ b iː ʃ $,default,
btv-Numerals-39-1,,btv,Numerals-39,jak kam dubiʃ,jak_kam_dubiʃ,j a k + k a m + d u b i ʃ,,hindukush,,,^ j a k _ k a m _ d u b i ʃ $,default,
btv-Numerals-40-1,,btv,Numerals-40,dubiʃ,dubiʃ,d u b i ʃ,,hindukush,,,^ d u b i ʃ $,default,
btv-Numerals-41-1,,btv,Numerals-41,jaku dubiʃ,jaku_dubiʃ,j a k u + d u b i ʃ,,hindukush,,,^ j a k u _ d u b i ʃ $,default,
btv-Numerals-42-1,,btv,Numerals-42,du ju dubiʃ,du_ju_dubiʃ,d u + j u + d u b i ʃ,,hindukush,,,^ d u _ j u _ d u b i ʃ $,default,
btv-Numerals-43-1,,btv,Numerals-43,ʈ͡ʂaju dubiʃ,ʈ͡ʂaju_dubiʃ,ʈʂ a j u + d u b i ʃ,,hindukush,,,^ ʈ͡ʂ a j u _ d u b i ʃ $,default,
btv-Numerals-44-1,,btv,Numerals-44,t͡suːru dubiʃ,t͡suːru_dubiʃ,ts uː r u + d u b i ʃ,,hindukush,,,^ t͡s uː r u _ d u b i ʃ $,default,
btv-Numerals-45-1,,btv,Numerals-45,pãːzu dubiʃ,pãːzu_dubiʃ,p ãː z u + d u b i ʃ,,hindukush,,,^ p ãː z u _ d u b i ʃ $,default,
btv-Numerals-46-1,,btv,Numerals-46,ʂu ju dubiʃ,ʂu_ju_dubiʃ,ʂ u + j u + d u b i ʃ,,hindukush,,,^ ʂ u _ j u _ d u b i ʃ $,default,
btv-Numerals-47-1,,btv,Numerals-47,saːtu dubiʃ,saːtu_dubiʃ,s aː t u + d u b i ʃ,,hindukush,,,^ s aː t u _ d u b i ʃ $,default,
btv-Numerals-48-1,,btv,Numerals-48,aːʈu dubiʃ,aːʈu_dubiʃ,aː ʈ u + d u b i ʃ,,hindukush,,,^ aː ʈ u _ d u b i ʃ $,default,
btv-Numerals-49-1,,btv,Numerals-49,nuju dubiʃ,nuju_dubiʃ,n u j u + d u b i ʃ,,hindukush,,,^ n u j u _ d u b i ʃ $,default,
btv-Numerals-50-1,,btv,Numerals-50,daʃu dubiʃ,daʃu_dubiʃ,d a ʃ u + d u b i ʃ,,hindukush,,,^ d a ʃ u _ d u b i ʃ $,default,
btv-Numerals-60-1,,btv,Numerals-60,ʈ͡ʂah biʃ,ʈ͡ʂah_biʃ,ʈʂ a h + b i ʃ,,hindukush,,,^ ʈ͡ʂ a h _ b i ʃ $,default,
btv-Numerals-70-1,,btv,Numerals-70,daʃu ʈ͡ʂah biʃ,daʃu_ʈ͡ʂah_biʃ,d a ʃ u + ʈʂ a h + b i ʃ,,hindukush,,,^ d a ʃ u _ ʈ͡ʂ a h _ b i ʃ $,default,
btv-Numerals-80-1,,btv,Numerals-80,t͡suːr biʃ,t͡suːr_biʃ,ts uː r + b i ʃ,,hindukush,,,^ t͡s uː r _ b i ʃ $,default,
btv-Numerals-90-1,,btv,Numerals-90,daʃu t͡suːr biʃ,daʃu_t͡suːr_biʃ,d a ʃ u + ts uː r + b i ʃ,,hindukush,,,^ d a ʃ u _ t͡s uː r _ b i ʃ $,default,
btv-Numerals-100-1,,btv,Numerals-100,ʃal,ʃal,ʃ a l,,hindukush,,,^ ʃ a l $,default,
btv-Numerals-110-1,,btv,Numerals-110,daʃ reː ʃal,daʃ_reː_ʃal,d a ʃ + r eː + ʃ a l,,hindukush,,,^ d a ʃ _ r eː _ ʃ a l $,default,
btv-Numerals-120-1,,btv,Numerals-120,ʂu biʃ,ʂu_biʃ,ʂ u + b i ʃ,,hindukush,,,^ ʂ u _ b i ʃ $,default,
btv-Numerals-200-1,,btv,Numerals-200,duː ʃal,duː_ʃal,d uː + ʃ a l,,hindukush,,,^ d uː _ ʃ a l $,default,
btv-Numerals-1000-1,,btv,Numerals-1000,zir,zir,z i r,,hindukush,,,^ z i r $,default,
bkk-Numerals-1-1,,bkk,Numerals-1,ek,ek,e k,,hindukush,,,^ e k $,default,
bkk-Numerals-2-1,,bkk,Numerals-2,dy,dy,d y,,hindukush,,,^ d y $,default,
bkk-Numerals-3-1,,bkk,Numerals-3,træ,træ,t r æ,,hindukush,,,^ t r æ $,default,
bkk-Numerals-4-1,,bkk,Numerals-4,t͡ʃoːr,t͡ʃoːr,tʃ oː r,,hindukush,,,^ t͡ʃ oː r $,default,
bkk-Numerals-5-1,,bkk,Numerals-5,pũːʃ,pũːʃ,p ũː ʃ,,hindukush,,,^ p ũː ʃ $,default,
bkk-Numerals-6-1,,bkk,Numerals-6,ʂa,ʂa,ʂ a,,hindukush,,,^ ʂ a $,default,
bkk-Numerals-7-1,,bkk,Numerals-7,sat,sat,s a t,,hindukush,,,^ s a t $,default,
bkk-Numerals-8-1,,bkk,Numerals-8,aːʃ,aːʃ,aː ʃ,,hindukush,,,^ aː ʃ $,default,
bkk-Numerals-9-1,,bkk,Numerals-9,ny,ny,n y,,hindukush,,,^ n y $,default,
bkk-Numerals-10-1,,bkk,Numerals-10,daːʃ,daːʃ,d aː ʃ,,hindukush,,,^ d aː ʃ $,default,
bkk-Numerals-11-1,,bkk,Numerals-11,quːdæʃ,quːdæʃ,q uː d æ ʃ,,hindukush,,,^ q uː d æ ʃ $,default,
bkk-Numerals-12-1,,bkk,Numerals-12,buːdæʃ,buːdæʃ,b uː d æ ʃ,,hindukush,,,^ b uː d æ ʃ $,default,
bkk-Numerals-13-1,,bkk,Numerals-13,trøbæʃ,trøbæʃ,t r ø b æ ʃ,,hindukush,,,^ t r ø b æ ʃ $,default,
bkk-Numerals-14-1,,bkk,Numerals-14,t͡ʃydæʃ,t͡ʃydæʃ,tʃ y d æ ʃ,,hindukush,,,^ t͡ʃ y d æ ʃ $,default,
bkk-Numerals-15-1,,bkk,Numerals-15,pændæʃ,pændæʃ,p æ n d æ ʃ,,hindukush,,,^ p æ n d æ ʃ $,default,
bkk-Numerals-16-1,,bkk,Numerals-16,ʂøbæʃ,ʂøbæʃ,ʂ ø b æ ʃ,,hindukush,,,^ ʂ ø b æ ʃ $,default,
bkk-Numerals-17-1,,bkk,Numerals-17,satũːʃ,satũːʃ,s a t ũː ʃ,,hindukush,,,^ s a t ũː ʃ $,default,
bkk-Numerals-18-1,,bkk,Numerals-18,aːʃtũːʃ,aːʃtũːʃ,aː ʃ t ũː ʃ,,hindukush,,,^ aː ʃ t ũː ʃ $,default,
bkk-Numerals-19-1,,bkk,Numerals-19,kund͡ʒa,kund͡ʒa,k u n dʒ a,,hindukush,,,^ k u n d͡ʒ a $,default,
bkk-Numerals-20-1,,bkk,Numerals-20,biʒa,biʒa,b i ʒ a,,hindukush,,,^ b i ʒ a $,default,
bkk-Numerals-21-1,,bkk,Numerals-21,biʒi ek,biʒi_ek,b i ʒ i + e k,,hindukush,,,^ b i ʒ i _ e k $,default,
bkk-Numerals-22-1,,bkk,Numerals-22,biʒi dy,biʒi_dy,b i ʒ i + d y,,hindukush,,,^ b i ʒ i _ d y $,default,
bkk-Numerals-23-1,,bkk,Numerals-23,biʒi træ,biʒi_træ,b i ʒ i + t r æ,,hindukush,,,^ b i ʒ i _ t r æ $,default,
bkk-Numerals-24-1,,bkk,Numerals-24,biʒi t͡ʃoːr,biʒi_t͡ʃoːr,b i ʒ i + tʃ oː r,,hindukush,,,^ b i ʒ i _ t͡ʃ oː r $,default,
bkk-Numerals-25-1,,bkk,Numerals-25,biʒi pũːʃ,biʒi_pũːʃ,b i ʒ i + p ũː ʃ,,hindukush,,,^ b i ʒ i _ p ũː ʃ $,default,
bkk-Numerals-26-1,,bkk,Numerals-26,biʒi ʂa,biʒi_ʂa,b i ʒ i + ʂ a,,hindukush,,,^ b i ʒ i _ ʂ a $,default,
bkk-Numerals-27-1,,bkk,Numerals-27,biʒi sat,biʒi_sat,b i ʒ i + s a t,,hindukush,,,^ b i ʒ i _ s a t $,default,
bkk-Numerals-28-1,,bkk,Numerals-28,biʒi aːʃ,biʒi_aːʃ,b i ʒ i + aː ʃ,,hindukush,,,^ b i ʒ i _ aː ʃ $,default,
bkk-Numerals-29-1,,bkk,Numerals-29,biʒi ny,biʒi_ny,b i ʒ i + n y,,hindukush,,,^ b i ʒ i _ n y $,default,
bkk-Numerals-30-1,,bkk,Numerals-30,biʒi daːʃ,biʒi_daːʃ,b i ʒ i + d aː ʃ,,hindukush,,,^ b i ʒ i _ d aː ʃ $,default,
bkk-Numerals-31-1,,bkk,Numerals-31,biʒi quːdæʃ,biʒi_quːdæʃ,b i ʒ i + q uː d æ ʃ,,hindukush,,,^ b i ʒ i _ q uː d æ ʃ $,default,
bkk-Numerals-32-1,,bkk,Numerals-32,biʒi buːdæʃ,biʒi_buːdæʃ,b i ʒ i + b uː d æ ʃ,,hindukush,,,^ b i ʒ i _ b uː d æ ʃ $,default,
bkk-Numerals-33-1,,bkk,Numerals-33,biʒi trøbæʃ,biʒi_trøbæʃ,b i ʒ i + t r ø b æ ʃ,,hindukush,,,^ b i ʒ i _ t r ø b æ ʃ $,default,
bkk-Numerals-34-1,,bkk,Numerals-34,biʒi t͡ʃydæʃ,biʒi_t͡ʃydæʃ,b i ʒ i + tʃ y d æ ʃ,,hindukush,,,^ b i ʒ i _ t͡ʃ y d æ ʃ $,default,
bkk-Numerals-35-1,,bkk,Numerals-35,biʒi pændæʃ,biʒi_pændæʃ,b i ʒ i + p æ n d æ ʃ,,hindukush,,,^ b i ʒ i _ p æ n d æ ʃ $,default,
bkk-Numerals-36-1,,bkk,Numerals-36,biʒi ʂøbæʃ,biʒi_ʂøbæʃ,b i ʒ i + ʂ ø b æ ʃ,,hindukush,,,^ b i ʒ i _ ʂ ø b æ ʃ $,default,
bkk-Numerals-37-1,,bkk,Numerals-37,biʒi satũːʃ,biʒi_satũːʃ,b i ʒ i + s a t ũː ʃ,,hindukush,,,^ b i ʒ i _ s a t ũː ʃ $,default,
bkk-Numerals-38-1,,bkk,Numerals-38,biʒi aːʃtũːʃ,biʒi_aːʃtũːʃ,b i ʒ i + aː ʃ t ũː ʃ,,hindukush,,,^ b i ʒ i _ aː ʃ t ũː ʃ $,default,
bkk-Numerals-39-1,,bkk,Numerals-39,biʒi kund͡ʒa,biʒi_kund͡ʒa,b i ʒ i + k u n dʒ a,,hindukush,,,^ b i ʒ i _ k u n d͡ʒ a $,default,
bkk-Numerals-40-1,,bkk,Numerals-40,dubuʒu,dubuʒu,d u b u ʒ u,,hindukush,,,^ d u b u ʒ u $,default,
bkk-Numerals-41-1,,bkk,Numerals-41,dubuʒu ek,dubuʒu_ek,d u b u ʒ u + e k,,hindukush,,,^ d u b u ʒ u _ e k $,default,
bkk-Numerals-42-1,,bkk,Numerals-42,dubuʒu dy,dubuʒu_dy,d u b u ʒ u + d y,,hindukush,,,^ d u b u ʒ u _ d y $,default,
bkk-Numerals-43-1,,bkk,Numerals-43,dubuʒu træ,dubuʒu_træ,d u b u ʒ u + t r æ,,hindukush,,,^ d u b u ʒ u _ t r æ $,default,
bkk-Numerals-44-1,,bkk,Numerals-44,dubuʒu t͡ʃoːr,dubuʒu_t͡ʃoːr,d u b u ʒ u + tʃ oː r,,hindukush,,,^ d u b u ʒ u _ t͡ʃ oː r $,default,
bkk-Numerals-45-1,,bkk,Numerals-45,dubuʒu pũːʃ,dubuʒu_pũːʃ,d u b u ʒ u + p ũː ʃ,,hindukush,,,^ d u b u ʒ u _ p ũː ʃ $,default,
bkk-Numerals-46-1,,bkk,Numerals-46,dubuʒu ʂa,dubuʒu_ʂa,d u b u ʒ u + ʂ a,,hindukush,,,^ d u b u ʒ u _ ʂ a $,default,
bkk-Numerals-47-1,,bkk,Numerals-47,dubuʒu sat,dubuʒu_sat,d u b u ʒ u + s a t,,hindukush,,,^ d u b u ʒ u _ s a t $,default,
bkk-Numerals-48-1,,bkk,Numerals-48,dubuʒu aːʃ,dubuʒu_aːʃ,d u b u ʒ u + aː ʃ,,hindukush,,,^ d u b u ʒ u _ aː ʃ $,default,
bkk-Numerals-49-1,,bkk,Numerals-49,dubuʒu ny,dubuʒu_ny,d u b u ʒ u + n y,,hindukush,,,^ d u b u ʒ u _ n y $,default,
bkk-Numerals-50-1,,bkk,Numerals-50,pʰinaːŋ ʈrabuʒu,pʰinaːŋ_ʈrabuʒu,pʰ i n aː ŋ + ʈ r a b u ʒ u,,hindukush,,,^ pʰ i n aː ŋ _ ʈ r a b u ʒ u $,default,
bkk-Numerals-60-1,,bkk,Numerals-60,ʈrabuʒu,ʈrabuʒu,ʈ r a b u ʒ u,,hindukush,,,^ ʈ r a b u ʒ u $,default,
bkk-Numerals-70-1,,bkk,Numerals-70,pʰinaːŋ t͡ʃaːrbuʒu,pʰinaːŋ_t͡ʃaːrbuʒu,pʰ i n aː ŋ + tʃ aː r b u ʒ u,,hindukush,,,^ pʰ i n aː ŋ _ t͡ʃ aː r b u ʒ u $,default,
bkk-Numerals-80-1,,bkk,Numerals-80,t͡ʃaːrbuʒu,t͡ʃaːrbuʒu,tʃ aː r b u ʒ u,,hindukush,,,^ t͡ʃ aː r b u ʒ u $,default,
bkk-Numerals-90-1,,bkk,Numerals-90,t͡ʃaːrbuʒu daʃ,t͡ʃaːrbuʒu_daʃ,tʃ aː r b u ʒ u + d a ʃ,,hindukush,,,^ t͡ʃ aː r b u ʒ u _ d a ʃ $,default,
bkk-Numerals-100-1,,bkk,Numerals-100,ʃoː,ʃoː,ʃ oː,,hindukush,,,^ ʃ oː $,default,
bkk-Numerals-110-1,,bkk,Numerals-110,ʃoː ʁadaʃ,ʃoː_ʁadaʃ,ʃ oː + ʁ a d a ʃ,,hindukush,,,^ ʃ oː _ ʁ a d a ʃ $,default,
bkk-Numerals-120-1,,bkk,Numerals-120,ʃoː ʁobiʒa,ʃoː_ʁobiʒa,ʃ oː + ʁ o b i ʒ a,,hindukush,,,^ ʃ oː _ ʁ o b i ʒ a $,default,
bkk-Numerals-200-1,,bkk,Numerals-200,dyʃa,dyʃa,d y ʃ a,,hindukush,,,^ d y ʃ a $,default,
bkk-Numerals-1000-1,,bkk,Numerals-1000,stõː ek,stõː_ek,s t õː + e k,,hindukush,,,^ s t õː _ e k $,default,
bsk_h-Numerals-1-1,,bsk_h,Numerals-1,han,han,h a n,,hindukush,,,^ h a n $,default,
bsk_h-Numerals-2-1,,bsk_h,Numerals-2,alto,alto,a l t o,,hindukush,,,^ a l t o $,default,
bsk_h-Numerals-3-1,,bsk_h,Numerals-3,usko,usko,u s k o,,hindukush,,,^ u s k o $,default,
bsk_h-Numerals-4-1,,bsk_h,Numerals-4,walto,walto,w a l t o,,hindukush,,,^ w a l t o $,default,
bsk_h-Numerals-5-1,,bsk_h,Numerals-5,t͡sʰundo,t͡sʰundo,tsʰ u n d o,,hindukush,,,^ t͡sʰ u n d o $,default,
bsk_h-Numerals-6-1,,bsk_h,Numerals-6,miɕindo,miɕindo,m i ɕ i n d o,,hindukush,,,^ m i ɕ i n d o $,default,
bsk_h-Numerals-7-1,,bsk_h,Numerals-7,tʰalo,tʰalo,tʰ a l o,,hindukush,,,^ tʰ a l o $,default,
bsk_h-Numerals-8-1,,bsk_h,Numerals-8,altambo,altambo,a l t a m b o,,hindukush,,,^ a l t a m b o $,default,
bsk_h-Numerals-9-1,,bsk_h,Numerals-9,hun t͡ɕo,hun_t͡ɕo,h u n + tɕ o,,hindukush,,,^ h u n _ t͡ɕ o $,default,
bsk_h-Numerals-10-1,,bsk_h,Numerals-10,toːrumo,toːrumo,t oː r u m o,,hindukush,,,^ t oː r u m o $,default,
bsk_h-Numerals-11-1,,bsk_h,Numerals-11,turmahan,turmahan,t u r m a h a n,,hindukush,,,^ t u r m a h a n $,default,
bsk_h-Numerals-12-1,,bsk_h,Numerals-12,turma alto,turma_alto,t u r m a + a l t o,,hindukush,,,^ t u r m a _ a l t o $,default,
bsk_h-Numerals-13-1,,bsk_h,Numerals-13,turma usko,turma_usko,t u r m a + u s k o,,hindukush,,,^ t u r m a _ u s k o $,default,
bsk_h-Numerals-14-1,,bsk_h,Numerals-14,turma walto,turma_walto,t u r m a + w a l t o,,hindukush,,,^ t u r m a _ w a l t o $,default,
bsk_h-Numerals-15-1,,bsk_h,Numerals-15,turma t͡sʰundo,turma_t͡sʰundo,t u r m a + tsʰ u n d o,,hindukush,,,^ t u r m a _ t͡sʰ u n d o $,default,
bsk_h-Numerals-16-1,,bsk_h,Numerals-16,turma miɕindo,turma_miɕindo,t u r m a + m i ɕ i n d o,,hindukush,,,^ t u r m a _ m i ɕ i n d o $,default,
bsk_h-Numerals-17-1,,bsk_h,Numerals-17,turma tʰalo,turma_tʰalo,t u r m a + tʰ a l o,,hindukush,,,^ t u r m a _ tʰ a l o $,default,
bsk_h-Numerals-18-1,,bsk_h,Numerals-18,turma altambo,turma_altambo,t u r m a + a l t a m b o,,hindukush,,,^ t u r m a _ a l t a m b o $,default,
bsk_h-Numerals-19-1,,bsk_h,Numerals-19,turma hun t͡ɕo,turma_hun_t͡ɕo,t u r m a + h u n + tɕ o,,hindukush,,,^ t u r m a _ h u n _ t͡ɕ o $,default,
bsk_h-Numerals-20-1,,bsk_h,Numerals-20,altʰer,altʰer,a l tʰ e r,,hindukush,,,^ a l tʰ e r $,default,
bsk_h-Numerals-21-1,,bsk_h,Numerals-21,altʰer han,altʰer_han,a l tʰ e r + h a n,,hindukush,,,^ a l tʰ e r _ h a n $,default,
bsk_h-Numerals-22-1,,bsk_h,Numerals-22,altʰer alto,altʰer_alto,a l tʰ e r + a l t o,,hindukush,,,^ a l tʰ e r _ a l t o $,default,
bsk_h-Numerals-23-1,,bsk_h,Numerals-23,altʰer usko,altʰer_usko,a l tʰ e r + u s k o,,hindukush,,,^ a l tʰ e r _ u s k o $,default,
bsk_h-Numerals-24-1,,bsk_h,Numerals-24,altʰer walto,altʰer_walto,a l tʰ e r + w a l t o,,hindukush,,,^ a l tʰ e r _ w a l t o $,default,
bsk_h-Numerals-25-1,,bsk_h,Numerals-25,altʰer t͡sʰundo,altʰer_t͡sʰundo,a l tʰ e r + tsʰ u n d o,,hindukush,,,^ a l tʰ e r _ t͡sʰ u n d o $,default,
bsk_h-Numerals-26-1,,bsk_h,Numerals-26,altʰer miɕindo,altʰer_miɕindo,a l tʰ e r + m i ɕ i n d o,,hindukush,,,^ a l tʰ e r _ m i ɕ i n d o $,default,
bsk_h-Numerals-27-1,,bsk_h,Numerals-27,altʰer tʰalo,altʰer_tʰalo,a l tʰ e r + tʰ a l o,,hindukush,,,^ a l tʰ e r _ tʰ a l o $,default,
bsk_h-Numerals-28-1,,bsk_h,Numerals-28,altʰer altambo,altʰer_altambo,a l tʰ e r + a l t a m b o,,hindukush,,,^ a l tʰ e r _ a l t a m b o $,default,
bsk_h-Numerals-29-1,,bsk_h,Numerals-29,altʰar hun t͡ɕo,altʰar_hun_t͡ɕo,a l tʰ a r + h u n + tɕ o,,hindukush,,,^ a l tʰ a r _ h u n _ t͡ɕ o $,default,
bsk_h-Numerals-30-1,,bsk_h,Numerals-30,altʰer toːrumo,altʰer_toːrumo,a l tʰ e r + t oː r u m o,,hindukush,,,^ a l tʰ e r _ t oː r u m o $,default,
bsk_h-Numerals-31-1,,bsk_h,Numerals-31,altʰer turmahan,altʰer_turmahan,a l tʰ e r + t u r m a h a n,,hindukush,,,^ a l tʰ e r _ t u r m a h a n $,default,
bsk_h-Numerals-32-1,,bsk_h,Numerals-32,altʰer turma alto,altʰer_turma_alto,a l tʰ e r + t u r m a + a l t o,,hindukush,,,^ a l tʰ e r _ t u r m a _ a l t o $,default,
bsk_h-Numerals-33-1,,bsk_h,Numerals-33,altʰer turma usko,altʰer_turma_usko,a l tʰ e r + t u r m a + u s k o,,hindukush,,,^ a l tʰ e r _ t u r m a _ u s k o $,default,
bsk_h-Numerals-34-1,,bsk_h,Numerals-34,altʰer turma walto,altʰer_turma_walto,a l tʰ e r + t u r m a + w a l t o,,hindukush,,,^ a l tʰ e r _ t u r m a _ w a l t o $,default,
bsk_h-Numerals-35-1,,bsk_h,Numerals-35,altʰer turma t͡sʰundo,altʰer_turma_t͡sʰundo,a l tʰ e r + t u r m a + tsʰ u n d o,,hindukush,,,^ a l tʰ e r _ t u r m a _ t͡sʰ u n d o $,default,
bsk_h-Numerals-36-1,,bsk_h,Numerals-36,altʰer turma miɕindo,altʰer_turma_miɕindo,a l tʰ e r + t u r m a + m i ɕ i n d o,,hindukush,,,^ a l tʰ e r _ t u r m a _ m i ɕ i n d o $,default,
bsk_h-Numerals-37-1,,bsk_h,Numerals-37,altʰer turma tʰalo,altʰer_turma_tʰalo,a l tʰ e r + t u r m a + tʰ a l o,,hindukush,,,^ a l tʰ e r _ t u r m a _ tʰ a l o $,default,
bsk_h-Numerals-38-1,,bsk_h,Numerals-38,altʰer turma altambo,altʰer_turma_altambo,a l tʰ e r + t u r m a + a l t a m b o,,hindukush,,,^ a l tʰ e r _ t u r m a _ a l t a m b o $,default,
bsk_h-Numerals-39-1,,bsk_h,Numerals-39,altʰer turma hun t͡ɕo,altʰer_turma_hun_t͡ɕo,a l tʰ e r + t u r m a + h u n + tɕ o,,hindukush,,,^ a l tʰ e r _ t u r m a _ h u n _ t͡ɕ o $,default,
bsk_h-Numerals-40-1,,bsk_h,Numerals-40,alto altʰer,alto_altʰer,a l t o + a l tʰ e r,,hindukush,,,^ a l t o _ a l tʰ e r $,default,
bsk_h-Numerals-41-1,,bsk_h,Numerals-41,alto altʰer han,alto_altʰer_han,a l t o + a l tʰ e r + h a n,,hindukush,,,^ a l t o _ a l tʰ e r _ h a n $,default,
bsk_h-Numerals-42-1,,bsk_h,Numerals-42,alto altʰer alto,alto_altʰer_alto,a l t o + a l tʰ e r + a l t o,,hindukush,,,^ a l t o _ a l tʰ e r _ a l t o $,default,
bsk_h-Numerals-43-1,,bsk_h,Numerals-43,alto altʰer usko,alto_altʰer_usko,a l t o + a l tʰ e r + u s k o,,hindukush,,,^ a l t o _ a l tʰ e r _ u s k o $,default,
bsk_h-Numerals-44-1,,bsk_h,Numerals-44,alto altʰer walto,alto_altʰer_walto,a l t o + a l tʰ e r + w a l t o,,hindukush,,,^ a l t o _ a l tʰ e r _ w a l t o $,default,
bsk_h-Numerals-45-1,,bsk_h,Numerals-45,alto altʰer t͡sʰundo,alto_altʰer_t͡sʰundo,a l t o + a l tʰ e r + tsʰ u n d o,,hindukush,,,^ a l t o _ a l tʰ e r _ t͡sʰ u n d o $,default,
bsk_h-Numerals-46-1,,bsk_h,Numerals-46,alto altʰer miɕindo,alto_altʰer_miɕindo,a l t o + a l tʰ e r + m i ɕ i n d o,,hindukush,,,^ a l t o _ a l tʰ e r _ m i ɕ i n d o $,default,
bsk_h-Numerals-47-1,,bsk_h,Numerals-47,alto altʰer tʰalo,alto_altʰer_tʰalo,a l t o + a l tʰ e r + tʰ a l o,,hindukush,,,^ a l t o _ a l tʰ e r _ tʰ a l o $,default,
bsk_h-Numerals-48-1,,bsk_h,Numerals-48,alto altʰer altambo,alto_altʰer_altambo,a l t o + a l tʰ e r + a l t a m b o,,hindukush,,,^ a l t o _ a l tʰ e r _ a l t a m b o $,default,
bsk_h-Numerals-49-1,,bsk_h,Numerals-49,alto altʰer hun t͡ɕo,alto_altʰer_hun_t͡ɕo,a l t o + a l tʰ e r + h u n + tɕ o,,hindukush,,,^ a l t o _ a l tʰ e r _ h u n _ t͡ɕ o $,default,
bsk_h-Numerals-50-1,,bsk_h,Numerals-50,alto altʰer toːrumo,alto_altʰer_toːrumo,a l t o + a l tʰ e r + t oː r u m o,,hindukush,,,^ a l t o _ a l tʰ e r _ t oː r u m o $,default,
bsk_h-Numerals-60-1,,bsk_h,Numerals-60,iski altʰer,iski_altʰer,i s k i + a l tʰ e r,,hindukush,,,^ i s k i _ a l tʰ e r $,default,
bsk_h-Numerals-70-1,,bsk_h,Numerals-70,iski altʰer toːrumo,iski_altʰer_toːrumo,i s k i + a l tʰ e r + t oː r u m o,,hindukush,,,^ i s k i _ a l tʰ e r _ t oː r u m o $,default,
bsk_h-Numerals-80-1,,bsk_h,Numerals-80,walti altʰer,walti_altʰer,w a l t i + a l tʰ e r,,hindukush,,,^ w a l t i _ a l tʰ e r $,default,
bsk_h-Numerals-90-1,,bsk_h,Numerals-90,walti altʰer toːrumo,walti_altʰer_toːrumo,w a l t i + a l tʰ e r + t oː r u m o,,hindukush,,,^ w a l t i _ a l tʰ e r _ t oː r u m o $,default,
bsk_h-Numerals-110-1,,bsk_h,Numerals-110,tʰa,tʰa,tʰ a,,hindukush,,,^ tʰ a $,default,
bsk_h-Numerals-120-1,,bsk_h,Numerals-120,tʰake altʰer,tʰake_altʰer,tʰ a k e + a l tʰ e r,,hindukush,,,^ tʰ a k e _ a l tʰ e r $,default,
bsk_h-Numerals-200-1,,bsk_h,Numerals-200,alto tʰa,alto_tʰa,a l t o + tʰ a,,hindukush,,,^ a l t o _ tʰ a $,default,
bsk_h-Numerals-1000-1,,bsk_h,Numerals-1000,hazaːr,hazaːr,h a z aː r,,hindukush,,,^ h a z aː r $,default,
bsk_n-Numerals-1-1,,bsk_n,Numerals-1,han,han,h a n,,hindukush,,,^ h a n $,default,
bsk_n-Numerals-2-1,,bsk_n,Numerals-2,altat͡s,altat͡s,a l t a ts,,hindukush,,,^ a l t a t͡s $,default,
bsk_n-Numerals-3-1,,bsk_n,Numerals-3,usko,usko,u s k o,,hindukush,,,^ u s k o $,default,
bsk_n-Numerals-4-1,,bsk_n,Numerals-4,walto,walto,w a l t o,,hindukush,,,^ w a l t o $,default,
bsk_n-Numerals-5-1,,bsk_n,Numerals-5,t͡sʰundo,t͡sʰundo,tsʰ u n d o,,hindukush,,,^ t͡sʰ u n d o $,default,
bsk_n-Numerals-6-1,,bsk_n,Numerals-6,miɕindo,miɕindo,m i ɕ i n d o,,hindukush,,,^ m i ɕ i n d o $,default,
bsk_n-Numerals-7-1,,bsk_n,Numerals-7,tʰalo,tʰalo,tʰ a l o,,hindukush,,,^ tʰ a l o $,default,
bsk_n-Numerals-8-1,,bsk_n,Numerals-8,altambo,altambo,a l t a m b o,,hindukush,,,^ a l t a m b o $,default,
bsk_n-Numerals-9-1,,bsk_n,Numerals-9,hun t͡ɕo,hun_t͡ɕo,h u n + tɕ o,,hindukush,,,^ h u n _ t͡ɕ o $,default,
bsk_n-Numerals-10-1,,bsk_n,Numerals-10,toːrumo,toːrumo,t oː r u m o,,hindukush,,,^ t oː r u m o $,default,
bsk_n-Numerals-11-1,,bsk_n,Numerals-11,turmahan,turmahan,t u r m a h a n,,hindukush,,,^ t u r m a h a n $,default,
bsk_n-Numerals-12-1,,bsk_n,Numerals-12,turma altat͡s,turma_altat͡s,t u r m a + a l t a ts,,hindukush,,,^ t u r m a _ a l t a t͡s $,default,
bsk_n-Numerals-13-1,,bsk_n,Numerals-13,turma usko,turma_usko,t u r m a + u s k o,,hindukush,,,^ t u r m a _ u s k o $,default,
bsk_n-Numerals-14-1,,bsk_n,Numerals-14,turma walto,turma_walto,t u r m a + w a l t o,,hindukush,,,^ t u r m a _ w a l t o $,default,
bsk_n-Numerals-15-1,,bsk_n,Numerals-15,turma t͡sʰundo,turma_t͡sʰundo,t u r m a + tsʰ u n d o,,hindukush,,,^ t u r m a _ t͡sʰ u n d o $,default,
bsk_n-Numerals-16-1,,bsk_n,Numerals-16,turma miɕindo,turma_miɕindo,t u r m a + m i ɕ i n d o,,hindukush,,,^ t u r m a _ m i ɕ i n d o $,default,
bsk_n-Numerals-17-1,,bsk_n,Numerals-17,turma tʰalo,turma_tʰalo,t u r m a + tʰ a l o,,hindukush,,,^ t u r m a _ tʰ a l o $,default,
bsk_n-Numerals-18-1,,bsk_n,Numerals-18,turma altambo,turma_altambo,t u r m a + a l t a m b o,,hindukush,,,^ t u r m a _ a l t a m b o $,default,
bsk_n-Numerals-19-1,,bsk_n,Numerals-19,turma hun t͡ɕo,turma_hun_t͡ɕo,t u r m a + h u n + tɕ o,,hindukush,,,^ t u r m a _ h u n _ t͡ɕ o $,default,
bsk_n-Numerals-20-1,,bsk_n,Numerals-20,altʰar,altʰar,a l tʰ a r,,hindukush,,,^ a l tʰ a r $,default,
bsk_n-Numerals-21-1,,bsk_n,Numerals-21,altʰar han,altʰar_han,a l tʰ a r + h a n,,hindukush,,,^ a l tʰ a r _ h a n $,default,
bsk_n-Numerals-22-1,,bsk_n,Numerals-22,altʰar altat͡s,altʰar_altat͡s,a l tʰ a r + a l t a ts,,hindukush,,,^ a l tʰ a r _ a l t a t͡s $,default,
bsk_n-Numerals-23-1,,bsk_n,Numerals-23,altʰar usko,altʰar_usko,a l tʰ a r + u s k o,,hindukush,,,^ a l tʰ a r _ u s k o $,default,
bsk_n-Numerals-24-1,,bsk_n,Numerals-24,altʰar walto,altʰar_walto,a l tʰ a r + w a l t o,,hindukush,,,^ a l tʰ a r _ w a l t o $,default,
bsk_n-Numerals-25-1,,bsk_n,Numerals-25,altʰar t͡sʰundo,altʰar_t͡sʰundo,a l tʰ a r + tsʰ u n d o,,hindukush,,,^ a l tʰ a r _ t͡sʰ u n d o $,default,
bsk_n-Numerals-26-1,,bsk_n,Numerals-26,altʰar miɕindo,altʰar_miɕindo,a l tʰ a r + m i ɕ i n d o,,hindukush,,,^ a l tʰ a r _ m i ɕ i n d o $,default,
bsk_n-Numerals-27-1,,bsk_n,Numerals-27,altʰar tʰalo,altʰar_tʰalo,a l tʰ a r + tʰ a l o,,hindukush,,,^ a l tʰ a r _ tʰ a l o $,default,
bsk_n-Numerals-28-1,,bsk_n,Numerals-28,altʰar altambo,altʰar_altambo,a l tʰ a r + a l t a m b o,,hindukush,,,^ a l tʰ a r _ a l t a m b o $,default,
bsk_n-Numerals-29-1,,bsk_n,Numerals-29,altʰar hun t͡ɕo,altʰar_hun_t͡ɕo,a l tʰ a r + h u n + tɕ o,,hindukush,,,^ a l tʰ a r _ h u n _ t͡ɕ o $,default,
bsk_n-Numerals-30-1,,bsk_n,Numerals-30,altʰar toːrumo,altʰar_toːrumo,a l tʰ a r + t oː r u m o,,hindukush,,,^ a l tʰ a r _ t oː r u m o $,default,
bsk_n-Numerals-31-1,,bsk_n,Numerals-31,altʰar turmahan,altʰar_turmahan,a l tʰ a r + t u r m a h a n,,hindukush,,,^ a l tʰ a r _ t u r m a h a n $,default,
bsk_n-Numerals-32-1,,bsk_n,Numerals-32,altʰar turma alto,altʰar_turma_alto,a l tʰ a r + t u r m a + a l t o,,hindukush,,,^ a l tʰ a r _ t u r m a _ a l t o $,default,
bsk_n-Numerals-33-1,,bsk_n,Numerals-33,altʰar turma usko,altʰar_turma_usko,a l tʰ a r + t u r m a + u s k o,,hindukush,,,^ a l tʰ a r _ t u r m a _ u s k o $,default,
bsk_n-Numerals-34-1,,bsk_n,Numerals-34,altʰar turma walto,altʰar_turma_walto,a l tʰ a r + t u r m a + w a l t o,,hindukush,,,^ a l tʰ a r _ t u r m a _ w a l t o $,default,
bsk_n-Numerals-35-1,,bsk_n,Numerals-35,altʰar turma t͡sʰundo,altʰar_turma_t͡sʰundo,a l tʰ a r + t u r m a + tsʰ u n d o,,hindukush,,,^ a l tʰ a r _ t u r m a _ t͡sʰ u n d o $,default,
bsk_n-Numerals-36-1,,bsk_n,Numerals-36,altʰar turma miɕindo,altʰar_turma_miɕindo,a l tʰ a r + t u r m a + m i ɕ i n d o,,hindukush,,,^ a l tʰ a r _ t u r m a _ m i ɕ i n d o $,default,
bsk_n-Numerals-37-1,,bsk_n,Numerals-37,altʰar turma tʰalo,altʰar_turma_tʰalo,a l tʰ a r + t u r m a + tʰ a l o,,hindukush,,,^ a l tʰ a r _ t u r m a _ tʰ a l o $,default,
bsk_n-Numerals-38-1,,bsk_n,Numerals-38,altʰar turma altambo,altʰar_turma_altambo,a l tʰ a r + t u r m a + a l t a m b o,,hindukush,,,^ a l tʰ a r _ t u r m a _ a l t a m b o $,default,
bsk_n-Numerals-39-1,,bsk_n,Numerals-39,altʰar turma hun t͡ɕo,altʰar_turma_hun_t͡ɕo,a l tʰ a r + t u r m a + h u n + tɕ o,,hindukush,,,^ a l tʰ a r _ t u r m a _ h u n _ t͡ɕ o $,default,
bsk_n-Numerals-40-1,,bsk_n,Numerals-40,altu altʰar,altu_altʰar,a l t u + a l tʰ a r,,hindukush,,,^ a l t u _ a l tʰ a r $,default,
bsk_n-Numerals-41-1,,bsk_n,Numerals-41,altu altʰar han,altu_altʰar_han,a l t u + a l tʰ a r + h a n,,hindukush,,,^ a l t u _ a l tʰ a r _ h a n $,default,
bsk_n-Numerals-42-1,,bsk_n,Numerals-42,altu altʰar altat͡s,altu_altʰar_altat͡s,a l t u + a l tʰ a r + a l t a ts,,hindukush,,,^ a l t u _ a l tʰ a r _ a l t a t͡s $,default,
bsk_n-Numerals-43-1,,bsk_n,Numerals-43,altu altʰar usko,altu_altʰar_usko,a l t u + a l tʰ a r + u s k o,,hindukush,,,^ a l t u _ a l tʰ a r _ u s k o $,default,
bsk_n-Numerals-44-1,,bsk_n,Numerals-44,altu altʰar walto,altu_altʰar_walto,a l t u + a l tʰ a r + w a l t o,,hindukush,,,^ a l t u _ a l tʰ a r _ w a l t o $,default,
bsk_n-Numerals-45-1,,bsk_n,Numerals-45,altu altʰar t͡sʰundo,altu_altʰar_t͡sʰundo,a l t u + a l tʰ a r + tsʰ u n d o,,hindukush,,,^ a l t u _ a l tʰ a r _ t͡sʰ u n d o $,default,
bsk_n-Numerals-46-1,,bsk_n,Numerals-46,altu altʰar miɕindo,altu_altʰar_miɕindo,a l t u + a l tʰ a r + m i ɕ i n d o,,hindukush,,,^ a l t u _ a l tʰ a r _ m i ɕ i n d o $,default,
bsk_n-Numerals-47-1,,bsk_n,Numerals-47,altu altʰar tʰalo,altu_altʰar_tʰalo,a l t u + a l tʰ a r + tʰ a l o,,hindukush,,,^ a l t u _ a l tʰ a r _ tʰ a l o $,default,
bsk_n-Numerals-48-1,,bsk_n,Numerals-48,altu altʰar altambo,altu_altʰar_altambo,a l t u + a l tʰ a r + a l t a m b o,,hindukush,,,^ a l t u _ a l tʰ a r _ a l t a m b o $,default,
bsk_n-Numerals-49-1,,bsk_n,Numerals-49,altu altʰar hun t͡ɕo,altu_altʰar_hun_t͡ɕo,a l t u + a l tʰ a r + h u n + tɕ o,,hindukush,,,^ a l t u _ a l tʰ a r _ h u n _ t͡ɕ o $,default,
bsk_n-Numerals-50-1,,bsk_n,Numerals-50,altu altʰar toːrumo,altu_altʰar_toːrumo,a l t u + a l tʰ a r + t oː r u m o,,hindukush,,,^ a l t u _ a l tʰ a r _ t oː r u m o $,default,
bsk_n-Numerals-60-1,,bsk_n,Numerals-60,iski altʰar,iski_altʰar,i s k i + a l tʰ a r,,hindukush,,,^ i s k i _ a l tʰ a r $,default,
bsk_n-Numerals-70-1,,bsk_n,Numerals-70,iski altʰar toːrumo,iski_altʰar_toːrumo,i s k i + a l tʰ a r + t oː r u m o,,hindukush,,,^ i s k i _ a l tʰ a r _ t oː r u m o $,default,
bsk_n-Numerals-80-1,,bsk_n,Numerals-80,walti altʰar,walti_altʰar,w a l t i + a l tʰ a r,,hindukush,,,^ w a l t i _ a l tʰ a r $,default,
bsk_n-Numerals-90-1,,bsk_n,Numerals-90,walti altʰar toːrumo,walti_altʰar_toːrumo,w a l t i + a l tʰ a r + t oː r u m o,,hindukush,,,^ w a l t i _ a l tʰ a r _ t oː r u m o $,default,
bsk_n-Numerals-110-1,,bsk_n,Numerals-110,tʰa,tʰa,tʰ a,,hindukush,,,^ tʰ a $,default,
bsk_n-Numerals-120-1,,bsk_n,Numerals-120,tʰake altʰar,tʰake_altʰar,tʰ a k e + a l tʰ a r,,hindukush,,,^ tʰ a k e _ a l tʰ a r $,default,
bsk_n-Numerals-200-1,,bsk_n,Numerals-200,altu tʰa,altu_tʰa,a l t u + tʰ a,,hindukush,,,^ a l t u _ tʰ a $,default,
bsk_n-Numerals-1000-1,,bsk_n,Numerals-1000,hazaːr,hazaːr,h a z aː r,,hindukush,,,^ h a z aː r $,default,
dml-Numerals-1-1,,dml,Numerals-1,ek,ek,e k,,hindukush,,,^ e k $,default,
dml-Numerals-2-1,,dml,Numerals-2,duː,duː,d uː,,hindukush,,,^ d uː $,default,
dml-Numerals-3-1,,dml,Numerals-3,traː,traː,t r aː,,hindukush,,,^ t r aː $,default,
dml-Numerals-4-1,,dml,Numerals-4,t͡ʃoːr,t͡ʃoːr,tʃ oː r,,hindukush,,,^ t͡ʃ oː r $,default,
dml-Numerals-5-1,,dml,Numerals-5,pãːt͡ʃ,pãːt͡ʃ,p ãː tʃ,,hindukush,,,^ p ãː t͡ʃ $,default,
dml-Numerals-6-1,,dml,Numerals-6,ʂo,ʂo,ʂ o,,hindukush,,,^ ʂ o $,default,
dml-Numerals-7-1,,dml,Numerals-7,sat,sat,s a t,,hindukush,,,^ s a t $,default,
dml-Numerals-8-1,,dml,Numerals-8,aʂ,aʂ,a ʂ,,hindukush,,,^ a ʂ $,default,
dml-Numerals-9-1,,dml,Numerals-9,no,no,n o,,hindukush,,,^ n o $,default,
dml-Numerals-10-1,,dml,Numerals-10,daʃ,daʃ,d a ʃ,,hindukush,,,^ d a ʃ $,default,
dml-Numerals-11-1,,dml,Numerals-11,jaːʃ,jaːʃ,j aː ʃ,,hindukush,,,^ j aː ʃ $,default,
dml-Numerals-12-1,,dml,Numerals-12,baːʃ,baːʃ,b aː ʃ,,hindukush,,,^ b aː ʃ $,default,
dml-Numerals-13-1,,dml,Numerals-13,troːʃ,troːʃ,t r oː ʃ,,hindukush,,,^ t r oː ʃ $,default,
dml-Numerals-14-1,,dml,Numerals-14,t͡ʃandeːʃ,t͡ʃandeːʃ,tʃ a n d eː ʃ,,hindukush,,,^ t͡ʃ a n d eː ʃ $,default,
dml-Numerals-15-1,,dml,Numerals-15,pan t͡ʃeːʃ,pan_t͡ʃeːʃ,p a n + tʃ eː ʃ,,hindukush,,,^ p a n _ t͡ʃ eː ʃ $,default,
dml-Numerals-16-1,,dml,Numerals-16,ʂoweːʃ,ʂoweːʃ,ʂ o w eː ʃ,,hindukush,,,^ ʂ o w eː ʃ $,default,
dml-Numerals-17-1,,dml,Numerals-17,santaːʃ,santaːʃ,s a n t aː ʃ,,hindukush,,,^ s a n t aː ʃ $,default,
dml-Numerals-18-1,,dml,Numerals-18,aʂʈaːʃ,aʂʈaːʃ,a ʂ ʈ aː ʃ,,hindukush,,,^ a ʂ ʈ aː ʃ $,default,
dml-Numerals-19-1,,dml,Numerals-19,uneːʃ,uneːʃ,u n eː ʃ,,hindukush,,,^ u n eː ʃ $,default,
dml-Numerals-20-1,,dml,Numerals-20,biʃiː,biʃiː,b i ʃ iː,,hindukush,,,^ b i ʃ iː $,default,
dml-Numerals-21-1,,dml,Numerals-21,biʃi oː ek,biʃi_oː_ek,b i ʃ i + oː + e k,,hindukush,,,^ b i ʃ i _ oː _ e k $,default,
dml-Numerals-22-1,,dml,Numerals-22,biʃi oː duː,biʃi_oː_duː,b i ʃ i + oː + d uː,,hindukush,,,^ b i ʃ i _ oː _ d uː $,default,
dml-Numerals-23-1,,dml,Numerals-23,biʃi oː traː,biʃi_oː_traː,b i ʃ i + oː + t r aː,,hindukush,,,^ b i ʃ i _ oː _ t r aː $,default,
dml-Numerals-24-1,,dml,Numerals-24,biʃi oː t͡ʃoːr,biʃi_oː_t͡ʃoːr,b i ʃ i + oː + tʃ oː r,,hindukush,,,^ b i ʃ i _ oː _ t͡ʃ oː r $,default,
dml-Numerals-25-1,,dml,Numerals-25,biʃi oː pãːt͡ʃ,biʃi_oː_pãːt͡ʃ,b i ʃ i + oː + p ãː tʃ,,hindukush,,,^ b i ʃ i _ oː _ p ãː t͡ʃ $,default,
dml-Numerals-26-1,,dml,Numerals-26,biʃi oː ʂo,biʃi_oː_ʂo,b i ʃ i + oː + ʂ o,,hindukush,,,^ b i ʃ i _ oː _ ʂ o $,default,
dml-Numerals-27-1,,dml,Numerals-27,biʃi oː sat,biʃi_oː_sat,b i ʃ i + oː + s a t,,hindukush,,,^ b i ʃ i _ oː _ s a t $,default,
dml-Numerals-28-1,,dml,Numerals-28,biʃi oː aʂ,biʃi_oː_aʂ,b i ʃ i + oː + a ʂ,,hindukush,,,^ b i ʃ i _ oː _ a ʂ $,default,
dml-Numerals-29-1,,dml,Numerals-29,biʃi oː no,biʃi_oː_no,b i ʃ i + oː + n o,,hindukush,,,^ b i ʃ i _ oː _ n o $,default,
dml-Numerals-30-1,,dml,Numerals-30,biʃi oː daʃ,biʃi_oː_daʃ,b i ʃ i + oː + d a ʃ,,hindukush,,,^ b i ʃ i _ oː _ d a ʃ $,default,
dml-Numerals-31-1,,dml,Numerals-31,biʃi oː jaːʃ,biʃi_oː_jaːʃ,b i ʃ i + oː + j aː ʃ,,hindukush,,,^ b i ʃ i _ oː _ j aː ʃ $,default,
dml-Numerals-32-1,,dml,Numerals-32,biʃi oː baːʃ,biʃi_oː_baːʃ,b i ʃ i + oː + b aː ʃ,,hindukush,,,^ b i ʃ i _ oː _ b aː ʃ $,default,
dml-Numerals-33-1,,dml,Numerals-33,biʃi oː troːʃ,biʃi_oː_troːʃ,b i ʃ i + oː + t r oː ʃ,,hindukush,,,^ b i ʃ i _ oː _ t r oː ʃ $,default,
dml-Numerals-34-1,,dml,Numerals-34,biʃi oː t͡ʃandeːʃ,biʃi_oː_t͡ʃandeːʃ,b i ʃ i + oː + tʃ a n d eː ʃ,,hindukush,,,^ b i ʃ i _ oː _ t͡ʃ a n d eː ʃ $,default,
dml-Numerals-35-1,,dml,Numerals-35,biʃi oː pant͡ʃeːʃ,biʃi_oː_pant͡ʃeːʃ,b i ʃ i + oː + p a n tʃ eː ʃ,,hindukush,,,^ b i ʃ i _ oː _ p a n t͡ʃ eː ʃ $,default,
dml-Numerals-36-1,,dml,Numerals-36,biʃi oː ʂoweːʃ,biʃi_oː_ʂoweːʃ,b i ʃ i + oː + ʂ o w eː ʃ,,hindukush,,,^ b i ʃ i _ oː _ ʂ o w eː ʃ $,default,
dml-Numerals-37-1,,dml,Numerals-37,biʃi oː santaːʃ,biʃi_oː_santaːʃ,b i ʃ i + oː + s a n t aː ʃ,,hindukush,,,^ b i ʃ i _ oː _ s a n t aː ʃ $,default,
dml-Numerals-38-1,,dml,Numerals-38,biʃi oː aʂʈaːʃ,biʃi_oː_aʂʈaːʃ,b i ʃ i + oː + a ʂ ʈ aː ʃ,,hindukush,,,^ b i ʃ i _ oː _ a ʂ ʈ aː ʃ $,default,
dml-Numerals-39-1,,dml,Numerals-39,biʃi oː uneːʃ,biʃi_oː_uneːʃ,b i ʃ i + oː + u n eː ʃ,,hindukush,,,^ b i ʃ i _ oː _ u n eː ʃ $,default,
dml-Numerals-40-1,,dml,Numerals-40,du biʃiː,du_biʃiː,d u + b i ʃ iː,,hindukush,,,^ d u _ b i ʃ iː $,default,
dml-Numerals-41-1,,dml,Numerals-41,du biʃi oː ek,du_biʃi_oː_ek,d u + b i ʃ i + oː + e k,,hindukush,,,^ d u _ b i ʃ i _ oː _ e k $,default,
dml-Numerals-42-1,,dml,Numerals-42,du biʃi oː duː,du_biʃi_oː_duː,d u + b i ʃ i + oː + d uː,,hindukush,,,^ d u _ b i ʃ i _ oː _ d uː $,default,
dml-Numerals-43-1,,dml,Numerals-43,du biʃi oː traː,du_biʃi_oː_traː,d u + b i ʃ i + oː + t r aː,,hindukush,,,^ d u _ b i ʃ i _ oː _ t r aː $,default,
dml-Numerals-44-1,,dml,Numerals-44,du biʃi oː t͡ʃoː,du_biʃi_oː_t͡ʃoː,d u + b i ʃ i + oː + tʃ oː,,hindukush,,,^ d u _ b i ʃ i _ oː _ t͡ʃ oː $,default,
dml-Numerals-45-1,,dml,Numerals-45,du biʃi oː pãːt͡ʃ,du_biʃi_oː_pãːt͡ʃ,d u + b i ʃ i + oː + p ãː tʃ,,hindukush,,,^ d u _ b i ʃ i _ oː _ p ãː t͡ʃ $,default,
dml-Numerals-46-1,,dml,Numerals-46,du biʃi oː ʂo,du_biʃi_oː_ʂo,d u + b i ʃ i + oː + ʂ o,,hindukush,,,^ d u _ b i ʃ i _ oː _ ʂ o $,default,
dml-Numerals-47-1,,dml,Numerals-47,du biʃi oː sat,du_biʃi_oː_sat,d u + b i ʃ i + oː + s a t,,hindukush,,,^ d u _ b i ʃ i _ oː _ s a t $,default,
dml-Numerals-48-1,,dml,Numerals-48,du biʃi oː aʂ,du_biʃi_oː_aʂ,d u + b i ʃ i + oː + a ʂ,,hindukush,,,^ d u _ b i ʃ i _ oː _ a ʂ $,default,
dml-Numerals-49-1,,dml,Numerals-49,du biʃi oː no,du_biʃi_oː_no,d u + b i ʃ i + oː + n o,,hindukush,,,^ d u _ b i ʃ i _ oː _ n o $,default,
dml-Numerals-50-1,,dml,Numerals-50,du biʃi oː daʃ,du_biʃi_oː_daʃ,d u + b i ʃ i + oː + d a ʃ,,hindukush,,,^ d u _ b i ʃ i _ oː _ d a ʃ $,default,
dml-Numerals-60-1,,dml,Numerals-60,traː biʃiː,traː_biʃiː,t r aː + b i ʃ iː,,hindukush,,,^ t r aː _ b i ʃ iː $,default,
dml-Numerals-70-1,,dml,Numerals-70,traː biʃi oː daʃ,traː_biʃi_oː_daʃ,t r aː + b i ʃ i + oː + d a ʃ,,hindukush,,,^ t r aː _ b i ʃ i _ oː _ d a ʃ $,default,
dml-Numerals-80-1,,dml,Numerals-80,t͡ʃoːr biʃiː,t͡ʃoːr_biʃiː,tʃ oː r + b i ʃ iː,,hindukush,,,^ t͡ʃ oː r _ b i ʃ iː $,default,
dml-Numerals-90-1,,dml,Numerals-90,t͡ʃoːr biʃi oː daʃ,t͡ʃoːr_biʃi_oː_daʃ,tʃ oː r + b i ʃ i + oː + d a ʃ,,hindukush,,,^ t͡ʃ oː r _ b i ʃ i _ oː _ d a ʃ $,default,
dml-Numerals-100-1,,dml,Numerals-100,pãːt͡ʃ biʃiː,pãːt͡ʃ_biʃiː,p ãː tʃ + b i ʃ iː,,hindukush,,,^ p ãː t͡ʃ _ b i ʃ iː $,default,
dml-Numerals-110-1,,dml,Numerals-110,pãːt͡ʃ biʃi oː daʃ,pãːt͡ʃ_biʃi_oː_daʃ,p ãː tʃ + b i ʃ i + oː + d a ʃ,,hindukush,,,^ p ãː t͡ʃ _ b i ʃ i _ oː _ d a ʃ $,default,
dml-Numerals-120-1,,dml,Numerals-120,ʂo biʃiː,ʂo_biʃiː,ʂ o + b i ʃ iː,,hindukush,,,^ ʂ o _ b i ʃ iː $,default,
dml-Numerals-200-1,,dml,Numerals-200,duː sawah,duː_sawah,d uː + s a w a h,,hindukush,,,^ d uː _ s a w a h $,default,
dml-Numerals-1000-1,,dml,Numerals-1000,zir,zir,z i r,,hindukush,,,^ z i r $,default,
prs_d-Numerals-1-1,,prs_d,Numerals-1,jaːk,jaːk,j aː k,,hindukush,,,^ j aː k $,default,
prs_d-Numerals-2-1,,prs_d,Numerals-2,dəː,dəː,d əː,,hindukush,,,^ d əː $,default,
prs_d-Numerals-3-1,,prs_d,Numerals-3,seː,seː,s eː,,hindukush,,,^ s eː $,default,
prs_d-Numerals-4-1,,prs_d,Numerals-4,t͡ʃɑːr,t͡ʃɑːr,tʃ ɑː r,,hindukush,,,^ t͡ʃ ɑː r $,default,
prs_d-Numerals-5-1,,prs_d,Numerals-5,paːnd͡ʒ,paːnd͡ʒ,p aː n dʒ,,hindukush,,,^ p aː n d͡ʒ $,default,
prs_d-Numerals-6-1,,prs_d,Numerals-6,ʃaːʃ,ʃaːʃ,ʃ aː ʃ,,hindukush,,,^ ʃ aː ʃ $,default,
prs_d-Numerals-7-1,,prs_d,Numerals-7,haːft,haːft,h aː f t,,hindukush,,,^ h aː f t $,default,
prs_d-Numerals-8-1,,prs_d,Numerals-8,haːʃt,haːʃt,h aː ʃ t,,hindukush,,,^ h aː ʃ t $,default,
prs_d-Numerals-9-1,,prs_d,Numerals-9,nəː,nəː,n əː,,hindukush,,,^ n əː $,default,
prs_d-Numerals-10-1,,prs_d,Numerals-10,daː,daː,d aː,,hindukush,,,^ d aː $,default,
prs_d-Numerals-11-1,,prs_d,Numerals-11,jɑːzdaː,jɑːzdaː,j ɑː z d aː,,hindukush,,,^ j ɑː z d aː $,default,
prs_d-Numerals-12-1,,prs_d,Numerals-12,duwɑːzdaː,duwɑːzdaː,d u w ɑː z d aː,,hindukush,,,^ d u w ɑː z d aː $,default,
prs_d-Numerals-13-1,,prs_d,Numerals-13,seːzdaː,seːzdaː,s eː z d aː,,hindukush,,,^ s eː z d aː $,default,
prs_d-Numerals-14-1,,prs_d,Numerals-14,t͡ʃɑːrdaː,t͡ʃɑːrdaː,tʃ ɑː r d aː,,hindukush,,,^ t͡ʃ ɑː r d aː $,default,
prs_d-Numerals-15-1,,prs_d,Numerals-15,pɑːnzdaː,pɑːnzdaː,p ɑː n z d aː,,hindukush,,,^ p ɑː n z d aː $,default,
prs_d-Numerals-16-1,,prs_d,Numerals-16,ʃɑːnzdaː,ʃɑːnzdaː,ʃ ɑː n z d aː,,hindukush,,,^ ʃ ɑː n z d aː $,default,
prs_d-Numerals-17-1,,prs_d,Numerals-17,avdaː,avdaː,a v d aː,,hindukush,,,^ a v d aː $,default,
prs_d-Numerals-18-1,,prs_d,Numerals-18,aʒdaː,aʒdaː,a ʒ d aː,,hindukush,,,^ a ʒ d aː $,default,
prs_d-Numerals-19-1,,prs_d,Numerals-19,niːzdaː,niːzdaː,n iː z d aː,,hindukush,,,^ n iː z d aː $,default,
prs_d-Numerals-20-1,,prs_d,Numerals-20,biːst,biːst,b iː s t,,hindukush,,,^ b iː s t $,default,
prs_d-Numerals-21-1,,prs_d,Numerals-21,biːstə jaːk,biːstə_jaːk,b iː s t ə + j aː k,,hindukush,,,^ b iː s t ə _ j aː k $,default,
prs_d-Numerals-22-1,,prs_d,Numerals-22,biːstə dəː,biːstə_dəː,b iː s t ə + d əː,,hindukush,,,^ b iː s t ə _ d əː $,default,
prs_d-Numerals-23-1,,prs_d,Numerals-23,biːstə seː,biːstə_seː,b iː s t ə + s eː,,hindukush,,,^ b iː s t ə _ s eː $,default,
prs_d-Numerals-24-1,,prs_d,Numerals-24,biːstə t͡ʃɑːr,biːstə_t͡ʃɑːr,b iː s t ə + tʃ ɑː r,,hindukush,,,^ b iː s t ə _ t͡ʃ ɑː r $,default,
prs_d-Numerals-25-1,,prs_d,Numerals-25,biːstə paːnd͡ʒ,biːstə_paːnd͡ʒ,b iː s t ə + p aː n dʒ,,hindukush,,,^ b iː s t ə _ p aː n d͡ʒ $,default,
prs_d-Numerals-26-1,,prs_d,Numerals-26,biːstə ʃaːʃ,biːstə_ʃaːʃ,b iː s t ə + ʃ aː ʃ,,hindukush,,,^ b iː s t ə _ ʃ aː ʃ $,default,
prs_d-Numerals-27-1,,prs_d,Numerals-27,biːstə haːft,biːstə_haːft,b iː s t ə + h aː f t,,hindukush,,,^ b iː s t ə _ h aː f t $,default,
prs_d-Numerals-28-1,,prs_d,Numerals-28,biːstə haːʃt,biːstə_haːʃt,b iː s t ə + h aː ʃ t,,hindukush,,,^ b iː s t ə _ h aː ʃ t $,default,
prs_d-Numerals-29-1,,prs_d,Numerals-29,biːstə nəː,biːstə_nəː,b iː s t ə + n əː,,hindukush,,,^ b iː s t ə _ n əː $,default,
prs_d-Numerals-30-1,,prs_d,Numerals-30,siː,siː,s iː,,hindukush,,,^ s iː $,default,
prs_d-Numerals-31-1,,prs_d,Numerals-31,siːwə jaːk,siːwə_jaːk,s iː w ə + j aː k,,hindukush,,,^ s iː w ə _ j aː k $,default,
prs_d-Numerals-32-1,,prs_d,Numerals-32,siːwə dəː,siːwə_dəː,s iː w ə + d əː,,hindukush,,,^ s iː w ə _ d əː $,default,
prs_d-Numerals-33-1,,prs_d,Numerals-33,siːwə seː,siːwə_seː,s iː w ə + s eː,,hindukush,,,^ s iː w ə _ s eː $,default,
prs_d-Numerals-34-1,,prs_d,Numerals-34,siːwə t͡ʃɑːr,siːwə_t͡ʃɑːr,s iː w ə + tʃ ɑː r,,hindukush,,,^ s iː w ə _ t͡ʃ ɑː r $,default,
prs_d-Numerals-35-1,,prs_d,Numerals-35,siːwə paːnd͡ʒ,siːwə_paːnd͡ʒ,s iː w ə + p aː n dʒ,,hindukush,,,^ s iː w ə _ p aː n d͡ʒ $,default,
prs_d-Numerals-36-1,,prs_d,Numerals-36,siːwə ʃaːʃ,siːwə_ʃaːʃ,s iː w ə + ʃ aː ʃ,,hindukush,,,^ s iː w ə _ ʃ aː ʃ $,default,
prs_d-Numerals-37-1,,prs_d,Numerals-37,siːwə haːft,siːwə_haːft,s iː w ə + h aː f t,,hindukush,,,^ s iː w ə _ h aː f t $,default,
prs_d-Numerals-38-1,,prs_d,Numerals-38,siːwə haːʃt,siːwə_haːʃt,s iː w ə + h aː ʃ t,,hindukush,,,^ s iː w ə _ h aː ʃ t $,default,
prs_d-Numerals-39-1,,prs_d,Numerals-39,siːwə nəː,siːwə_nəː,s iː w ə + n əː,,hindukush,,,^ s iː w ə _ n əː $,default,
prs_d-Numerals-40-1,,prs_d,Numerals-40,t͡ʃəl,t͡ʃəl,tʃ ə l,,hindukush,,,^ t͡ʃ ə l $,default,
prs_d-Numerals-41-1,,prs_d,Numerals-41,t͡ʃələ jaːk,t͡ʃələ_jaːk,tʃ ə l ə + j aː k,,hindukush,,,^ t͡ʃ ə l ə _ j aː k $,default,
prs_d-Numerals-42-1,,prs_d,Numerals-42,t͡ʃələ dəː,t͡ʃələ_dəː,tʃ ə l ə + d əː,,hindukush,,,^ t͡ʃ ə l ə _ d əː $,default,
prs_d-Numerals-43-1,,prs_d,Numerals-43,t͡ʃələ seː,t͡ʃələ_seː,tʃ ə l ə + s eː,,hindukush,,,^ t͡ʃ ə l ə _ s eː $,default,
prs_d-Numerals-44-1,,prs_d,Numerals-44,t͡ʃələ t͡ʃɑːr,t͡ʃələ_t͡ʃɑːr,tʃ ə l ə + tʃ ɑː r,,hindukush,,,^ t͡ʃ ə l ə _ t͡ʃ ɑː r $,default,
prs_d-Numerals-45-1,,prs_d,Numerals-45,t͡ʃələ paːnd͡ʒ,t͡ʃələ_paːnd͡ʒ,tʃ ə l ə + p aː n dʒ,,hindukush,,,^ t͡ʃ ə l ə _ p aː n d͡ʒ $,default,
prs_d-Numerals-46-1,,prs_d,Numerals-46,t͡ʃələ ʃaːʃ,t͡ʃələ_ʃaːʃ,tʃ ə l ə + ʃ aː ʃ,,hindukush,,,^ t͡ʃ ə l ə _ ʃ aː ʃ $,default,
prs_d-Numerals-47-1,,prs_d,Numerals-47,t͡ʃələ haːft,t͡ʃələ_haːft,tʃ ə l ə + h aː f t,,hindukush,,,^ t͡ʃ ə l ə _ h aː f t $,default,
prs_d-Numerals-48-1,,prs_d,Numerals-48,t͡ʃələ haːʃt,t͡ʃələ_haːʃt,tʃ ə l ə + h aː ʃ t,,hindukush,,,^ t͡ʃ ə l ə _ h aː ʃ t $,default,
prs_d-Numerals-49-1,,prs_d,Numerals-49,t͡ʃələ nəː,t͡ʃələ_nəː,tʃ ə l ə + n əː,,hindukush,,,^ t͡ʃ ə l ə _ n əː $,default,
prs_d-Numerals-50-1,,prs_d,Numerals-50,pind͡ʒɑː,pind͡ʒɑː,p i n dʒ ɑː,,hindukush,,,^ p i n d͡ʒ ɑː $,default,
prs_d-Numerals-60-1,,prs_d,Numerals-60,ʃaːst,ʃaːst,ʃ aː s t,,hindukush,,,^ ʃ aː s t $,default,
prs_d-Numerals-70-1,,prs_d,Numerals-70,aftɑːd,aftɑːd,a f t ɑː d,,hindukush,,,^ a f t ɑː d $,default,
prs_d-Numerals-80-1,,prs_d,Numerals-80,aʃtɑːd,aʃtɑːd,a ʃ t ɑː d,,hindukush,,,^ a ʃ t ɑː d $,default,
prs_d-Numerals-90-1,,prs_d,Numerals-90,nawad,nawad,n a w a d,,hindukush,,,^ n a w a d $,default,
prs_d-Numerals-100-1,,prs_d,Numerals-100,sad,sad,s a d,,hindukush,,,^ s a d $,default,
prs_d-Numerals-110-1,,prs_d,Numerals-110,jaːk sadə daː,jaːk_sadə_daː,j aː k + s a d ə + d aː,,hindukush,,,^ j aː k _ s a d ə _ d aː $,default,
prs_d-Numerals-120-1,,prs_d,Numerals-120,jaːk sadə biːst,jaːk_sadə_biːst,j aː k + s a d ə + b iː s t,,hindukush,,,^ j aː k _ s a d ə _ b iː s t $,default,
prs_d-Numerals-200-1,,prs_d,Numerals-200,də sad,də_sad,d ə + s a d,,hindukush,,,^ d ə _ s a d $,default,
prs_d-Numerals-1000-1,,prs_d,Numerals-1000,azɑːr,azɑːr,a z ɑː r,,hindukush,,,^ a z ɑː r $,default,
gwt_a-Numerals-1-1,,gwt_a,Numerals-1,jak,jak,j a k,,hindukush,,,^ j a k $,default,
gwt_a-Numerals-2-1,,gwt_a,Numerals-2,du,du,d u,,hindukush,,,^ d u $,default,
gwt_a-Numerals-3-1,,gwt_a,Numerals-3,ɬe,ɬe,ɬ e,,hindukush,,,^ ɬ e $,default,
gwt_a-Numerals-4-1,,gwt_a,Numerals-4,t͡sur,t͡sur,ts u r,,hindukush,,,^ t͡s u r $,default,
gwt_a-Numerals-5-1,,gwt_a,Numerals-5,pant͡s,pant͡s,p a n ts,,hindukush,,,^ p a n t͡s $,default,
gwt_a-Numerals-6-1,,gwt_a,Numerals-6,ʂoː,ʂoː,ʂ oː,,hindukush,,,^ ʂ oː $,default,
gwt_a-Numerals-7-1,,gwt_a,Numerals-7,sat,sat,s a t,,hindukush,,,^ s a t $,default,
gwt_a-Numerals-8-1,,gwt_a,Numerals-8,aʂʈ,aʂʈ,a ʂ ʈ,,hindukush,,,^ a ʂ ʈ $,default,
gwt_a-Numerals-9-1,,gwt_a,Numerals-9,nu,nu,n u,,hindukush,,,^ n u $,default,
gwt_a-Numerals-10-1,,gwt_a,Numerals-10,daʂ,daʂ,d a ʂ,,hindukush,,,^ d a ʂ $,default,
gwt_a-Numerals-11-1,,gwt_a,Numerals-11,d͡ʒaːʂ,d͡ʒaːʂ,dʒ aː ʂ,,hindukush,,,^ d͡ʒ aː ʂ $,default,
gwt_a-Numerals-12-1,,gwt_a,Numerals-12,baːʂ,baːʂ,b aː ʂ,,hindukush,,,^ b aː ʂ $,default,
gwt_a-Numerals-13-1,,gwt_a,Numerals-13,ɬawanʂ,ɬawanʂ,ɬ a w a n ʂ,,hindukush,,,^ ɬ a w a nʂ $,default,
gwt_a-Numerals-14-1,,gwt_a,Numerals-14,t͡sudaʂ,t͡sudaʂ,ts u d a ʂ,,hindukush,,,^ t͡s u d a ʂ $,default,
gwt_a-Numerals-15-1,,gwt_a,Numerals-15,pint͡ʃaʂ,pint͡ʃaʂ,p i n tʃ a ʂ,,hindukush,,,^ p i n t͡ʃ a ʂ $,default,
gwt_a-Numerals-16-1,,gwt_a,Numerals-16,ʂoɽaːs,ʂoɽaːs,ʂ o ɽ aː s,,hindukush,,,^ ʂ o ɽ aː s $,default,
gwt_a-Numerals-17-1,,gwt_a,Numerals-17,sataːs,sataːs,s a t aː s,,hindukush,,,^ s a t aː s $,default,
gwt_a-Numerals-18-1,,gwt_a,Numerals-18,aʂʈaːs,aʂʈaːs,a ʂ ʈ aː s,,hindukush,,,^ a ʂ ʈ aː s $,default,
gwt_a-Numerals-19-1,,gwt_a,Numerals-19,aniʃ,aniʃ,a n i ʃ,,hindukush,,,^ a n i ʃ $,default,
gwt_a-Numerals-20-1,,gwt_a,Numerals-20,iʃi,iʃi,i ʃ i,,hindukush,,,^ i ʃ i $,default,
gwt_a-Numerals-21-1,,gwt_a,Numerals-21,iʃo jak,iʃo_jak,i ʃ o + j a k,,hindukush,,,^ i ʃ o _ j a k $,default,
gwt_a-Numerals-22-1,,gwt_a,Numerals-22,iʃo du,iʃo_du,i ʃ o + d u,,hindukush,,,^ i ʃ o _ d u $,default,
gwt_a-Numerals-23-1,,gwt_a,Numerals-23,iʃo ɬe,iʃo_ɬe,i ʃ o + ɬ e,,hindukush,,,^ i ʃ o _ ɬ e $,default,
gwt_a-Numerals-24-1,,gwt_a,Numerals-24,iʃo t͡sur,iʃo_t͡sur,i ʃ o + ts u r,,hindukush,,,^ i ʃ o _ t͡s u r $,default,
gwt_a-Numerals-25-1,,gwt_a,Numerals-25,iʃo pant͡s,iʃo_pant͡s,i ʃ o + p a n ts,,hindukush,,,^ i ʃ o _ p a n t͡s $,default,
gwt_a-Numerals-26-1,,gwt_a,Numerals-26,iʃo ʂoː,iʃo_ʂoː,i ʃ o + ʂ oː,,hindukush,,,^ i ʃ o _ ʂ oː $,default,
gwt_a-Numerals-27-1,,gwt_a,Numerals-27,iʃo sat,iʃo_sat,i ʃ o + s a t,,hindukush,,,^ i ʃ o _ s a t $,default,
gwt_a-Numerals-28-1,,gwt_a,Numerals-28,iʃo aʂʈ,iʃo_aʂʈ,i ʃ o + a ʂ ʈ,,hindukush,,,^ i ʃ o _ a ʂ ʈ $,default,
gwt_a-Numerals-29-1,,gwt_a,Numerals-29,iʃo nu,iʃo_nu,i ʃ o + n u,,hindukush,,,^ i ʃ o _ n u $,default,
gwt_a-Numerals-30-1,,gwt_a,Numerals-30,iʃo daʂ,iʃo_daʂ,i ʃ o + d a ʂ,,hindukush,,,^ i ʃ o _ d a ʂ $,default,
gwt_a-Numerals-31-1,,gwt_a,Numerals-31,iʃo d͡ʒaːʂ,iʃo_d͡ʒaːʂ,i ʃ o + dʒ aː ʂ,,hindukush,,,^ i ʃ o _ d͡ʒ aː ʂ $,default,
gwt_a-Numerals-32-1,,gwt_a,Numerals-32,iʃo baːʂ,iʃo_baːʂ,i ʃ o + b aː ʂ,,hindukush,,,^ i ʃ o _ b aː ʂ $,default,
gwt_a-Numerals-33-1,,gwt_a,Numerals-33,iʃo ɬawanʂ,iʃo_ɬawanʂ,i ʃ o + ɬ a w a n ʂ,,hindukush,,,^ i ʃ o _ ɬ a w a nʂ $,default,
gwt_a-Numerals-34-1,,gwt_a,Numerals-34,iʃo t͡sudaʂ,iʃo_t͡sudaʂ,i ʃ o + ts u d a ʂ,,hindukush,,,^ i ʃ o _ t͡s u d a ʂ $,default,
gwt_a-Numerals-35-1,,gwt_a,Numerals-35,iʃo pint͡ʃaʂ,iʃo_pint͡ʃaʂ,i ʃ o + p i n tʃ a ʂ,,hindukush,,,^ i ʃ o _ p i n t͡ʃ a ʂ $,default,
gwt_a-Numerals-36-1,,gwt_a,Numerals-36,iʃo ʂoɽaːs,iʃo_ʂoɽaːs,i ʃ o + ʂ o ɽ aː s,,hindukush,,,^ i ʃ o _ ʂ o ɽ aː s $,default,
gwt_a-Numerals-37-1,,gwt_a,Numerals-37,iʃo sataːs,iʃo_sataːs,i ʃ o + s a t aː s,,hindukush,,,^ i ʃ o _ s a t aː s $,default,
gwt_a-Numerals-38-1,,gwt_a,Numerals-38,iʃo aʂʈaːs,iʃo_aʂʈaːs,i ʃ o + a ʂ ʈ aː s,,hindukush,,,^ i ʃ o _ a ʂ ʈ aː s $,default,
gwt_a-Numerals-39-1,,gwt_a,Numerals-39,iʃo iniʃ,iʃo_iniʃ,i ʃ o + i n i ʃ,,hindukush,,,^ i ʃ o _ i n i ʃ $,default,
gwt_a-Numerals-40-1,,gwt_a,Numerals-40,dujʃi,dujʃi,d u j ʃ i,,hindukush,,,^ d u jʃ i $,default,
gwt_a-Numerals-41-1,,gwt_a,Numerals-41,dujʃo jak,dujʃo_jak,d u j ʃ o + j a k,,hindukush,,,^ d u jʃ o _ j a k $,default,
gwt_a-Numerals-42-1,,gwt_a,Numerals-42,dujʃo du,dujʃo_du,d u j ʃ o + d u,,hindukush,,,^ d u jʃ o _ d u $,default,
gwt_a-Numerals-43-1,,gwt_a,Numerals-43,dujʃo ɬe,dujʃo_ɬe,d u j ʃ o + ɬ e,,hindukush,,,^ d u jʃ o _ ɬ e $,default,
gwt_a-Numerals-44-1,,gwt_a,Numerals-44,dujʃo t͡sur,dujʃo_t͡sur,d u j ʃ o + ts u r,,hindukush,,,^ d u jʃ o _ t͡s u r $,default,
gwt_a-Numerals-45-1,,gwt_a,Numerals-45,dujʃo pant͡s,dujʃo_pant͡s,d u j ʃ o + p a n ts,,hindukush,,,^ d u jʃ o _ p a n t͡s $,default,
gwt_a-Numerals-46-1,,gwt_a,Numerals-46,dujʃo ʂoː,dujʃo_ʂoː,d u j ʃ o + ʂ oː,,hindukush,,,^ d u jʃ o _ ʂ oː $,default,
gwt_a-Numerals-47-1,,gwt_a,Numerals-47,dujʃo sat,dujʃo_sat,d u j ʃ o + s a t,,hindukush,,,^ d u jʃ o _ s a t $,default,
gwt_a-Numerals-48-1,,gwt_a,Numerals-48,dujʃo aʂʈ,dujʃo_aʂʈ,d u j ʃ o + a ʂ ʈ,,hindukush,,,^ d u jʃ o _ a ʂ ʈ $,default,
gwt_a-Numerals-49-1,,gwt_a,Numerals-49,dujʃo nu,dujʃo_nu,d u j ʃ o + n u,,hindukush,,,^ d u jʃ o _ n u $,default,
gwt_a-Numerals-50-1,,gwt_a,Numerals-50,dujʃo daʂ,dujʃo_daʂ,d u j ʃ o + d a ʂ,,hindukush,,,^ d u jʃ o _ d a ʂ $,default,
gwt_a-Numerals-60-1,,gwt_a,Numerals-60,ɬejʃi,ɬejʃi,ɬ e j ʃ i,,hindukush,,,^ ɬ e jʃ i $,default,
gwt_a-Numerals-70-1,,gwt_a,Numerals-70,"ɬejʃo daʂ, saːtiʃi",ɬejʃo_daʂ,ɬ e j ʃ o + d a ʂ,,hindukush,,,^ ɬ e jʃ o _ d a ʂ $,default,
gwt_a-Numerals-70-2,,gwt_a,Numerals-70,"ɬejʃo daʂ, saːtiʃi",saːtiʃi,s aː t i ʃ i,,hindukush,,,^ s aː t i ʃ i $,default,
gwt_a-Numerals-80-1,,gwt_a,Numerals-80,t͡surʃi,t͡surʃi,ts u r ʃ i,,hindukush,,,^ t͡s u rʃ i $,default,
gwt_a-Numerals-90-1,,gwt_a,Numerals-90,t͡surʃo daʂ,t͡surʃo_daʂ,ts u r ʃ o + d a ʂ,,hindukush,,,^ t͡s u rʃ o _ d a ʂ $,default,
gwt_a-Numerals-100-1,,gwt_a,Numerals-100,panʃi,panʃi,p a n ʃ i,,hindukush,,,^ p a nʃ i $,default,
gwt_a-Numerals-110-1,,gwt_a,Numerals-110,panʃo daʂ,panʃo_daʂ,p a n ʃ o + d a ʂ,,hindukush,,,^ p a nʃ o _ d a ʂ $,default,
gwt_a-Numerals-120-1,,gwt_a,Numerals-120,ʂojʃi,ʂojʃi,ʂ o j ʃ i,,hindukush,,,^ ʂ o jʃ i $,default,
gwt_a-Numerals-200-1,,gwt_a,Numerals-200,du sawa,du_sawa,d u + s a w a,,hindukush,,,^ d u _ s a w a $,default,
gwt_a-Numerals-1000-1,,gwt_a,Numerals-1000,daʂ panʃi,daʂ_panʃi,d a ʂ + p a n ʃ i,,hindukush,,,^ d a ʂ _ p a nʃ i $,default,
gwt_p-Numerals-1-1,,gwt_p,Numerals-1,jak,jak,j a k,,hindukush,,,^ j a k $,default,
gwt_p-Numerals-2-1,,gwt_p,Numerals-2,du,du,d u,,hindukush,,,^ d u $,default,
gwt_p-Numerals-3-1,,gwt_p,Numerals-3,ɬe,ɬe,ɬ e,,hindukush,,,^ ɬ e $,default,
gwt_p-Numerals-4-1,,gwt_p,Numerals-4,t͡suːr,t͡suːr,ts uː r,,hindukush,,,^ t͡s uː r $,default,
gwt_p-Numerals-5-1,,gwt_p,Numerals-5,pant͡s,pant͡s,p a n ts,,hindukush,,,^ p a n t͡s $,default,
gwt_p-Numerals-6-1,,gwt_p,Numerals-6,ʂoː,ʂoː,ʂ oː,,hindukush,,,^ ʂ oː $,default,
gwt_p-Numerals-7-1,,gwt_p,Numerals-7,sat,sat,s a t,,hindukush,,,^ s a t $,default,
gwt_p-Numerals-8-1,,gwt_p,Numerals-8,aʂʈ,aʂʈ,a ʂ ʈ,,hindukush,,,^ a ʂ ʈ $,default,
gwt_p-Numerals-9-1,,gwt_p,Numerals-9,nuː,nuː,n uː,,hindukush,,,^ n uː $,default,
gwt_p-Numerals-10-1,,gwt_p,Numerals-10,daʂ,daʂ,d a ʂ,,hindukush,,,^ d a ʂ $,default,
gwt_p-Numerals-11-1,,gwt_p,Numerals-11,d͡ʒaːʂ,d͡ʒaːʂ,dʒ aː ʂ,,hindukush,,,^ d͡ʒ aː ʂ $,default,
gwt_p-Numerals-12-1,,gwt_p,Numerals-12,baːʂ,baːʂ,b aː ʂ,,hindukush,,,^ b aː ʂ $,default,
gwt_p-Numerals-13-1,,gwt_p,Numerals-13,ɬawanʂ,ɬawanʂ,ɬ a w a n ʂ,,hindukush,,,^ ɬ a w a nʂ $,default,
gwt_p-Numerals-14-1,,gwt_p,Numerals-14,t͡sudaʂ,t͡sudaʂ,ts u d a ʂ,,hindukush,,,^ t͡s u d a ʂ $,default,
gwt_p-Numerals-15-1,,gwt_p,Numerals-15,pent͡ʃaʂ,pent͡ʃaʂ,p e n tʃ a ʂ,,hindukush,,,^ p e n t͡ʃ a ʂ $,default,
gwt_p-Numerals-16-1,,gwt_p,Numerals-16,ʂoɽaːs,ʂoɽaːs,ʂ o ɽ aː s,,hindukush,,,^ ʂ o ɽ aː s $,default,
gwt_p-Numerals-17-1,,gwt_p,Numerals-17,sataːs,sataːs,s a t aː s,,hindukush,,,^ s a t aː s $,default,
gwt_p-Numerals-18-1,,gwt_p,Numerals-18,aʂʈaːs,aʂʈaːs,a ʂ ʈ aː s,,hindukush,,,^ a ʂ ʈ aː s $,default,
gwt_p-Numerals-19-1,,gwt_p,Numerals-19,iniʃ,iniʃ,i n i ʃ,,hindukush,,,^ i n i ʃ $,default,
gwt_p-Numerals-20-1,,gwt_p,Numerals-20,iʃi,iʃi,i ʃ i,,hindukush,,,^ i ʃ i $,default,
gwt_p-Numerals-21-1,,gwt_p,Numerals-21,iʃo jak,iʃo_jak,i ʃ o + j a k,,hindukush,,,^ i ʃ o _ j a k $,default,
gwt_p-Numerals-22-1,,gwt_p,Numerals-22,iʃo du,iʃo_du,i ʃ o + d u,,hindukush,,,^ i ʃ o _ d u $,default,
gwt_p-Numerals-23-1,,gwt_p,Numerals-23,iʃo ɬe,iʃo_ɬe,i ʃ o + ɬ e,,hindukush,,,^ i ʃ o _ ɬ e $,default,
gwt_p-Numerals-24-1,,gwt_p,Numerals-24,iʃo t͡sur,iʃo_t͡sur,i ʃ o + ts u r,,hindukush,,,^ i ʃ o _ t͡s u r $,default,
gwt_p-Numerals-25-1,,gwt_p,Numerals-25,iʃo pant͡s,iʃo_pant͡s,i ʃ o + p a n ts,,hindukush,,,^ i ʃ o _ p a n t͡s $,default,
gwt_p-Numerals-26-1,,gwt_p,Numerals-26,iʃo ʂoː,iʃo_ʂoː,i ʃ o + ʂ oː,,hindukush,,,^ i ʃ o _ ʂ oː $,default,
gwt_p-Numerals-27-1,,gwt_p,Numerals-27,iʃo sat,iʃo_sat,i ʃ o + s a t,,hindukush,,,^ i ʃ o _ s a t $,default,
gwt_p-Numerals-28-1,,gwt_p,Numerals-28,iʃo aʂʈ,iʃo_aʂʈ,i ʃ o + a ʂ ʈ,,hindukush,,,^ i ʃ o _ a ʂ ʈ $,default,
gwt_p-Numerals-29-1,,gwt_p,Numerals-29,iʃo nuː,iʃo_nuː,i ʃ o + n uː,,hindukush,,,^ i ʃ o _ n uː $,default,
gwt_p-Numerals-30-1,,gwt_p,Numerals-30,iʃo daʂ,iʃo_daʂ,i ʃ o + d a ʂ,,hindukush,,,^ i ʃ o _ d a ʂ $,default,
gwt_p-Numerals-31-1,,gwt_p,Numerals-31,iʃo d͡ʒaːʂ,iʃo_d͡ʒaːʂ,i ʃ o + dʒ aː ʂ,,hindukush,,,^ i ʃ o _ d͡ʒ aː ʂ $,default,
gwt_p-Numerals-32-1,,gwt_p,Numerals-32,iʃo baːʂ,iʃo_baːʂ,i ʃ o + b aː ʂ,,hindukush,,,^ i ʃ o _ b aː ʂ $,default,
gwt_p-Numerals-33-1,,gwt_p,Numerals-33,iʃo ɬawanʂ,iʃo_ɬawanʂ,i ʃ o + ɬ a w a n ʂ,,hindukush,,,^ i ʃ o _ ɬ a w a nʂ $,default,
gwt_p-Numerals-34-1,,gwt_p,Numerals-34,iʃo t͡sudaʂ,iʃo_t͡sudaʂ,i ʃ o + ts u d a ʂ,,hindukush,,,^ i ʃ o _ t͡s u d a ʂ $,default,
gwt_p-Numerals-35-1,,gwt_p,Numerals-35,iʃo pent͡ʃaʂ kam duiʃi,iʃo_pent͡ʃaʂ_kam_duiʃi,i ʃ o + p e n tʃ a ʂ + k a m + d u i ʃ i,,hindukush,,,^ i ʃ o _ p e n t͡ʃ a ʂ _ k a m _ d ui ʃ i $,default,
gwt_p-Numerals-36-1,,gwt_p,Numerals-36,iʃo ʂoɽaːs,iʃo_ʂoɽaːs,i ʃ o + ʂ o ɽ aː s,,hindukush,,,^ i ʃ o _ ʂ o ɽ aː s $,default,
gwt_p-Numerals-37-1,,gwt_p,Numerals-37,iʃo sataːs,iʃo_sataːs,i ʃ o + s a t aː s,,hindukush,,,^ i ʃ o _ s a t aː s $,default,
gwt_p-Numerals-38-1,,gwt_p,Numerals-38,iʃo aʂʈaːs,iʃo_aʂʈaːs,i ʃ o + a ʂ ʈ aː s,,hindukush,,,^ i ʃ o _ a ʂ ʈ aː s $,default,
gwt_p-Numerals-39-1,,gwt_p,Numerals-39,ja kam duiʃi,ja_kam_duiʃi,j a + k a m + d u i ʃ i,,hindukush,,,^ j a _ k a m _ d ui ʃ i $,default,
gwt_p-Numerals-40-1,,gwt_p,Numerals-40,duiʃi,duiʃi,d u i ʃ i,,hindukush,,,^ d ui ʃ i $,default,
gwt_p-Numerals-41-1,,gwt_p,Numerals-41,duiʃo jak,duiʃo_jak,d u i ʃ o + j a k,,hindukush,,,^ d ui ʃ o _ j a k $,default,
gwt_p-Numerals-42-1,,gwt_p,Numerals-42,duiʃo du,duiʃo_du,d u i ʃ o + d u,,hindukush,,,^ d ui ʃ o _ d u $,default,
gwt_p-Numerals-43-1,,gwt_p,Numerals-43,duiʃo ɬe,duiʃo_ɬe,d u i ʃ o + ɬ e,,hindukush,,,^ d ui ʃ o _ ɬ e $,default,
gwt_p-Numerals-44-1,,gwt_p,Numerals-44,duiʃo t͡sur,duiʃo_t͡sur,d u i ʃ o + ts u r,,hindukush,,,^ d ui ʃ o _ t͡s u r $,default,
gwt_p-Numerals-45-1,,gwt_p,Numerals-45,duiʃo pant͡s kam duiʃo daʂ,duiʃo_pant͡s_kam_duiʃo_daʂ,d u i ʃ o + p a n ts + k a m + d u i ʃ o + d a ʂ,,hindukush,,,^ d ui ʃ o _ p a n t͡s _ k a m _ d ui ʃ o _ d a ʂ $,default,
gwt_p-Numerals-46-1,,gwt_p,Numerals-46,duiʃo ʂoː,duiʃo_ʂoː,d u i ʃ o + ʂ oː,,hindukush,,,^ d ui ʃ o _ ʂ oː $,default,
gwt_p-Numerals-47-1,,gwt_p,Numerals-47,duiʃo sat,duiʃo_sat,d u i ʃ o + s a t,,hindukush,,,^ d ui ʃ o _ s a t $,default,
gwt_p-Numerals-48-1,,gwt_p,Numerals-48,duiʃo aʂʈ,duiʃo_aʂʈ,d u i ʃ o + a ʂ ʈ,,hindukush,,,^ d ui ʃ o _ a ʂ ʈ $,default,
gwt_p-Numerals-49-1,,gwt_p,Numerals-49,duiʃo nuː,duiʃo_nuː,d u i ʃ o + n uː,,hindukush,,,^ d ui ʃ o _ n uː $,default,
gwt_p-Numerals-50-1,,gwt_p,Numerals-50,duiʃo daʂ,duiʃo_daʂ,d u i ʃ o + d a ʂ,,hindukush,,,^ d ui ʃ o _ d a ʂ $,default,
gwt_p-Numerals-60-1,,gwt_p,Numerals-60,ɬeiʃi,ɬeiʃi,ɬ ei ʃ i,,hindukush,,,^ ɬ ei ʃ i $,default,
gwt_p-Numerals-70-1,,gwt_p,Numerals-70,ɬeiʃo daʂ,ɬeiʃo_daʂ,ɬ ei ʃ o + d a ʂ,,hindukush,,,^ ɬ ei ʃ o _ d a ʂ $,default,
gwt_p-Numerals-80-1,,gwt_p,Numerals-80,t͡surʃi,t͡surʃi,ts u r ʃ i,,hindukush,,,^ t͡s u rʃ i $,default,
gwt_p-Numerals-90-1,,gwt_p,Numerals-90,t͡surʃo daʂ,t͡surʃo_daʂ,ts u r ʃ o + d a ʂ,,hindukush,,,^ t͡s u rʃ o _ d a ʂ $,default,
gwt_p-Numerals-100-1,,gwt_p,Numerals-100,paĩʃi,paĩʃi,p a ĩ ʃ i,,hindukush,,,^ p aĩ ʃ i $,default,
gwt_p-Numerals-110-1,,gwt_p,Numerals-110,paĩʃo daʂ,paĩʃo_daʂ,p a ĩ ʃ o + d a ʂ,,hindukush,,,^ p aĩ ʃ o _ d a ʂ $,default,
gwt_p-Numerals-120-1,,gwt_p,Numerals-120,ʂoiʃi,ʂoiʃi,ʂ oi ʃ i,,hindukush,,,^ ʂ oi ʃ i $,default,
gwt_p-Numerals-200-1,,gwt_p,Numerals-200,"daiʃi, du sawa",daiʃi,d ai ʃ i,,hindukush,,,^ d ai ʃ i $,default,
gwt_p-Numerals-200-2,,gwt_p,Numerals-200,"daiʃi, du sawa",du_sawa,d u + s a w a,,hindukush,,,^ d u _ s a w a $,default,
gwt_p-Numerals-1000-1,,gwt_p,Numerals-1000,zar,zar,z a r,,hindukush,,,^ z a r $,default,
gwc-Numerals-1-1,,gwc,Numerals-1,ak,ak,a k,,hindukush,,,^ a k $,default,
gwc-Numerals-2-1,,gwc,Numerals-2,duː,duː,d uː,,hindukush,,,^ d uː $,default,
gwc-Numerals-3-1,,gwc,Numerals-3,ɬɑː,ɬɑː,ɬ ɑː,,hindukush,,,^ ɬ ɑː $,default,
gwc-Numerals-4-1,,gwc,Numerals-4,t͡ʃor,t͡ʃor,tʃ o r,,hindukush,,,^ t͡ʃ o r $,default,
gwc-Numerals-5-1,,gwc,Numerals-5,pɑ̃d͡ʒ,pɑ̃d͡ʒ,p ɑ̃ dʒ,,hindukush,,,^ p ɑ̃ d͡ʒ $,default,
gwc-Numerals-6-1,,gwc,Numerals-6,ʂo,ʂo,ʂ o,,hindukush,,,^ ʂ o $,default,
gwc-Numerals-7-1,,gwc,Numerals-7,sɑt,sɑt,s ɑ t,,hindukush,,,^ s ɑ t $,default,
gwc-Numerals-8-1,,gwc,Numerals-8,aʈ͡ʂ,aʈ͡ʂ,a ʈʂ,,hindukush,,,^ a ʈ͡ʂ $,default,
gwc-Numerals-9-1,,gwc,Numerals-9,num,num,n u m,,hindukush,,,^ n u m $,default,
gwc-Numerals-10-1,,gwc,Numerals-10,daʃ,daʃ,d a ʃ,,hindukush,,,^ d a ʃ $,default,
gwc-Numerals-11-1,,gwc,Numerals-11,ikaː,ikaː,i k aː,,hindukush,,,^ i k aː $,default,
gwc-Numerals-12-1,,gwc,Numerals-12,baː,baː,b aː,,hindukush,,,^ b aː $,default,
gwc-Numerals-13-1,,gwc,Numerals-13,ɬoː,ɬoː,ɬ oː,,hindukush,,,^ ɬ oː $,default,
gwc-Numerals-14-1,,gwc,Numerals-14,t͡ʃuːn,t͡ʃuːn,tʃ uː n,,hindukush,,,^ t͡ʃ uː n $,default,
gwc-Numerals-15-1,,gwc,Numerals-15,pãjaː,pãjaː,p ã j aː,,hindukush,,,^ p ã j aː $,default,
gwc-Numerals-16-1,,gwc,Numerals-16,ʂoːr,ʂoːr,ʂ oː r,,hindukush,,,^ ʂ oː r $,default,
gwc-Numerals-17-1,,gwc,Numerals-17,sataː,sataː,s a t aː,,hindukush,,,^ s a t aː $,default,
gwc-Numerals-18-1,,gwc,Numerals-18,aʈ͡ʂaː,aʈ͡ʂaː,a ʈʂ aː,,hindukush,,,^ a ʈ͡ʂ aː $,default,
gwc-Numerals-19-1,,gwc,Numerals-19,anbiʃ,anbiʃ,a n b i ʃ,,hindukush,,,^ a n b i ʃ $,default,
gwc-Numerals-20-1,,gwc,Numerals-20,biʃ,biʃ,b i ʃ,,hindukush,,,^ b i ʃ $,default,
gwc-Numerals-21-1,,gwc,Numerals-21,aːk teː biʃ,aːk_teː_biʃ,aː k + t eː + b i ʃ,,hindukush,,,^ aː k _ t eː _ b i ʃ $,default,
gwc-Numerals-22-1,,gwc,Numerals-22,duː teː biʃ,duː_teː_biʃ,d uː + t eː + b i ʃ,,hindukush,,,^ d uː _ t eː _ b i ʃ $,default,
gwc-Numerals-23-1,,gwc,Numerals-23,ɬɑː teː biʃ,ɬɑː_teː_biʃ,ɬ ɑː + t eː + b i ʃ,,hindukush,,,^ ɬ ɑː _ t eː _ b i ʃ $,default,
gwc-Numerals-24-1,,gwc,Numerals-24,t͡ʃor teː biʃ,t͡ʃor_teː_biʃ,tʃ o r + t eː + b i ʃ,,hindukush,,,^ t͡ʃ o r _ t eː _ b i ʃ $,default,
gwc-Numerals-25-1,,gwc,Numerals-25,pɑ̃d͡ʒ teː biʃ,pɑ̃d͡ʒ_teː_biʃ,p ɑ̃ dʒ + t eː + b i ʃ,,hindukush,,,^ p ɑ̃ d͡ʒ _ t eː _ b i ʃ $,default,
gwc-Numerals-26-1,,gwc,Numerals-26,ʂo teː biʃ,ʂo_teː_biʃ,ʂ o + t eː + b i ʃ,,hindukush,,,^ ʂ o _ t eː _ b i ʃ $,default,
gwc-Numerals-27-1,,gwc,Numerals-27,sɑːt teː biʃ,sɑːt_teː_biʃ,s ɑː t + t eː + b i ʃ,,hindukush,,,^ s ɑː t _ t eː _ b i ʃ $,default,
gwc-Numerals-28-1,,gwc,Numerals-28,aːʈ͡ʂ teː biʃ,aːʈ͡ʂ_teː_biʃ,aː ʈʂ + t eː + b i ʃ,,hindukush,,,^ aː ʈ͡ʂ _ t eː _ b i ʃ $,default,
gwc-Numerals-29-1,,gwc,Numerals-29,noːm teː biʃ,noːm_teː_biʃ,n oː m + t eː + b i ʃ,,hindukush,,,^ n oː m _ t eː _ b i ʃ $,default,
gwc-Numerals-30-1,,gwc,Numerals-30,daːʃ teː biʃ,daːʃ_teː_biʃ,d aː ʃ + t eː + b i ʃ,,hindukush,,,^ d aː ʃ _ t eː _ b i ʃ $,default,
gwc-Numerals-31-1,,gwc,Numerals-31,ikaː teː biʃ,ikaː_teː_biʃ,i k aː + t eː + b i ʃ,,hindukush,,,^ i k aː _ t eː _ b i ʃ $,default,
gwc-Numerals-32-1,,gwc,Numerals-32,baː teː biʃ,baː_teː_biʃ,b aː + t eː + b i ʃ,,hindukush,,,^ b aː _ t eː _ b i ʃ $,default,
gwc-Numerals-33-1,,gwc,Numerals-33,ɬoː teː biʃ,ɬoː_teː_biʃ,ɬ oː + t eː + b i ʃ,,hindukush,,,^ ɬ oː _ t eː _ b i ʃ $,default,
gwc-Numerals-34-1,,gwc,Numerals-34,t͡ʃuːn teː biʃ,t͡ʃuːn_teː_biʃ,tʃ uː n + t eː + b i ʃ,,hindukush,,,^ t͡ʃ uː n _ t eː _ b i ʃ $,default,
gwc-Numerals-35-1,,gwc,Numerals-35,pãd͡ʒaː teː biʃ,pãd͡ʒaː_teː_biʃ,p ã dʒ aː + t eː + b i ʃ,,hindukush,,,^ p ã d͡ʒ aː _ t eː _ b i ʃ $,default,
gwc-Numerals-36-1,,gwc,Numerals-36,ʂoːr teː biʃ,ʂoːr_teː_biʃ,ʂ oː r + t eː + b i ʃ,,hindukush,,,^ ʂ oː r _ t eː _ b i ʃ $,default,
gwc-Numerals-37-1,,gwc,Numerals-37,sataː teː biʃ,sataː_teː_biʃ,s a t aː + t eː + b i ʃ,,hindukush,,,^ s a t aː _ t eː _ b i ʃ $,default,
gwc-Numerals-38-1,,gwc,Numerals-38,aʈ͡ʂaː teː biʃ,aʈ͡ʂaː_teː_biʃ,a ʈʂ aː + t eː + b i ʃ,,hindukush,,,^ a ʈ͡ʂ aː _ t eː _ b i ʃ $,default,
gwc-Numerals-39-1,,gwc,Numerals-39,aːk kam du biʃ,aːk_kam_du_biʃ,aː k + k a m + d u + b i ʃ,,hindukush,,,^ aː k _ k a m _ d u _ b i ʃ $,default,
gwc-Numerals-40-1,,gwc,Numerals-40,du biʃ,du_biʃ,d u + b i ʃ,,hindukush,,,^ d u _ b i ʃ $,default,
gwc-Numerals-41-1,,gwc,Numerals-41,aːk teː du biʃ,aːk_teː_du_biʃ,aː k + t eː + d u + b i ʃ,,hindukush,,,^ aː k _ t eː _ d u _ b i ʃ $,default,
gwc-Numerals-42-1,,gwc,Numerals-42,duː teː du biʃ,duː_teː_du_biʃ,d uː + t eː + d u + b i ʃ,,hindukush,,,^ d uː _ t eː _ d u _ b i ʃ $,default,
gwc-Numerals-43-1,,gwc,Numerals-43,ɬɑː teː du biʃ,ɬɑː_teː_du_biʃ,ɬ ɑː + t eː + d u + b i ʃ,,hindukush,,,^ ɬ ɑː _ t eː _ d u _ b i ʃ $,default,
gwc-Numerals-44-1,,gwc,Numerals-44,t͡ʃor teː du biʃ,t͡ʃor_teː_du_biʃ,tʃ o r + t eː + d u + b i ʃ,,hindukush,,,^ t͡ʃ o r _ t eː _ d u _ b i ʃ $,default,
gwc-Numerals-45-1,,gwc,Numerals-45,pɑ̃d͡ʒ teː du biʃ,pɑ̃d͡ʒ_teː_du_biʃ,p ɑ̃ dʒ + t eː + d u + b i ʃ,,hindukush,,,^ p ɑ̃ d͡ʒ _ t eː _ d u _ b i ʃ $,default,
gwc-Numerals-46-1,,gwc,Numerals-46,ʂo teː du biʃ,ʂo_teː_du_biʃ,ʂ o + t eː + d u + b i ʃ,,hindukush,,,^ ʂ o _ t eː _ d u _ b i ʃ $,default,
gwc-Numerals-47-1,,gwc,Numerals-47,saːt teː du biʃ,saːt_teː_du_biʃ,s aː t + t eː + d u + b i ʃ,,hindukush,,,^ s aː t _ t eː _ d u _ b i ʃ $,default,
gwc-Numerals-48-1,,gwc,Numerals-48,aːʈ͡ʂ teː du biʃ,aːʈ͡ʂ_teː_du_biʃ,aː ʈʂ + t eː + d u + b i ʃ,,hindukush,,,^ aː ʈ͡ʂ _ t eː _ d u _ b i ʃ $,default,
gwc-Numerals-49-1,,gwc,Numerals-49,noːm teː du biʃ,noːm_teː_du_biʃ,n oː m + t eː + d u + b i ʃ,,hindukush,,,^ n oː m _ t eː _ d u _ b i ʃ $,default,
gwc-Numerals-50-1,,gwc,Numerals-50,daːʃ teː du biʃ,daːʃ_teː_du_biʃ,d aː ʃ + t eː + d u + b i ʃ,,hindukush,,,^ d aː ʃ _ t eː _ d u _ b i ʃ $,default,
gwc-Numerals-60-1,,gwc,Numerals-60,ɬɑ biʃ,ɬɑ_biʃ,ɬ ɑ + b i ʃ,,hindukush,,,^ ɬ ɑ _ b i ʃ $,default,
gwc-Numerals-70-1,,gwc,Numerals-70,daːʃ teː ɬɑ biʃ,daːʃ_teː_ɬɑ_biʃ,d aː ʃ + t eː + ɬ ɑ + b i ʃ,,hindukush,,,^ d aː ʃ _ t eː _ ɬ ɑ _ b i ʃ $,default,
gwc-Numerals-80-1,,gwc,Numerals-80,t͡ʃoːr biʃ,t͡ʃoːr_biʃ,tʃ oː r + b i ʃ,,hindukush,,,^ t͡ʃ oː r _ b i ʃ $,default,
gwc-Numerals-90-1,,gwc,Numerals-90,daːʃ teː t͡ʃoːr biʃ,daːʃ_teː_t͡ʃoːr_biʃ,d aː ʃ + t eː + tʃ oː r + b i ʃ,,hindukush,,,^ d aː ʃ _ t eː _ t͡ʃ oː r _ b i ʃ $,default,
gwc-Numerals-100-1,,gwc,Numerals-100,pɑ̃d͡ʒ biʃ,pɑ̃d͡ʒ_biʃ,p ɑ̃ dʒ + b i ʃ,,hindukush,,,^ p ɑ̃ d͡ʒ _ b i ʃ $,default,
gwc-Numerals-110-1,,gwc,Numerals-110,daːʃ teː pɑ̃d͡ʒ biʃ,daːʃ_teː_pɑ̃d͡ʒ_biʃ,d aː ʃ + t eː + p ɑ̃ dʒ + b i ʃ,,hindukush,,,^ d aː ʃ _ t eː _ p ɑ̃ d͡ʒ _ b i ʃ $,default,
gwc-Numerals-120-1,,gwc,Numerals-120,ʂo biʃ,ʂo_biʃ,ʂ o + b i ʃ,,hindukush,,,^ ʂ o _ b i ʃ $,default,
gwc-Numerals-200-1,,gwc,Numerals-200,daːʃ biʃ,daːʃ_biʃ,d aː ʃ + b i ʃ,,hindukush,,,^ d aː ʃ _ b i ʃ $,default,
gwc-Numerals-1000-1,,gwc,Numerals-1000,zir,zir,z i r,,hindukush,,,^ z i r $,default,
gju_a-Numerals-1-1,,gju_a,Numerals-1,eːk,eːk,eː k,,hindukush,,,^ eː k $,default,
gju_a-Numerals-2-1,,gju_a,Numerals-2,duː,duː,d uː,,hindukush,,,^ d uː $,default,
gju_a-Numerals-3-1,,gju_a,Numerals-3,trɛː,trɛː,t r ɛː,,hindukush,,,^ t r ɛː $,default,
gju_a-Numerals-4-1,,gju_a,Numerals-4,t͡ʃaːr,t͡ʃaːr,tʃ aː r,,hindukush,,,^ t͡ʃ aː r $,default,
gju_a-Numerals-5-1,,gju_a,Numerals-5,paːnd͡ʒ,paːnd͡ʒ,p aː n dʒ,,hindukush,,,^ p aː n d͡ʒ $,default,
gju_a-Numerals-6-1,,gju_a,Numerals-6,t͡ʃʰiː,t͡ʃʰiː,tʃʰ iː,,hindukush,,,^ t͡ʃʰ iː $,default,
gju_a-Numerals-7-1,,gju_a,Numerals-7,saːt,saːt,s aː t,,hindukush,,,^ s aː t $,default,
gju_a-Numerals-8-1,,gju_a,Numerals-8,aːʈʰ,aːʈʰ,aː ʈʰ,,hindukush,,,^ aː ʈʰ $,default,
gju_a-Numerals-9-1,,gju_a,Numerals-9,nuː,nuː,n uː,,hindukush,,,^ n uː $,default,
gju_a-Numerals-10-1,,gju_a,Numerals-10,da,da,d a,,hindukush,,,^ d a $,default,
gju_a-Numerals-11-1,,gju_a,Numerals-11,jaːra,jaːra,j aː r a,,hindukush,,,^ j aː r a $,default,
gju_a-Numerals-12-1,,gju_a,Numerals-12,baːra,baːra,b aː r a,,hindukush,,,^ b aː r a $,default,
gju_a-Numerals-13-1,,gju_a,Numerals-13,teːra,teːra,t eː r a,,hindukush,,,^ t eː r a $,default,
gju_a-Numerals-14-1,,gju_a,Numerals-14,t͡ʃuːda,t͡ʃuːda,tʃ uː d a,,hindukush,,,^ t͡ʃ uː d a $,default,
gju_a-Numerals-15-1,,gju_a,Numerals-15,pandra,pandra,p a n d r a,,hindukush,,,^ p a n d r a $,default,
gju_a-Numerals-16-1,,gju_a,Numerals-16,suːɽa,suːɽa,s uː ɽ a,,hindukush,,,^ s uː ɽ a $,default,
gju_a-Numerals-17-1,,gju_a,Numerals-17,staːra,staːra,s t aː r a,,hindukush,,,^ s t aː r a $,default,
gju_a-Numerals-18-1,,gju_a,Numerals-18,aʈʰaːra,aʈʰaːra,a ʈʰ aː r a,,hindukush,,,^ a ʈʰ aː r a $,default,
gju_a-Numerals-19-1,,gju_a,Numerals-19,uniː,uniː,u n iː,,hindukush,,,^ u n iː $,default,
gju_a-Numerals-20-1,,gju_a,Numerals-20,biː,biː,b iː,,hindukush,,,^ b iː $,default,
gju_a-Numerals-21-1,,gju_a,Numerals-21,eːkte biː,eːkte_biː,eː k t e + b iː,,hindukush,,,^ eː k t e _ b iː $,default,
gju_a-Numerals-22-1,,gju_a,Numerals-22,duːte biː,duːte_biː,d uː t e + b iː,,hindukush,,,^ d uː t e _ b iː $,default,
gju_a-Numerals-23-1,,gju_a,Numerals-23,trɛːte biː,trɛːte_biː,t r ɛː t e + b iː,,hindukush,,,^ t r ɛː t e _ b iː $,default,
gju_a-Numerals-24-1,,gju_a,Numerals-24,t͡ʃaːrte biː,t͡ʃaːrte_biː,tʃ aː r t e + b iː,,hindukush,,,^ t͡ʃ aː r t e _ b iː $,default,
gju_a-Numerals-25-1,,gju_a,Numerals-25,paːnd͡ʒte biː,paːnd͡ʒte_biː,p aː n dʒ t e + b iː,,hindukush,,,^ p aː n d͡ʒ t e _ b iː $,default,
gju_a-Numerals-26-1,,gju_a,Numerals-26,t͡ʃʰeːte biː,t͡ʃʰeːte_biː,tʃʰ eː t e + b iː,,hindukush,,,^ t͡ʃʰ eː t e _ b iː $,default,
gju_a-Numerals-27-1,,gju_a,Numerals-27,saːtte biː,saːtte_biː,s aː tː e + b iː,,hindukush,,,^ s aː tt e _ b iː $,default,
gju_a-Numerals-28-1,,gju_a,Numerals-28,aːʈʰte biː,aːʈʰte_biː,aː ʈʰ t e + b iː,,hindukush,,,^ aː ʈʰ t e _ b iː $,default,
gju_a-Numerals-29-1,,gju_a,Numerals-29,nuːte biː,nuːte_biː,n uː t e + b iː,,hindukush,,,^ n uː t e _ b iː $,default,
gju_a-Numerals-30-1,,gju_a,Numerals-30,triː,triː,t r iː,,hindukush,,,^ t r iː $,default,
gju_a-Numerals-31-1,,gju_a,Numerals-31,eːkte triː,eːkte_triː,eː k t e + t r iː,,hindukush,,,^ eː k t e _ t r iː $,default,
gju_a-Numerals-32-1,,gju_a,Numerals-32,duːte triː,duːte_triː,d uː t e + t r iː,,hindukush,,,^ d uː t e _ t r iː $,default,
gju_a-Numerals-33-1,,gju_a,Numerals-33,trɛːte triː,trɛːte_triː,t r ɛː t e + t r iː,,hindukush,,,^ t r ɛː t e _ t r iː $,default,
gju_a-Numerals-34-1,,gju_a,Numerals-34,t͡ʃaːrte triː,t͡ʃaːrte_triː,tʃ aː r t e + t r iː,,hindukush,,,^ t͡ʃ aː r t e _ t r iː $,default,
gju_a-Numerals-35-1,,gju_a,Numerals-35,paːnd͡ʒte triː,paːnd͡ʒte_triː,p aː n dʒ t e + t r iː,,hindukush,,,^ p aː n d͡ʒ t e _ t r iː $,default,
gju_a-Numerals-36-1,,gju_a,Numerals-36,t͡ʃʰeːte triː,t͡ʃʰeːte_triː,tʃʰ eː t e + t r iː,,hindukush,,,^ t͡ʃʰ eː t e _ t r iː $,default,
gju_a-Numerals-37-1,,gju_a,Numerals-37,saːtte triː,saːtte_triː,s aː tː e + t r iː,,hindukush,,,^ s aː tt e _ t r iː $,default,
gju_a-Numerals-38-1,,gju_a,Numerals-38,aːʈʰte triː,aːʈʰte_triː,aː ʈʰ t e + t r iː,,hindukush,,,^ aː ʈʰ t e _ t r iː $,default,
gju_a-Numerals-39-1,,gju_a,Numerals-39,nuːte triː,nuːte_triː,n uː t e + t r iː,,hindukush,,,^ n uː t e _ t r iː $,default,
gju_a-Numerals-40-1,,gju_a,Numerals-40,t͡ʃɽiː,t͡ʃɽiː,tʃ ɽ iː,,hindukush,,,^ t͡ʃ ɽ iː $,default,
gju_a-Numerals-41-1,,gju_a,Numerals-41,eːkte t͡ʃɽiː,eːkte_t͡ʃɽiː,eː k t e + tʃ ɽ iː,,hindukush,,,^ eː k t e _ t͡ʃ ɽ iː $,default,
gju_a-Numerals-42-1,,gju_a,Numerals-42,duːte t͡ʃɽiː,duːte_t͡ʃɽiː,d uː t e + tʃ ɽ iː,,hindukush,,,^ d uː t e _ t͡ʃ ɽ iː $,default,
gju_a-Numerals-43-1,,gju_a,Numerals-43,trɛːte t͡ʃɽiː,trɛːte_t͡ʃɽiː,t r ɛː t e + tʃ ɽ iː,,hindukush,,,^ t r ɛː t e _ t͡ʃ ɽ iː $,default,
gju_a-Numerals-44-1,,gju_a,Numerals-44,t͡ʃaːrte t͡ʃɽiː,t͡ʃaːrte_t͡ʃɽiː,tʃ aː r t e + tʃ ɽ iː,,hindukush,,,^ t͡ʃ aː r t e _ t͡ʃ ɽ iː $,default,
gju_a-Numerals-45-1,,gju_a,Numerals-45,paːnd͡ʒte t͡ʃɽiː,paːnd͡ʒte_t͡ʃɽiː,p aː n dʒ t e + tʃ ɽ iː,,hindukush,,,^ p aː n d͡ʒ t e _ t͡ʃ ɽ iː $,default,
gju_a-Numerals-46-1,,gju_a,Numerals-46,t͡ʃʰeːte t͡ʃɽiː,t͡ʃʰeːte_t͡ʃɽiː,tʃʰ eː t e + tʃ ɽ iː,,hindukush,,,^ t͡ʃʰ eː t e _ t͡ʃ ɽ iː $,default,
gju_a-Numerals-47-1,,gju_a,Numerals-47,saːtte t͡ʃɽiː,saːtte_t͡ʃɽiː,s aː tː e + tʃ ɽ iː,,hindukush,,,^ s aː tt e _ t͡ʃ ɽ iː $,default,
gju_a-Numerals-48-1,,gju_a,Numerals-48,aːʈʰte t͡ʃɽiː,aːʈʰte_t͡ʃɽiː,aː ʈʰ t e + tʃ ɽ iː,,hindukush,,,^ aː ʈʰ t e _ t͡ʃ ɽ iː $,default,
gju_a-Numerals-49-1,,gju_a,Numerals-49,nuːte t͡ʃɽiː,nuːte_t͡ʃɽiː,n uː t e + tʃ ɽ iː,,hindukush,,,^ n uː t e _ t͡ʃ ɽ iː $,default,
gju_a-Numerals-50-1,,gju_a,Numerals-50,daːte t͡ʃɽiː,daːte_t͡ʃɽiː,d aː t e + tʃ ɽ iː,,hindukush,,,^ d aː t e _ t͡ʃ ɽ iː $,default,
gju_a-Numerals-60-1,,gju_a,Numerals-60,trɛː biː,trɛː_biː,t r ɛː + b iː,,hindukush,,,^ t r ɛː _ b iː $,default,
gju_a-Numerals-70-1,,gju_a,Numerals-70,daːte trɛː biː,daːte_trɛː_biː,d aː t e + t r ɛː + b iː,,hindukush,,,^ d aː t e _ t r ɛː _ b iː $,default,
gju_a-Numerals-80-1,,gju_a,Numerals-80,t͡ʃaːr biː,t͡ʃaːr_biː,tʃ aː r + b iː,,hindukush,,,^ t͡ʃ aː r _ b iː $,default,
gju_a-Numerals-90-1,,gju_a,Numerals-90,daːte t͡ʃaːr biː,daːte_t͡ʃaːr_biː,d aː t e + tʃ aː r + b iː,,hindukush,,,^ d aː t e _ t͡ʃ aː r _ b iː $,default,
gju_a-Numerals-100-1,,gju_a,Numerals-100,suː,suː,s uː,,hindukush,,,^ s uː $,default,
gju_a-Numerals-110-1,,gju_a,Numerals-110,eːk suːte da,eːk_suːte_da,eː k + s uː t e + d a,,hindukush,,,^ eː k _ s uː t e _ d a $,default,
gju_a-Numerals-120-1,,gju_a,Numerals-120,eːk suːte biː,eːk_suːte_biː,eː k + s uː t e + b iː,,hindukush,,,^ eː k _ s uː t e _ b iː $,default,
gju_a-Numerals-200-1,,gju_a,Numerals-200,duː suː,duː_suː,d uː + s uː,,hindukush,,,^ d uː _ s uː $,default,
gju_a-Numerals-1000-1,,gju_a,Numerals-1000,zər,zər,z ə r,,hindukush,,,^ z ə r $,default,
gju_p-Numerals-1-1,,gju_p,Numerals-1,eːk,eːk,eː k,,hindukush,,,^ eː k $,default,
gju_p-Numerals-2-1,,gju_p,Numerals-2,doː,doː,d oː,,hindukush,,,^ d oː $,default,
gju_p-Numerals-3-1,,gju_p,Numerals-3,trɛː,trɛː,t r ɛː,,hindukush,,,^ t r ɛː $,default,
gju_p-Numerals-4-1,,gju_p,Numerals-4,t͡ʃaːr,t͡ʃaːr,tʃ aː r,,hindukush,,,^ t͡ʃ aː r $,default,
gju_p-Numerals-5-1,,gju_p,Numerals-5,pand͡ʒ,pand͡ʒ,p a n dʒ,,hindukush,,,^ p a n d͡ʒ $,default,
gju_p-Numerals-6-1,,gju_p,Numerals-6,t͡ʃʰeː,t͡ʃʰeː,tʃʰ eː,,hindukush,,,^ t͡ʃʰ eː $,default,
gju_p-Numerals-7-1,,gju_p,Numerals-7,sat,sat,s a t,,hindukush,,,^ s a t $,default,
gju_p-Numerals-8-1,,gju_p,Numerals-8,aʈʰ,aʈʰ,a ʈʰ,,hindukush,,,^ a ʈʰ $,default,
gju_p-Numerals-9-1,,gju_p,Numerals-9,nuː,nuː,n uː,,hindukush,,,^ n uː $,default,
gju_p-Numerals-10-1,,gju_p,Numerals-10,das,das,d a s,,hindukush,,,^ d a s $,default,
gju_p-Numerals-11-1,,gju_p,Numerals-11,jaːra,jaːra,j aː r a,,hindukush,,,^ j aː r a $,default,
gju_p-Numerals-12-1,,gju_p,Numerals-12,baːra,baːra,b aː r a,,hindukush,,,^ b aː r a $,default,
gju_p-Numerals-13-1,,gju_p,Numerals-13,teːra,teːra,t eː r a,,hindukush,,,^ t eː r a $,default,
gju_p-Numerals-14-1,,gju_p,Numerals-14,t͡ʃuːda,t͡ʃuːda,tʃ uː d a,,hindukush,,,^ t͡ʃ uː d a $,default,
gju_p-Numerals-15-1,,gju_p,Numerals-15,pandra,pandra,p a n d r a,,hindukush,,,^ p a n d r a $,default,
gju_p-Numerals-16-1,,gju_p,Numerals-16,soːla,soːla,s oː l a,,hindukush,,,^ s oː l a $,default,
gju_p-Numerals-17-1,,gju_p,Numerals-17,staːra,staːra,s t aː r a,,hindukush,,,^ s t aː r a $,default,
gju_p-Numerals-18-1,,gju_p,Numerals-18,aʈʰaːra,aʈʰaːra,a ʈʰ aː r a,,hindukush,,,^ a ʈʰ aː r a $,default,
gju_p-Numerals-19-1,,gju_p,Numerals-19,uniː,uniː,u n iː,,hindukush,,,^ u n iː $,default,
gju_p-Numerals-20-1,,gju_p,Numerals-20,biː,biː,b iː,,hindukush,,,^ b iː $,default,
gju_p-Numerals-21-1,,gju_p,Numerals-21,ikiː,ikiː,i k iː,,hindukush,,,^ i k iː $,default,
gju_p-Numerals-22-1,,gju_p,Numerals-22,baːj,baːj,b aː j,,hindukush,,,^ b aː j $,default,
gju_p-Numerals-23-1,,gju_p,Numerals-23,trəbiː,trəbiː,t r ə b iː,,hindukush,,,^ t r ə b iː $,default,
gju_p-Numerals-24-1,,gju_p,Numerals-24,t͡ʃəbiː,t͡ʃəbiː,tʃ ə b iː,,hindukush,,,^ t͡ʃ ə b iː $,default,
gju_p-Numerals-25-1,,gju_p,Numerals-25,pənd͡ʒiː,pənd͡ʒiː,p ə n dʒ iː,,hindukush,,,^ p ə n d͡ʒ iː $,default,
gju_p-Numerals-26-1,,gju_p,Numerals-26,t͡ʃʰəbiː,t͡ʃʰəbiː,tʃʰ ə b iː,,hindukush,,,^ t͡ʃʰ ə b iː $,default,
gju_p-Numerals-27-1,,gju_p,Numerals-27,staːiː,staːiː,s t aː iː,,hindukush,,,^ s t aːiː $,default,
gju_p-Numerals-28-1,,gju_p,Numerals-28,aʈʰaːiː,aʈʰaːiː,a ʈʰ aː iː,,hindukush,,,^ a ʈʰ aːiː $,default,
gju_p-Numerals-29-1,,gju_p,Numerals-29,nətiː,nətiː,n ə t iː,,hindukush,,,^ n ə t iː $,default,
gju_p-Numerals-30-1,,gju_p,Numerals-30,triː,triː,t r iː,,hindukush,,,^ t r iː $,default,
gju_p-Numerals-31-1,,gju_p,Numerals-31,ikətiː,ikətiː,i k ə t iː,,hindukush,,,^ i k ə t iː $,default,
gju_p-Numerals-32-1,,gju_p,Numerals-32,bətiː,bətiː,b ə t iː,,hindukush,,,^ b ə t iː $,default,
gju_p-Numerals-33-1,,gju_p,Numerals-33,teːntiː,teːntiː,t eː n t iː,,hindukush,,,^ t eː n t iː $,default,
gju_p-Numerals-34-1,,gju_p,Numerals-34,t͡ʃoːntiː,t͡ʃoːntiː,tʃ oː n t iː,,hindukush,,,^ t͡ʃ oː n t iː $,default,
gju_p-Numerals-35-1,,gju_p,Numerals-35,peːntiː,peːntiː,p eː n t iː,,hindukush,,,^ p eː n t iː $,default,
gju_p-Numerals-36-1,,gju_p,Numerals-36,t͡ʃʰətiː,t͡ʃʰətiː,tʃʰ ə t iː,,hindukush,,,^ t͡ʃʰ ə t iː $,default,
gju_p-Numerals-37-1,,gju_p,Numerals-37,stətiː,stətiː,s t ə t iː,,hindukush,,,^ s t ə t iː $,default,
gju_p-Numerals-38-1,,gju_p,Numerals-38,aʈʰətiː,aʈʰətiː,a ʈʰ ə t iː,,hindukush,,,^ a ʈʰ ə t iː $,default,
gju_p-Numerals-39-1,,gju_p,Numerals-39,untaːliː,untaːliː,u n t aː l iː,,hindukush,,,^ u n t aː l iː $,default,
gju_p-Numerals-40-1,,gju_p,Numerals-40,t͡ʃaːliː,t͡ʃaːliː,tʃ aː l iː,,hindukush,,,^ t͡ʃ aː l iː $,default,
gju_p-Numerals-41-1,,gju_p,Numerals-41,iktaːliː,iktaːliː,i k t aː l iː,,hindukush,,,^ i k t aː l iː $,default,
gju_p-Numerals-42-1,,gju_p,Numerals-42,bətaːliː,bətaːliː,b ə t aː l iː,,hindukush,,,^ b ə t aː l iː $,default,
gju_p-Numerals-43-1,,gju_p,Numerals-43,tətaːliː,tətaːliː,t ə t aː l iː,,hindukush,,,^ t ə t aː l iː $,default,
gju_p-Numerals-44-1,,gju_p,Numerals-44,t͡ʃurtaːliː,t͡ʃurtaːliː,tʃ u r t aː l iː,,hindukush,,,^ t͡ʃ u r t aː l iː $,default,
gju_p-Numerals-45-1,,gju_p,Numerals-45,pend͡ʒtaːliː,pend͡ʒtaːliː,p e n dʒ t aː l iː,,hindukush,,,^ p e n d͡ʒ t aː l iː $,default,
gju_p-Numerals-46-1,,gju_p,Numerals-46,t͡ʃʰetaːliː,t͡ʃʰetaːliː,tʃʰ e t aː l iː,,hindukush,,,^ t͡ʃʰ e t aː l iː $,default,
gju_p-Numerals-47-1,,gju_p,Numerals-47,səntaːliː,səntaːliː,s ə n t aː l iː,,hindukush,,,^ s ə n t aː l iː $,default,
gju_p-Numerals-48-1,,gju_p,Numerals-48,aʈʰtaːliː,aʈʰtaːliː,a ʈʰ t aː l iː,,hindukush,,,^ a ʈʰ t aː l iː $,default,
gju_p-Numerals-49-1,,gju_p,Numerals-49,unuwand͡ʒa,unuwand͡ʒa,u n u w a n dʒ a,,hindukush,,,^ u n u w a n d͡ʒ a $,default,
gju_p-Numerals-50-1,,gju_p,Numerals-50,pənd͡ʒaː,pənd͡ʒaː,p ə n dʒ aː,,hindukush,,,^ p ə n d͡ʒ aː $,default,
gju_p-Numerals-60-1,,gju_p,Numerals-60,saʈ,saʈ,s a ʈ,,hindukush,,,^ s a ʈ $,default,
gju_p-Numerals-70-1,,gju_p,Numerals-70,sətər,sətər,s ə t ə r,,hindukush,,,^ s ə t ə r $,default,
gju_p-Numerals-80-1,,gju_p,Numerals-80,asiː,asiː,a s iː,,hindukush,,,^ a s iː $,default,
gju_p-Numerals-90-1,,gju_p,Numerals-90,nəweː,nəweː,n ə w eː,,hindukush,,,^ n ə w eː $,default,
gju_p-Numerals-100-1,,gju_p,Numerals-100,soː,soː,s oː,,hindukush,,,^ s oː $,default,
gju_p-Numerals-110-1,,gju_p,Numerals-110,eːk soː das,eːk_soː_das,eː k + s oː + d a s,,hindukush,,,^ eː k _ s oː _ d a s $,default,
gju_p-Numerals-120-1,,gju_p,Numerals-120,eːk soː biː,eːk_soː_biː,eː k + s oː + b iː,,hindukush,,,^ eː k _ s oː _ b iː $,default,
gju_p-Numerals-200-1,,gju_p,Numerals-200,doː soː,doː_soː,d oː + s oː,,hindukush,,,^ d oː _ s oː $,default,
gju_p-Numerals-1000-1,,gju_p,Numerals-1000,həzaːr,həzaːr,h ə z aː r,,hindukush,,,^ h ə z aː r $,default,
hno-Numerals-1-1,,hno,Numerals-1,hek,hek,h e k,,hindukush,,,^ h e k $,default,
hno-Numerals-2-1,,hno,Numerals-2,doː,doː,d oː,,hindukush,,,^ d oː $,default,
hno-Numerals-3-1,,hno,Numerals-3,træː,træː,t r æː,,hindukush,,,^ t r æː $,default,
hno-Numerals-4-1,,hno,Numerals-4,t͡ɕaːr,t͡ɕaːr,tɕ aː r,,hindukush,,,^ t͡ɕ aː r $,default,
hno-Numerals-5-1,,hno,Numerals-5,pãd͡ʑ,pãd͡ʑ,p ã dʑ,,hindukush,,,^ p ã d͡ʑ $,default,
hno-Numerals-6-1,,hno,Numerals-6,t͡ɕʰeː,t͡ɕʰeː,tɕʰ eː,,hindukush,,,^ t͡ɕʰ eː $,default,
hno-Numerals-7-1,,hno,Numerals-7,sat,sat,s a t,,hindukush,,,^ s a t $,default,
hno-Numerals-8-1,,hno,Numerals-8,aʈʰ,aʈʰ,a ʈʰ,,hindukush,,,^ a ʈʰ $,default,
hno-Numerals-9-1,,hno,Numerals-9,nũː,nũː,n ũː,,hindukush,,,^ n ũː $,default,
hno-Numerals-10-1,,hno,Numerals-10,das,das,d a s,,hindukush,,,^ d a s $,default,
hno-Numerals-11-1,,hno,Numerals-11,jaːrãː,jaːrãː,j aː r ãː,,hindukush,,,^ j aː r ãː $,default,
hno-Numerals-12-1,,hno,Numerals-12,baːrãː,baːrãː,b aː r ãː,,hindukush,,,^ b aː r ãː $,default,
hno-Numerals-13-1,,hno,Numerals-13,teːrãː,teːrãː,t eː r ãː,,hindukush,,,^ t eː r ãː $,default,
hno-Numerals-14-1,,hno,Numerals-14,t͡ɕoːda,t͡ɕoːda,tɕ oː d a,,hindukush,,,^ t͡ɕ oː d a $,default,
hno-Numerals-15-1,,hno,Numerals-15,pandrãː,pandrãː,p a n d r ãː,,hindukush,,,^ p a n d r ãː $,default,
hno-Numerals-16-1,,hno,Numerals-16,solːah,solːah,s o lː a h,,hindukush,,,^ s o lː a h $,default,
hno-Numerals-17-1,,hno,Numerals-17,saːtraː,saːtraː,s aː t r aː,,hindukush,,,^ s aː t r aː $,default,
hno-Numerals-18-1,,hno,Numerals-18,aʈʰaːrãː,aʈʰaːrãː,a ʈʰ aː r ãː,,hindukush,,,^ a ʈʰ aː r ãː $,default,
hno-Numerals-19-1,,hno,Numerals-19,unːiː,unːiː,u nː iː,,hindukush,,,^ u nː iː $,default,
hno-Numerals-20-1,,hno,Numerals-20,biːs,biːs,b iː s,,hindukush,,,^ b iː s $,default,
hno-Numerals-21-1,,hno,Numerals-21,ikiːs,ikiːs,i k iː s,,hindukush,,,^ i k iː s $,default,
hno-Numerals-22-1,,hno,Numerals-22,baːhiːs,baːhiːs,b aː h iː s,,hindukush,,,^ b aː h iː s $,default,
hno-Numerals-23-1,,hno,Numerals-23,treːj,treːj,t r eː j,,hindukush,,,^ t r eː j $,default,
hno-Numerals-24-1,,hno,Numerals-24,t͡ɕawiː,t͡ɕawiː,tɕ a w iː,,hindukush,,,^ t͡ɕ a w iː $,default,
hno-Numerals-25-1,,hno,Numerals-25,pand͡ʑiː,pand͡ʑiː,p a n dʑ iː,,hindukush,,,^ p a n d͡ʑ iː $,default,
hno-Numerals-26-1,,hno,Numerals-26,t͡ɕʰaːbiː,t͡ɕʰaːbiː,tɕʰ aː b iː,,hindukush,,,^ t͡ɕʰ aː b iː $,default,
hno-Numerals-27-1,,hno,Numerals-27,staːhiː,staːhiː,s t aː h iː,,hindukush,,,^ s t aː h iː $,default,
hno-Numerals-28-1,,hno,Numerals-28,aʈʰaːiː,aʈʰaːiː,a ʈʰ aː iː,,hindukush,,,^ a ʈʰ aːiː $,default,
hno-Numerals-29-1,,hno,Numerals-29,unatːiː,unatːiː,u n a tː iː,,hindukush,,,^ u n a tː iː $,default,
hno-Numerals-30-1,,hno,Numerals-30,triː,triː,t r iː,,hindukush,,,^ t r iː $,default,
hno-Numerals-31-1,,hno,Numerals-31,katiː,katiː,k a t iː,,hindukush,,,^ k a t iː $,default,
hno-Numerals-32-1,,hno,Numerals-32,batiː,batiː,b a t iː,,hindukush,,,^ b a t iː $,default,
hno-Numerals-33-1,,hno,Numerals-33,teːntiː,teːntiː,t eː n t iː,,hindukush,,,^ t eː n t iː $,default,
hno-Numerals-34-1,,hno,Numerals-34,t͡ɕoːntiː,t͡ɕoːntiː,tɕ oː n t iː,,hindukush,,,^ t͡ɕ oː n t iː $,default,
hno-Numerals-35-1,,hno,Numerals-35,peːntiː,peːntiː,p eː n t iː,,hindukush,,,^ p eː n t iː $,default,
hno-Numerals-36-1,,hno,Numerals-36,t͡ɕʰatːiː,t͡ɕʰatːiː,tɕʰ a tː iː,,hindukush,,,^ t͡ɕʰ a tː iː $,default,
hno-Numerals-37-1,,hno,Numerals-37,seːntiː,seːntiː,s eː n t iː,,hindukush,,,^ s eː n t iː $,default,
hno-Numerals-38-1,,hno,Numerals-38,aʈʰatːiː,aʈʰatːiː,a ʈʰ a tː iː,,hindukush,,,^ a ʈʰ a tː iː $,default,
hno-Numerals-39-1,,hno,Numerals-39,untaːliː,untaːliː,u n t aː l iː,,hindukush,,,^ u n t aː l iː $,default,
hno-Numerals-40-1,,hno,Numerals-40,t͡ɕaːliː,t͡ɕaːliː,tɕ aː l iː,,hindukush,,,^ t͡ɕ aː l iː $,default,
hno-Numerals-41-1,,hno,Numerals-41,iktaːliː,iktaːliː,i k t aː l iː,,hindukush,,,^ i k t aː l iː $,default,
hno-Numerals-42-1,,hno,Numerals-42,bitaːliː,bitaːliː,b i t aː l iː,,hindukush,,,^ b i t aː l iː $,default,
hno-Numerals-43-1,,hno,Numerals-43,tirtaːliː,tirtaːliː,t i r t aː l iː,,hindukush,,,^ t i r t aː l iː $,default,
hno-Numerals-44-1,,hno,Numerals-44,t͡ɕortaːliː,t͡ɕortaːliː,tɕ o r t aː l iː,,hindukush,,,^ t͡ɕ o r t aː l iː $,default,
hno-Numerals-45-1,,hno,Numerals-45,pãd͡ʑtaːliː,pãd͡ʑtaːliː,p ã dʑ t aː l iː,,hindukush,,,^ p ã d͡ʑ t aː l iː $,default,
hno-Numerals-46-1,,hno,Numerals-46,t͡ɕʰataːliː,t͡ɕʰataːliː,tɕʰ a t aː l iː,,hindukush,,,^ t͡ɕʰ a t aː l iː $,default,
hno-Numerals-47-1,,hno,Numerals-47,santaːliː,santaːliː,s a n t aː l iː,,hindukush,,,^ s a n t aː l iː $,default,
hno-Numerals-48-1,,hno,Numerals-48,aʈʰtaːliː,aʈʰtaːliː,a ʈʰ t aː l iː,,hindukush,,,^ a ʈʰ t aː l iː $,default,
hno-Numerals-49-1,,hno,Numerals-49,unt͡ɕaːs,unt͡ɕaːs,u n tɕ aː s,,hindukush,,,^ u n t͡ɕ aː s $,default,
hno-Numerals-50-1,,hno,Numerals-50,pãd͡ʑaːs,pãd͡ʑaːs,p ã dʑ aː s,,hindukush,,,^ p ã d͡ʑ aː s $,default,
hno-Numerals-60-1,,hno,Numerals-60,saʈʰ,saʈʰ,s a ʈʰ,,hindukush,,,^ s a ʈʰ $,default,
hno-Numerals-70-1,,hno,Numerals-70,satər,satər,s a t ə r,,hindukush,,,^ s a t ə r $,default,
hno-Numerals-80-1,,hno,Numerals-80,asiː,asiː,a s iː,,hindukush,,,^ a s iː $,default,
hno-Numerals-90-1,,hno,Numerals-90,naweː,naweː,n a w eː,,hindukush,,,^ n a w eː $,default,
hno-Numerals-100-1,,hno,Numerals-100,soː,soː,s oː,,hindukush,,,^ s oː $,default,
hno-Numerals-110-1,,hno,Numerals-110,hek soː daː,hek_soː_daː,h e k + s oː + d aː,,hindukush,,,^ h e k _ s oː _ d aː $,default,
hno-Numerals-120-1,,hno,Numerals-120,hek soː biː,hek_soː_biː,h e k + s oː + b iː,,hindukush,,,^ h e k _ s oː _ b iː $,default,
hno-Numerals-200-1,,hno,Numerals-200,doː soː,doː_soː,d oː + s oː,,hindukush,,,^ d oː _ s oː $,default,
hno-Numerals-1000-1,,hno,Numerals-1000,hek hazaːr,hek_hazaːr,h e k + h a z aː r,,hindukush,,,^ h e k _ h a z aː r $,default,
mvy-Numerals-1-1,,mvy,Numerals-1,ek,ek,e k,,hindukush,,,^ e k $,default,
mvy-Numerals-2-1,,mvy,Numerals-2,duː,duː,d uː,,hindukush,,,^ d uː $,default,
mvy-Numerals-3-1,,mvy,Numerals-3,ʈ͡ʂaː,ʈ͡ʂaː,ʈʂ aː,,hindukush,,,^ ʈ͡ʂ aː $,default,
mvy-Numerals-4-1,,mvy,Numerals-4,t͡sawr,t͡sawr,ts a w r,,hindukush,,,^ t͡s a w r $,default,
mvy-Numerals-5-1,,mvy,Numerals-5,pãːz,pãːz,p ãː z,,hindukush,,,^ p ãː z $,default,
mvy-Numerals-6-1,,mvy,Numerals-6,ʂo,ʂo,ʂ o,,hindukush,,,^ ʂ o $,default,
mvy-Numerals-7-1,,mvy,Numerals-7,saːt,saːt,s aː t,,hindukush,,,^ s aː t $,default,
mvy-Numerals-8-1,,mvy,Numerals-8,ãʈ,ãʈ,ã ʈ,,hindukush,,,^ ã ʈ $,default,
mvy-Numerals-9-1,,mvy,Numerals-9,nãw,nãw,n ã w,,hindukush,,,^ n ã w $,default,
mvy-Numerals-10-1,,mvy,Numerals-10,daeʃ,daeʃ,d a e ʃ,,hindukush,,,^ d ae ʃ $,default,
mvy-Numerals-11-1,,mvy,Numerals-11,agaːleʃ,agaːleʃ,a g aː l e ʃ,,hindukush,,,^ a g aː l e ʃ $,default,
mvy-Numerals-12-1,,mvy,Numerals-12,duwaːleʃ,duwaːleʃ,d u w aː l e ʃ,,hindukush,,,^ d u w aː l e ʃ $,default,
mvy-Numerals-13-1,,mvy,Numerals-13,ʈ͡ʂigoːleʃ,ʈ͡ʂigoːleʃ,ʈʂ i g oː l e ʃ,,hindukush,,,^ ʈ͡ʂ i g oː l e ʃ $,default,
mvy-Numerals-14-1,,mvy,Numerals-14,t͡sandeʃ,t͡sandeʃ,ts a n d e ʃ,,hindukush,,,^ t͡s a n d e ʃ $,default,
mvy-Numerals-15-1,,mvy,Numerals-15,pãzaleʃ,pãzaleʃ,p ã z a l e ʃ,,hindukush,,,^ p ã z a l e ʃ $,default,
mvy-Numerals-16-1,,mvy,Numerals-16,ʂoːeʃ,ʂoːeʃ,ʂ oː e ʃ,,hindukush,,,^ ʂ oːe ʃ $,default,
mvy-Numerals-17-1,,mvy,Numerals-17,sataːleʃ,sataːleʃ,s a t aː l e ʃ,,hindukush,,,^ s a t aː l e ʃ $,default,
mvy-Numerals-18-1,,mvy,Numerals-18,aʈʰaːleʃ,aʈʰaːleʃ,a ʈʰ aː l e ʃ,,hindukush,,,^ a ʈʰ aː l e ʃ $,default,
mvy-Numerals-19-1,,mvy,Numerals-19,aːmbiːʃ,aːmbiːʃ,aː m b iː ʃ,,hindukush,,,^ aː m b iː ʃ $,default,
mvy-Numerals-20-1,,mvy,Numerals-20,biːʃ,biːʃ,b iː ʃ,,hindukush,,,^ b iː ʃ $,default,
mvy-Numerals-21-1,,mvy,Numerals-21,ekue biːʃ,ekue_biːʃ,e k u e + b iː ʃ,,hindukush,,,^ e k ue _ b iː ʃ $,default,
mvy-Numerals-22-1,,mvy,Numerals-22,due biːʃ,due_biːʃ,d u e + b iː ʃ,,hindukush,,,^ d ue _ b iː ʃ $,default,
mvy-Numerals-23-1,,mvy,Numerals-23,ʈ͡ʂaːe biːʃ,ʈ͡ʂaːe_biːʃ,ʈʂ aː e + b iː ʃ,,hindukush,,,^ ʈ͡ʂ aːe _ b iː ʃ $,default,
mvy-Numerals-24-1,,mvy,Numerals-24,t͡sawrue biːʃ,t͡sawrue_biːʃ,ts a w r u e + b iː ʃ,,hindukush,,,^ t͡s a w r ue _ b iː ʃ $,default,
mvy-Numerals-25-1,,mvy,Numerals-25,pãːzue biːʃ,pãːzue_biːʃ,p ãː z u e + b iː ʃ,,hindukush,,,^ p ãː z ue _ b iː ʃ $,default,
mvy-Numerals-26-1,,mvy,Numerals-26,ʂoe biːʃ,ʂoe_biːʃ,ʂ o e + b iː ʃ,,hindukush,,,^ ʂ oe _ b iː ʃ $,default,
mvy-Numerals-27-1,,mvy,Numerals-27,saːtue biːʃ,saːtue_biːʃ,s aː t u e + b iː ʃ,,hindukush,,,^ s aː t ue _ b iː ʃ $,default,
mvy-Numerals-28-1,,mvy,Numerals-28,aːʈʰue biːʃ,aːʈʰue_biːʃ,aː ʈʰ u e + b iː ʃ,,hindukush,,,^ aː ʈʰ ue _ b iː ʃ $,default,
mvy-Numerals-29-1,,mvy,Numerals-29,nae biːʃ,nae_biːʃ,n a e + b iː ʃ,,hindukush,,,^ n ae _ b iː ʃ $,default,
mvy-Numerals-30-1,,mvy,Numerals-30,daʃue biːʃ,daʃue_biːʃ,d a ʃ u e + b iː ʃ,,hindukush,,,^ d a ʃ ue _ b iː ʃ $,default,
mvy-Numerals-31-1,,mvy,Numerals-31,agaːlaʃue biːʃ,agaːlaʃue_biːʃ,a g aː l a ʃ u e + b iː ʃ,,hindukush,,,^ a g aː l a ʃ ue _ b iː ʃ $,default,
mvy-Numerals-32-1,,mvy,Numerals-32,duwaːlaʃue biːʃ,duwaːlaʃue_biːʃ,d u w aː l a ʃ u e + b iː ʃ,,hindukush,,,^ d u w aː l a ʃ ue _ b iː ʃ $,default,
mvy-Numerals-33-1,,mvy,Numerals-33,ʈ͡ʂigoːlaʃue biːʃ,ʈ͡ʂigoːlaʃue_biːʃ,ʈʂ i g oː l a ʃ u e + b iː ʃ,,hindukush,,,^ ʈ͡ʂ i g oː l a ʃ ue _ b iː ʃ $,default,
mvy-Numerals-34-1,,mvy,Numerals-34,t͡sanʃue biːʃ,t͡sanʃue_biːʃ,ts a n ʃ u e + b iː ʃ,,hindukush,,,^ t͡s a nʃ ue _ b iː ʃ $,default,
mvy-Numerals-35-1,,mvy,Numerals-35,pãːz kam dubiʃ,pãːz_kam_dubiʃ,p ãː z + k a m + d u b i ʃ,,hindukush,,,^ p ãː z _ k a m _ d u b i ʃ $,default,
mvy-Numerals-36-1,,mvy,Numerals-36,t͡sawr kam dubiʃ,t͡sawr_kam_dubiʃ,ts a w r + k a m + d u b i ʃ,,hindukush,,,^ t͡s a w r _ k a m _ d u b i ʃ $,default,
mvy-Numerals-37-1,,mvy,Numerals-37,ʈ͡ʂaː kam dubiʃ,ʈ͡ʂaː_kam_dubiʃ,ʈʂ aː + k a m + d u b i ʃ,,hindukush,,,^ ʈ͡ʂ aː _ k a m _ d u b i ʃ $,default,
mvy-Numerals-38-1,,mvy,Numerals-38,duː kam dubiʃ,duː_kam_dubiʃ,d uː + k a m + d u b i ʃ,,hindukush,,,^ d uː _ k a m _ d u b i ʃ $,default,
mvy-Numerals-39-1,,mvy,Numerals-39,ek kam dubiʃ,ek_kam_dubiʃ,e k + k a m + d u b i ʃ,,hindukush,,,^ e k _ k a m _ d u b i ʃ $,default,
mvy-Numerals-40-1,,mvy,Numerals-40,dubiʃ,dubiʃ,d u b i ʃ,,hindukush,,,^ d u b i ʃ $,default,
mvy-Numerals-41-1,,mvy,Numerals-41,ekue dubiʃ,ekue_dubiʃ,e k u e + d u b i ʃ,,hindukush,,,^ e k ue _ d u b i ʃ $,default,
mvy-Numerals-42-1,,mvy,Numerals-42,due dubiʃ,due_dubiʃ,d u e + d u b i ʃ,,hindukush,,,^ d ue _ d u b i ʃ $,default,
mvy-Numerals-43-1,,mvy,Numerals-43,ʈ͡ʂaːe dubiʃ,ʈ͡ʂaːe_dubiʃ,ʈʂ aː e + d u b i ʃ,,hindukush,,,^ ʈ͡ʂ aːe _ d u b i ʃ $,default,
mvy-Numerals-44-1,,mvy,Numerals-44,t͡sawrue dubiʃ,t͡sawrue_dubiʃ,ts a w r u e + d u b i ʃ,,hindukush,,,^ t͡s a w r ue _ d u b i ʃ $,default,
mvy-Numerals-45-1,,mvy,Numerals-45,pãːzue dubiʃ,pãːzue_dubiʃ,p ãː z u e + d u b i ʃ,,hindukush,,,^ p ãː z ue _ d u b i ʃ $,default,
mvy-Numerals-46-1,,mvy,Numerals-46,ʂoe dubiʃ,ʂoe_dubiʃ,ʂ o e + d u b i ʃ,,hindukush,,,^ ʂ oe _ d u b i ʃ $,default,
mvy-Numerals-47-1,,mvy,Numerals-47,saːtue dubiʃ,saːtue_dubiʃ,s aː t u e + d u b i ʃ,,hindukush,,,^ s aː t ue _ d u b i ʃ $,default,
mvy-Numerals-48-1,,mvy,Numerals-48,aːʈʰue dubiʃ,aːʈʰue_dubiʃ,aː ʈʰ u e + d u b i ʃ,,hindukush,,,^ aː ʈʰ ue _ d u b i ʃ $,default,
mvy-Numerals-49-1,,mvy,Numerals-49,nae dubiʃ,nae_dubiʃ,n a e + d u b i ʃ,,hindukush,,,^ n ae _ d u b i ʃ $,default,
mvy-Numerals-50-1,,mvy,Numerals-50,daʃue dubiʃ,daʃue_dubiʃ,d a ʃ u e + d u b i ʃ,,hindukush,,,^ d a ʃ ue _ d u b i ʃ $,default,
mvy-Numerals-60-1,,mvy,Numerals-60,ʈ͡ʂabiʃ,ʈ͡ʂabiʃ,ʈʂ a b i ʃ,,hindukush,,,^ ʈ͡ʂ a b i ʃ $,default,
mvy-Numerals-70-1,,mvy,Numerals-70,daʃue ʈ͡ʂabiʃ,daʃue_ʈ͡ʂabiʃ,d a ʃ u e + ʈʂ a b i ʃ,,hindukush,,,^ d a ʃ ue _ ʈ͡ʂ a b i ʃ $,default,
mvy-Numerals-80-1,,mvy,Numerals-80,t͡sawr biʃ,t͡sawr_biʃ,ts a w r + b i ʃ,,hindukush,,,^ t͡s a w r _ b i ʃ $,default,
mvy-Numerals-90-1,,mvy,Numerals-90,daʃue t͡sawr biʃ,daʃue_t͡sawr_biʃ,d a ʃ u e + ts a w r + b i ʃ,,hindukush,,,^ d a ʃ ue _ t͡s a w r _ b i ʃ $,default,
mvy-Numerals-100-1,,mvy,Numerals-100,ʃal,ʃal,ʃ a l,,hindukush,,,^ ʃ a l $,default,
mvy-Numerals-110-1,,mvy,Numerals-110,daʃue ʃal,daʃue_ʃal,d a ʃ u e + ʃ a l,,hindukush,,,^ d a ʃ ue _ ʃ a l $,default,
mvy-Numerals-120-1,,mvy,Numerals-120,ʂo biʃ,ʂo_biʃ,ʂ o + b i ʃ,,hindukush,,,^ ʂ o _ b i ʃ $,default,
mvy-Numerals-200-1,,mvy,Numerals-200,duː ʃal,duː_ʃal,d uː + ʃ a l,,hindukush,,,^ d uː _ ʃ a l $,default,
mvy-Numerals-1000-1,,mvy,Numerals-1000,zir,zir,z i r,,hindukush,,,^ z i r $,default,
isk-Numerals-1-1,,isk,Numerals-1,wɑːk,wɑːk,w ɑː k,,hindukush,,,^ w ɑː k $,default,
isk-Numerals-2-1,,isk,Numerals-2,doː,doː,d oː,,hindukush,,,^ d oː $,default,
isk-Numerals-3-1,,isk,Numerals-3,ruː,ruː,r uː,,hindukush,,,^ r uː $,default,
isk-Numerals-4-1,,isk,Numerals-4,t͡sfuːr,t͡sfuːr,ts f uː r,,hindukush,,,^ t͡s f uː r $,default,
isk-Numerals-5-1,,isk,Numerals-5,puːnz,puːnz,p uː n z,,hindukush,,,^ p uː n z $,default,
isk-Numerals-6-1,,isk,Numerals-6,χuːl,χuːl,χ uː l,,hindukush,,,^ χ uː l $,default,
isk-Numerals-7-1,,isk,Numerals-7,oːvd,oːvd,oː v d,,hindukush,,,^ oː v d $,default,
isk-Numerals-8-1,,isk,Numerals-8,ɑːt,ɑːt,ɑː t,,hindukush,,,^ ɑː t $,default,
isk-Numerals-9-1,,isk,Numerals-9,naːw,naːw,n aː w,,hindukush,,,^ n aː w $,default,
isk-Numerals-10-1,,isk,Numerals-10,daː,daː,d aː,,hindukush,,,^ d aː $,default,
isk-Numerals-11-1,,isk,Numerals-11,jɑːzdaː,jɑːzdaː,j ɑː z d aː,,hindukush,,,^ j ɑː z d aː $,default,
isk-Numerals-12-1,,isk,Numerals-12,duwɑːzdaː,duwɑːzdaː,d u w ɑː z d aː,,hindukush,,,^ d u w ɑː z d aː $,default,
isk-Numerals-13-1,,isk,Numerals-13,seːzdaː,seːzdaː,s eː z d aː,,hindukush,,,^ s eː z d aː $,default,
isk-Numerals-14-1,,isk,Numerals-14,t͡ʃɑhɑːrdaː,t͡ʃɑhɑːrdaː,tʃ ɑ h ɑː r d aː,,hindukush,,,^ t͡ʃ ɑ h ɑː r d aː $,default,
isk-Numerals-15-1,,isk,Numerals-15,pɑːnzdaː,pɑːnzdaː,p ɑː n z d aː,,hindukush,,,^ p ɑː n z d aː $,default,
isk-Numerals-16-1,,isk,Numerals-16,ʃɑːnzdaː,ʃɑːnzdaː,ʃ ɑː n z d aː,,hindukush,,,^ ʃ ɑː n z d aː $,default,
isk-Numerals-17-1,,isk,Numerals-17,havdaː,havdaː,h a v d aː,,hindukush,,,^ h a v d aː $,default,
isk-Numerals-18-1,,isk,Numerals-18,had͡ʒdaː,had͡ʒdaː,h a dʒ d aː,,hindukush,,,^ h a d͡ʒ d aː $,default,
isk-Numerals-19-1,,isk,Numerals-19,nəzdaː,nəzdaː,n ə z d aː,,hindukush,,,^ n ə z d aː $,default,
isk-Numerals-20-1,,isk,Numerals-20,biːst,biːst,b iː s t,,hindukush,,,^ b iː s t $,default,
isk-Numerals-21-1,,isk,Numerals-21,biːstə jaːk,biːstə_jaːk,b iː s t ə + j aː k,,hindukush,,,^ b iː s t ə _ j aː k $,default,
isk-Numerals-22-1,,isk,Numerals-22,biːstə duː,biːstə_duː,b iː s t ə + d uː,,hindukush,,,^ b iː s t ə _ d uː $,default,
isk-Numerals-23-1,,isk,Numerals-23,biːstə seː,biːstə_seː,b iː s t ə + s eː,,hindukush,,,^ b iː s t ə _ s eː $,default,
isk-Numerals-24-1,,isk,Numerals-24,biːstə t͡ʃɑːr,biːstə_t͡ʃɑːr,b iː s t ə + tʃ ɑː r,,hindukush,,,^ b iː s t ə _ t͡ʃ ɑː r $,default,
isk-Numerals-25-1,,isk,Numerals-25,biːstə pand͡ʒ,biːstə_pand͡ʒ,b iː s t ə + p a n dʒ,,hindukush,,,^ b iː s t ə _ p a n d͡ʒ $,default,
isk-Numerals-26-1,,isk,Numerals-26,biːstə ʃaːʃ,biːstə_ʃaːʃ,b iː s t ə + ʃ aː ʃ,,hindukush,,,^ b iː s t ə _ ʃ aː ʃ $,default,
isk-Numerals-27-1,,isk,Numerals-27,biːstə haːft,biːstə_haːft,b iː s t ə + h aː f t,,hindukush,,,^ b iː s t ə _ h aː f t $,default,
isk-Numerals-28-1,,isk,Numerals-28,biːstə haːʃt,biːstə_haːʃt,b iː s t ə + h aː ʃ t,,hindukush,,,^ b iː s t ə _ h aː ʃ t $,default,
isk-Numerals-29-1,,isk,Numerals-29,biːstə nə,biːstə_nə,b iː s t ə + n ə,,hindukush,,,^ b iː s t ə _ n ə $,default,
isk-Numerals-30-1,,isk,Numerals-30,siː,siː,s iː,,hindukush,,,^ s iː $,default,
isk-Numerals-31-1,,isk,Numerals-31,siːwə jaːk,siːwə_jaːk,s iː w ə + j aː k,,hindukush,,,^ s iː w ə _ j aː k $,default,
isk-Numerals-32-1,,isk,Numerals-32,siːwə duː,siːwə_duː,s iː w ə + d uː,,hindukush,,,^ s iː w ə _ d uː $,default,
isk-Numerals-33-1,,isk,Numerals-33,siːwə seː,siːwə_seː,s iː w ə + s eː,,hindukush,,,^ s iː w ə _ s eː $,default,
isk-Numerals-34-1,,isk,Numerals-34,siːwə t͡ʃɑːr,siːwə_t͡ʃɑːr,s iː w ə + tʃ ɑː r,,hindukush,,,^ s iː w ə _ t͡ʃ ɑː r $,default,
isk-Numerals-35-1,,isk,Numerals-35,siːwə paːnd͡ʒ,siːwə_paːnd͡ʒ,s iː w ə + p aː n dʒ,,hindukush,,,^ s iː w ə _ p aː n d͡ʒ $,default,
isk-Numerals-36-1,,isk,Numerals-36,siːwə ʃaːʃ,siːwə_ʃaːʃ,s iː w ə + ʃ aː ʃ,,hindukush,,,^ s iː w ə _ ʃ aː ʃ $,default,
isk-Numerals-37-1,,isk,Numerals-37,siːwə haːft,siːwə_haːft,s iː w ə + h aː f t,,hindukush,,,^ s iː w ə _ h aː f t $,default,
isk-Numerals-38-1,,isk,Numerals-38,siːwə haːʃt,siːwə_haːʃt,s iː w ə + h aː ʃ t,,hindukush,,,^ s iː w ə _ h aː ʃ t $,default,
isk-Numerals-39-1,,isk,Numerals-39,siːwə nə,siːwə_nə,s iː w ə + n ə,,hindukush,,,^ s iː w ə _ n ə $,default,
isk-Numerals-40-1,,isk,Numerals-40,t͡ʃəl,t͡ʃəl,tʃ ə l,,hindukush,,,^ t͡ʃ ə l $,default,
isk-Numerals-41-1,,isk,Numerals-41,t͡ʃələ jaːk,t͡ʃələ_jaːk,tʃ ə l ə + j aː k,,hindukush,,,^ t͡ʃ ə l ə _ j aː k $,default,
isk-Numerals-42-1,,isk,Numerals-42,t͡ʃələ duː,t͡ʃələ_duː,tʃ ə l ə + d uː,,hindukush,,,^ t͡ʃ ə l ə _ d uː $,default,
isk-Numerals-43-1,,isk,Numerals-43,t͡ʃələ seː,t͡ʃələ_seː,tʃ ə l ə + s eː,,hindukush,,,^ t͡ʃ ə l ə _ s eː $,default,
isk-Numerals-44-1,,isk,Numerals-44,t͡ʃələ t͡ʃɑːr,t͡ʃələ_t͡ʃɑːr,tʃ ə l ə + tʃ ɑː r,,hindukush,,,^ t͡ʃ ə l ə _ t͡ʃ ɑː r $,default,
isk-Numerals-45-1,,isk,Numerals-45,t͡ʃələ paːnd͡ʒ,t͡ʃələ_paːnd͡ʒ,tʃ ə l ə + p aː n dʒ,,hindukush,,,^ t͡ʃ ə l ə _ p aː n d͡ʒ $,default,
isk-Numerals-46-1,,isk,Numerals-46,t͡ʃələ ʃaːʃ,t͡ʃələ_ʃaːʃ,tʃ ə l ə + ʃ aː ʃ,,hindukush,,,^ t͡ʃ ə l ə _ ʃ aː ʃ $,default,
isk-Numerals-47-1,,isk,Numerals-47,t͡ʃələ haːft,t͡ʃələ_haːft,tʃ ə l ə + h aː f t,,hindukush,,,^ t͡ʃ ə l ə _ h aː f t $,default,
isk-Numerals-48-1,,isk,Numerals-48,t͡ʃələ haːʃt,t͡ʃələ_haːʃt,tʃ ə l ə + h aː ʃ t,,hindukush,,,^ t͡ʃ ə l ə _ h aː ʃ t $,default,
isk-Numerals-49-1,,isk,Numerals-49,t͡ʃələ nuː,t͡ʃələ_nuː,tʃ ə l ə + n uː,,hindukush,,,^ t͡ʃ ə l ə _ n uː $,default,
isk-Numerals-50-1,,isk,Numerals-50,pind͡ʒɑː,pind͡ʒɑː,p i n dʒ ɑː,,hindukush,,,^ p i n d͡ʒ ɑː $,default,
isk-Numerals-60-1,,isk,Numerals-60,ʃaːst,ʃaːst,ʃ aː s t,,hindukush,,,^ ʃ aː s t $,default,
isk-Numerals-70-1,,isk,Numerals-70,aftɑːd,aftɑːd,a f t ɑː d,,hindukush,,,^ a f t ɑː d $,default,
isk-Numerals-80-1,,isk,Numerals-80,aʃtɑːd,aʃtɑːd,a ʃ t ɑː d,,hindukush,,,^ a ʃ t ɑː d $,default,
isk-Numerals-90-1,,isk,Numerals-90,nawad,nawad,n a w a d,,hindukush,,,^ n a w a d $,default,
isk-Numerals-100-1,,isk,Numerals-100,sad,sad,s a d,,hindukush,,,^ s a d $,default,
isk-Numerals-110-1,,isk,Numerals-110,jaːk sadə daː,jaːk_sadə_daː,j aː k + s a d ə + d aː,,hindukush,,,^ j aː k _ s a d ə _ d aː $,default,
isk-Numerals-120-1,,isk,Numerals-120,jaːk sadə biːst,jaːk_sadə_biːst,j aː k + s a d ə + b iː s t,,hindukush,,,^ j aː k _ s a d ə _ b iː s t $,default,
isk-Numerals-200-1,,isk,Numerals-200,də sad,də_sad,d ə + s a d,,hindukush,,,^ d ə _ s a d $,default,
isk-Numerals-1000-1,,isk,Numerals-1000,jaːk hazɑːr,jaːk_hazɑːr,j aː k + h a z ɑː r,,hindukush,,,^ j aː k _ h a z ɑː r $,default,
kls-Numerals-1-1,,kls,Numerals-1,ek,ek,e k,,hindukush,,,^ e k $,default,
kls-Numerals-2-1,,kls,Numerals-2,duː,duː,d uː,,hindukush,,,^ d uː $,default,
kls-Numerals-3-1,,kls,Numerals-3,treː,treː,t r eː,,hindukush,,,^ t r eː $,default,
kls-Numerals-4-1,,kls,Numerals-4,t͡ɕaw,t͡ɕaw,tɕ a w,,hindukush,,,^ t͡ɕ a w $,default,
kls-Numerals-5-1,,kls,Numerals-5,poːnd͡ʑ,poːnd͡ʑ,p oː n dʑ,,hindukush,,,^ p oː n d͡ʑ $,default,
kls-Numerals-6-1,,kls,Numerals-6,ʂo,ʂo,ʂ o,,hindukush,,,^ ʂ o $,default,
kls-Numerals-7-1,,kls,Numerals-7,sat,sat,s a t,,hindukush,,,^ s a t $,default,
kls-Numerals-8-1,,kls,Numerals-8,ãʂʈ,ãʂʈ,ã ʂ ʈ,,hindukush,,,^ ã ʂ ʈ $,default,
kls-Numerals-9-1,,kls,Numerals-9,noː,noː,n oː,,hindukush,,,^ n oː $,default,
kls-Numerals-10-1,,kls,Numerals-10,daɕ,daɕ,d a ɕ,,hindukush,,,^ d a ɕ $,default,
kls-Numerals-11-1,,kls,Numerals-11,daɕ ʑe eːka,daɕ_ʑe_eːka,d a ɕ + ʑ e + eː k a,,hindukush,,,^ d a ɕ _ ʑ e _ eː k a $,default,
kls-Numerals-12-1,,kls,Numerals-12,daɕ ʑe duːa,daɕ_ʑe_duːa,d a ɕ + ʑ e + d uː a,,hindukush,,,^ d a ɕ _ ʑ e _ d uːa $,default,
kls-Numerals-13-1,,kls,Numerals-13,daɕ ʑe treːa,daɕ_ʑe_treːa,d a ɕ + ʑ e + t r eː a,,hindukush,,,^ d a ɕ _ ʑ e _ t r eːa $,default,
kls-Numerals-14-1,,kls,Numerals-14,daɕ ʑe t͡ɕawa,daɕ_ʑe_t͡ɕawa,d a ɕ + ʑ e + tɕ a w a,,hindukush,,,^ d a ɕ _ ʑ e _ t͡ɕ a w a $,default,
kls-Numerals-15-1,,kls,Numerals-15,daɕ ʑe poːnd͡ʑa,daɕ_ʑe_poːnd͡ʑa,d a ɕ + ʑ e + p oː n dʑ a,,hindukush,,,^ d a ɕ _ ʑ e _ p oː n d͡ʑ a $,default,
kls-Numerals-16-1,,kls,Numerals-16,daɕ ʑe ʂoːa,daɕ_ʑe_ʂoːa,d a ɕ + ʑ e + ʂ oː a,,hindukush,,,^ d a ɕ _ ʑ e _ ʂ oːa $,default,
kls-Numerals-17-1,,kls,Numerals-17,daɕ ʑe saːta,daɕ_ʑe_saːta,d a ɕ + ʑ e + s aː t a,,hindukush,,,^ d a ɕ _ ʑ e _ s aː t a $,default,
kls-Numerals-18-1,,kls,Numerals-18,daɕ ʑe ãːʂʈa,daɕ_ʑe_ãːʂʈa,d a ɕ + ʑ e + ãː ʂ ʈ a,,hindukush,,,^ d a ɕ _ ʑ e _ ãː ʂ ʈ a $,default,
kls-Numerals-19-1,,kls,Numerals-19,daɕ ʑe noːa,daɕ_ʑe_noːa,d a ɕ + ʑ e + n oː a,,hindukush,,,^ d a ɕ _ ʑ e _ n oːa $,default,
kls-Numerals-20-1,,kls,Numerals-20,biːɕiː,biːɕiː,b iː ɕ iː,,hindukush,,,^ b iː ɕ iː $,default,
kls-Numerals-21-1,,kls,Numerals-21,biːɕiː ʑe ek,biːɕiː_ʑe_ek,b iː ɕ iː + ʑ e + e k,,hindukush,,,^ b iː ɕ iː _ ʑ e _ e k $,default,
kls-Numerals-22-1,,kls,Numerals-22,biːɕiː ʑe duː,biːɕiː_ʑe_duː,b iː ɕ iː + ʑ e + d uː,,hindukush,,,^ b iː ɕ iː _ ʑ e _ d uː $,default,
kls-Numerals-23-1,,kls,Numerals-23,biːɕiː ʑe treː,biːɕiː_ʑe_treː,b iː ɕ iː + ʑ e + t r eː,,hindukush,,,^ b iː ɕ iː _ ʑ e _ t r eː $,default,
kls-Numerals-24-1,,kls,Numerals-24,biːɕiː ʑe t͡ɕaw,biːɕiː_ʑe_t͡ɕaw,b iː ɕ iː + ʑ e + tɕ a w,,hindukush,,,^ b iː ɕ iː _ ʑ e _ t͡ɕ a w $,default,
kls-Numerals-25-1,,kls,Numerals-25,biːɕiː ʑe poːnd͡ʑ,biːɕiː_ʑe_poːnd͡ʑ,b iː ɕ iː + ʑ e + p oː n dʑ,,hindukush,,,^ b iː ɕ iː _ ʑ e _ p oː n d͡ʑ $,default,
kls-Numerals-26-1,,kls,Numerals-26,biːɕiː ʑe ʂoː,biːɕiː_ʑe_ʂoː,b iː ɕ iː + ʑ e + ʂ oː,,hindukush,,,^ b iː ɕ iː _ ʑ e _ ʂ oː $,default,
kls-Numerals-27-1,,kls,Numerals-27,biːɕiː ʑe sat,biːɕiː_ʑe_sat,b iː ɕ iː + ʑ e + s a t,,hindukush,,,^ b iː ɕ iː _ ʑ e _ s a t $,default,
kls-Numerals-28-1,,kls,Numerals-28,biːɕiː ʑe ãʂʈ,biːɕiː_ʑe_ãʂʈ,b iː ɕ iː + ʑ e + ã ʂ ʈ,,hindukush,,,^ b iː ɕ iː _ ʑ e _ ã ʂ ʈ $,default,
kls-Numerals-29-1,,kls,Numerals-29,biːɕiː ʑe noː,biːɕiː_ʑe_noː,b iː ɕ iː + ʑ e + n oː,,hindukush,,,^ b iː ɕ iː _ ʑ e _ n oː $,default,
kls-Numerals-30-1,,kls,Numerals-30,biːɕiː ʑe daɕ,biːɕiː_ʑe_daɕ,b iː ɕ iː + ʑ e + d a ɕ,,hindukush,,,^ b iː ɕ iː _ ʑ e _ d a ɕ $,default,
kls-Numerals-31-1,,kls,Numerals-31,biːɕiː ʑe daɕ ʑe eːka,biːɕiː_ʑe_daɕ_ʑe_eːka,b iː ɕ iː + ʑ e + d a ɕ + ʑ e + eː k a,,hindukush,,,^ b iː ɕ iː _ ʑ e _ d a ɕ _ ʑ e _ eː k a $,default,
kls-Numerals-32-1,,kls,Numerals-32,biːɕiː ʑe daɕ ʑe duːa,biːɕiː_ʑe_daɕ_ʑe_duːa,b iː ɕ iː + ʑ e + d a ɕ + ʑ e + d uː a,,hindukush,,,^ b iː ɕ iː _ ʑ e _ d a ɕ _ ʑ e _ d uːa $,default,
kls-Numerals-33-1,,kls,Numerals-33,biːɕiː ʑe daɕ ʑe treːa,biːɕiː_ʑe_daɕ_ʑe_treːa,b iː ɕ iː + ʑ e + d a ɕ + ʑ e + t r eː a,,hindukush,,,^ b iː ɕ iː _ ʑ e _ d a ɕ _ ʑ e _ t r eːa $,default,
kls-Numerals-34-1,,kls,Numerals-34,biːɕiː ʑe daɕ ʑe t͡ɕawa,biːɕiː_ʑe_daɕ_ʑe_t͡ɕawa,b iː ɕ iː + ʑ e + d a ɕ + ʑ e + tɕ a w a,,hindukush,,,^ b iː ɕ iː _ ʑ e _ d a ɕ _ ʑ e _ t͡ɕ a w a $,default,
kls-Numerals-35-1,,kls,Numerals-35,biːɕiː ʑe daɕ ʑe poːnd͡ʑa,biːɕiː_ʑe_daɕ_ʑe_poːnd͡ʑa,b iː ɕ iː + ʑ e + d a ɕ + ʑ e + p oː n dʑ a,,hindukush,,,^ b iː ɕ iː _ ʑ e _ d a ɕ _ ʑ e _ p oː n d͡ʑ a $,default,
kls-Numerals-36-1,,kls,Numerals-36,biːɕiː ʑe daɕ ʑe ʂoːa,biːɕiː_ʑe_daɕ_ʑe_ʂoːa,b iː ɕ iː + ʑ e + d a ɕ + ʑ e + ʂ oː a,,hindukush,,,^ b iː ɕ iː _ ʑ e _ d a ɕ _ ʑ e _ ʂ oːa $,default,
kls-Numerals-37-1,,kls,Numerals-37,biːɕiː ʑe daɕ ʑe saːta,biːɕiː_ʑe_daɕ_ʑe_saːta,b iː ɕ iː + ʑ e + d a ɕ + ʑ e + s aː t a,,hindukush,,,^ b iː ɕ iː _ ʑ e _ d a ɕ _ ʑ e _ s aː t a $,default,
kls-Numerals-38-1,,kls,Numerals-38,biːɕiː ʑe daɕ ʑe ãːʂʈa,biːɕiː_ʑe_daɕ_ʑe_ãːʂʈa,b iː ɕ iː + ʑ e + d a ɕ + ʑ e + ãː ʂ ʈ a,,hindukush,,,^ b iː ɕ iː _ ʑ e _ d a ɕ _ ʑ e _ ãː ʂ ʈ a $,default,
kls-Numerals-39-1,,kls,Numerals-39,biːɕiː ʑe daɕ ʑe noːa,biːɕiː_ʑe_daɕ_ʑe_noːa,b iː ɕ iː + ʑ e + d a ɕ + ʑ e + n oː a,,hindukush,,,^ b iː ɕ iː _ ʑ e _ d a ɕ _ ʑ e _ n oːa $,default,
kls-Numerals-40-1,,kls,Numerals-40,duː biːɕiː,duː_biːɕiː,d uː + b iː ɕ iː,,hindukush,,,^ d uː _ b iː ɕ iː $,default,
kls-Numerals-41-1,,kls,Numerals-41,duː biːɕiː ʑe ek,duː_biːɕiː_ʑe_ek,d uː + b iː ɕ iː + ʑ e + e k,,hindukush,,,^ d uː _ b iː ɕ iː _ ʑ e _ e k $,default,
kls-Numerals-42-1,,kls,Numerals-42,duː biːɕiː ʑe duː,duː_biːɕiː_ʑe_duː,d uː + b iː ɕ iː + ʑ e + d uː,,hindukush,,,^ d uː _ b iː ɕ iː _ ʑ e _ d uː $,default,
kls-Numerals-43-1,,kls,Numerals-43,duː biːɕiː ʑe treː,duː_biːɕiː_ʑe_treː,d uː + b iː ɕ iː + ʑ e + t r eː,,hindukush,,,^ d uː _ b iː ɕ iː _ ʑ e _ t r eː $,default,
kls-Numerals-44-1,,kls,Numerals-44,duː biːɕiː ʑe t͡ɕaw,duː_biːɕiː_ʑe_t͡ɕaw,d uː + b iː ɕ iː + ʑ e + tɕ a w,,hindukush,,,^ d uː _ b iː ɕ iː _ ʑ e _ t͡ɕ a w $,default,
kls-Numerals-45-1,,kls,Numerals-45,duː biːɕiː ʑe poːnd͡ʑ,duː_biːɕiː_ʑe_poːnd͡ʑ,d uː + b iː ɕ iː + ʑ e + p oː n dʑ,,hindukush,,,^ d uː _ b iː ɕ iː _ ʑ e _ p oː n d͡ʑ $,default,
kls-Numerals-46-1,,kls,Numerals-46,duː biːɕiː ʑe ʂoː,duː_biːɕiː_ʑe_ʂoː,d uː + b iː ɕ iː + ʑ e + ʂ oː,,hindukush,,,^ d uː _ b iː ɕ iː _ ʑ e _ ʂ oː $,default,
kls-Numerals-47-1,,kls,Numerals-47,duː biːɕiː ʑe sat,duː_biːɕiː_ʑe_sat,d uː + b iː ɕ iː + ʑ e + s a t,,hindukush,,,^ d uː _ b iː ɕ iː _ ʑ e _ s a t $,default,
kls-Numerals-48-1,,kls,Numerals-48,duː biːɕiː ʑe ãʂʈ,duː_biːɕiː_ʑe_ãʂʈ,d uː + b iː ɕ iː + ʑ e + ã ʂ ʈ,,hindukush,,,^ d uː _ b iː ɕ iː _ ʑ e _ ã ʂ ʈ $,default,
kls-Numerals-49-1,,kls,Numerals-49,duː biːɕiː ʑe noː,duː_biːɕiː_ʑe_noː,d uː + b iː ɕ iː + ʑ e + n oː,,hindukush,,,^ d uː _ b iː ɕ iː _ ʑ e _ n oː $,default,
kls-Numerals-50-1,,kls,Numerals-50,duː biːɕiː ʑe daɕ,duː_biːɕiː_ʑe_daɕ,d uː + b iː ɕ iː + ʑ e + d a ɕ,,hindukush,,,^ d uː _ b iː ɕ iː _ ʑ e _ d a ɕ $,default,
kls-Numerals-60-1,,kls,Numerals-60,treː biːɕiː,treː_biːɕiː,t r eː + b iː ɕ iː,,hindukush,,,^ t r eː _ b iː ɕ iː $,default,
kls-Numerals-70-1,,kls,Numerals-70,treː biːɕiː ʑe daɕ,treː_biːɕiː_ʑe_daɕ,t r eː + b iː ɕ iː + ʑ e + d a ɕ,,hindukush,,,^ t r eː _ b iː ɕ iː _ ʑ e _ d a ɕ $,default,
kls-Numerals-80-1,,kls,Numerals-80,t͡ɕaw biːɕiː,t͡ɕaw_biːɕiː,tɕ a w + b iː ɕ iː,,hindukush,,,^ t͡ɕ a w _ b iː ɕ iː $,default,
kls-Numerals-90-1,,kls,Numerals-90,t͡ɕaw biːɕiː ʑe daɕ,t͡ɕaw_biːɕiː_ʑe_daɕ,tɕ a w + b iː ɕ iː + ʑ e + d a ɕ,,hindukush,,,^ t͡ɕ a w _ b iː ɕ iː _ ʑ e _ d a ɕ $,default,
kls-Numerals-100-1,,kls,Numerals-100,ek ɕor,ek_ɕor,e k + ɕ o r,,hindukush,,,^ e k _ ɕ o r $,default,
kls-Numerals-110-1,,kls,Numerals-110,ek ɕor ʑe daɕ,ek_ɕor_ʑe_daɕ,e k + ɕ o r + ʑ e + d a ɕ,,hindukush,,,^ e k _ ɕ o r _ ʑ e _ d a ɕ $,default,
kls-Numerals-120-1,,kls,Numerals-120,ek ɕor ʑe biːɕiː,ek_ɕor_ʑe_biːɕiː,e k + ɕ o r + ʑ e + b iː ɕ iː,,hindukush,,,^ e k _ ɕ o r _ ʑ e _ b iː ɕ iː $,default,
kls-Numerals-200-1,,kls,Numerals-200,duː ɕor,duː_ɕor,d uː + ɕ o r,,hindukush,,,^ d uː _ ɕ o r $,default,
kls-Numerals-1000-1,,kls,Numerals-1000,ek hazaːr,ek_hazaːr,e k + h a z aː r,,hindukush,,,^ e k _ h a z aː r $,default,
xka-Numerals-1-1,,xka,Numerals-1,ak,ak,a k,,hindukush,,,^ a k $,default,
xka-Numerals-2-1,,xka,Numerals-2,duː,duː,d uː,,hindukush,,,^ d uː $,default,
xka-Numerals-3-1,,xka,Numerals-3,traː,traː,t r aː,,hindukush,,,^ t r aː $,default,
xka-Numerals-4-1,,xka,Numerals-4,t͡ʃʰor,t͡ʃʰor,tʃʰ o r,,hindukush,,,^ t͡ʃʰ o r $,default,
xka-Numerals-5-1,,xka,Numerals-5,paːn,paːn,p aː n,,hindukush,,,^ p aː n $,default,
xka-Numerals-6-1,,xka,Numerals-6,ʂo,ʂo,ʂ o,,hindukush,,,^ ʂ o $,default,
xka-Numerals-7-1,,xka,Numerals-7,saːt,saːt,s aː t,,hindukush,,,^ s aː t $,default,
xka-Numerals-8-1,,xka,Numerals-8,eʂ,eʂ,e ʂ,,hindukush,,,^ e ʂ $,default,
xka-Numerals-9-1,,xka,Numerals-9,nom,nom,n o m,,hindukush,,,^ n o m $,default,
xka-Numerals-10-1,,xka,Numerals-10,deʃ,deʃ,d e ʃ,,hindukush,,,^ d e ʃ $,default,
xka-Numerals-11-1,,xka,Numerals-11,akaːʃ,akaːʃ,a k aː ʃ,,hindukush,,,^ a k aː ʃ $,default,
xka-Numerals-12-1,,xka,Numerals-12,baːʃ,baːʃ,b aː ʃ,,hindukush,,,^ b aː ʃ $,default,
xka-Numerals-13-1,,xka,Numerals-13,treːʃ,treːʃ,t r eː ʃ,,hindukush,,,^ t r eː ʃ $,default,
xka-Numerals-14-1,,xka,Numerals-14,t͡ʃandeːʃ,t͡ʃandeːʃ,tʃ a n d eː ʃ,,hindukush,,,^ t͡ʃ a n d eː ʃ $,default,
xka-Numerals-15-1,,xka,Numerals-15,pand͡ʒeːʃ,pand͡ʒeːʃ,p a n dʒ eː ʃ,,hindukush,,,^ p a n d͡ʒ eː ʃ $,default,
xka-Numerals-16-1,,xka,Numerals-16,ʂoreːʃ,ʂoreːʃ,ʂ o r eː ʃ,,hindukush,,,^ ʂ o r eː ʃ $,default,
xka-Numerals-17-1,,xka,Numerals-17,sataːʃ,sataːʃ,s a t aː ʃ,,hindukush,,,^ s a t aː ʃ $,default,
xka-Numerals-18-1,,xka,Numerals-18,eʂʈaːʃ,eʂʈaːʃ,e ʂ ʈ aː ʃ,,hindukush,,,^ e ʂ ʈ aː ʃ $,default,
xka-Numerals-19-1,,xka,Numerals-19,anbiːʃ,anbiːʃ,a n b iː ʃ,,hindukush,,,^ a n b iː ʃ $,default,
xka-Numerals-20-1,,xka,Numerals-20,biːʃ,biːʃ,b iː ʃ,,hindukush,,,^ b iː ʃ $,default,
xka-Numerals-21-1,,xka,Numerals-21,ak teː biːʃ,ak_teː_biːʃ,a k + t eː + b iː ʃ,,hindukush,,,^ a k _ t eː _ b iː ʃ $,default,
xka-Numerals-22-1,,xka,Numerals-22,duː teː biːʃ,duː_teː_biːʃ,d uː + t eː + b iː ʃ,,hindukush,,,^ d uː _ t eː _ b iː ʃ $,default,
xka-Numerals-23-1,,xka,Numerals-23,traː teː biːʃ,traː_teː_biːʃ,t r aː + t eː + b iː ʃ,,hindukush,,,^ t r aː _ t eː _ b iː ʃ $,default,
xka-Numerals-24-1,,xka,Numerals-24,t͡ʃʰor teː biːʃ,t͡ʃʰor_teː_biːʃ,tʃʰ o r + t eː + b iː ʃ,,hindukush,,,^ t͡ʃʰ o r _ t eː _ b iː ʃ $,default,
xka-Numerals-25-1,,xka,Numerals-25,paːnd͡ʒ teː biːʃ,paːnd͡ʒ_teː_biːʃ,p aː n dʒ + t eː + b iː ʃ,,hindukush,,,^ p aː n d͡ʒ _ t eː _ b iː ʃ $,default,
xka-Numerals-26-1,,xka,Numerals-26,ʂo teː biːʃ,ʂo_teː_biːʃ,ʂ o + t eː + b iː ʃ,,hindukush,,,^ ʂ o _ t eː _ b iː ʃ $,default,
xka-Numerals-27-1,,xka,Numerals-27,saːt teː biːʃ,saːt_teː_biːʃ,s aː t + t eː + b iː ʃ,,hindukush,,,^ s aː t _ t eː _ b iː ʃ $,default,
xka-Numerals-28-1,,xka,Numerals-28,eʂ teː biːʃ,eʂ_teː_biːʃ,e ʂ + t eː + b iː ʃ,,hindukush,,,^ e ʂ _ t eː _ b iː ʃ $,default,
xka-Numerals-29-1,,xka,Numerals-29,teː biːʃ nom,teː_biːʃ_nom,t eː + b iː ʃ + n o m,,hindukush,,,^ t eː _ b iː ʃ _ n o m $,default,
xka-Numerals-30-1,,xka,Numerals-30,deʃ teː biːʃ,deʃ_teː_biːʃ,d e ʃ + t eː + b iː ʃ,,hindukush,,,^ d e ʃ _ t eː _ b iː ʃ $,default,
xka-Numerals-31-1,,xka,Numerals-31,akaːʃ teː biːʃ,akaːʃ_teː_biːʃ,a k aː ʃ + t eː + b iː ʃ,,hindukush,,,^ a k aː ʃ _ t eː _ b iː ʃ $,default,
xka-Numerals-32-1,,xka,Numerals-32,baːʃ teː biːʃ,baːʃ_teː_biːʃ,b aː ʃ + t eː + b iː ʃ,,hindukush,,,^ b aː ʃ _ t eː _ b iː ʃ $,default,
xka-Numerals-33-1,,xka,Numerals-33,treːʃ teː biːʃ,treːʃ_teː_biːʃ,t r eː ʃ + t eː + b iː ʃ,,hindukush,,,^ t r eː ʃ _ t eː _ b iː ʃ $,default,
xka-Numerals-34-1,,xka,Numerals-34,t͡ʃandeːʃ teː biːʃ,t͡ʃandeːʃ_teː_biːʃ,tʃ a n d eː ʃ + t eː + b iː ʃ,,hindukush,,,^ t͡ʃ a n d eː ʃ _ t eː _ b iː ʃ $,default,
xka-Numerals-35-1,,xka,Numerals-35,pand͡ʒeːʃ teː biːʃ,pand͡ʒeːʃ_teː_biːʃ,p a n dʒ eː ʃ + t eː + b iː ʃ,,hindukush,,,^ p a n d͡ʒ eː ʃ _ t eː _ b iː ʃ $,default,
xka-Numerals-36-1,,xka,Numerals-36,t͡ʃʰor kom du biʃ,t͡ʃʰor_kom_du_biʃ,tʃʰ o r + k o m + d u + b i ʃ,,hindukush,,,^ t͡ʃʰ o r _ k o m _ d u _ b i ʃ $,default,
xka-Numerals-37-1,,xka,Numerals-37,traː kom du biʃ,traː_kom_du_biʃ,t r aː + k o m + d u + b i ʃ,,hindukush,,,^ t r aː _ k o m _ d u _ b i ʃ $,default,
xka-Numerals-38-1,,xka,Numerals-38,duː kom du biʃ,duː_kom_du_biʃ,d uː + k o m + d u + b i ʃ,,hindukush,,,^ d uː _ k o m _ d u _ b i ʃ $,default,
xka-Numerals-39-1,,xka,Numerals-39,ak kom du biʃ,ak_kom_du_biʃ,a k + k o m + d u + b i ʃ,,hindukush,,,^ a k _ k o m _ d u _ b i ʃ $,default,
xka-Numerals-40-1,,xka,Numerals-40,du biʃ,du_biʃ,d u + b i ʃ,,hindukush,,,^ d u _ b i ʃ $,default,
xka-Numerals-41-1,,xka,Numerals-41,ak teː du biʃ,ak_teː_du_biʃ,a k + t eː + d u + b i ʃ,,hindukush,,,^ a k _ t eː _ d u _ b i ʃ $,default,
xka-Numerals-42-1,,xka,Numerals-42,duː teː du biʃ,duː_teː_du_biʃ,d uː + t eː + d u + b i ʃ,,hindukush,,,^ d uː _ t eː _ d u _ b i ʃ $,default,
xka-Numerals-43-1,,xka,Numerals-43,traː teː du biʃ,traː_teː_du_biʃ,t r aː + t eː + d u + b i ʃ,,hindukush,,,^ t r aː _ t eː _ d u _ b i ʃ $,default,
xka-Numerals-44-1,,xka,Numerals-44,t͡ʃʰor teː du biʃ,t͡ʃʰor_teː_du_biʃ,tʃʰ o r + t eː + d u + b i ʃ,,hindukush,,,^ t͡ʃʰ o r _ t eː _ d u _ b i ʃ $,default,
xka-Numerals-45-1,,xka,Numerals-45,paːn teː du biʃ,paːn_teː_du_biʃ,p aː n + t eː + d u + b i ʃ,,hindukush,,,^ p aː n _ t eː _ d u _ b i ʃ $,default,
xka-Numerals-46-1,,xka,Numerals-46,ʂo teː du biʃ,ʂo_teː_du_biʃ,ʂ o + t eː + d u + b i ʃ,,hindukush,,,^ ʂ o _ t eː _ d u _ b i ʃ $,default,
xka-Numerals-47-1,,xka,Numerals-47,saːt teː du biʃ,saːt_teː_du_biʃ,s aː t + t eː + d u + b i ʃ,,hindukush,,,^ s aː t _ t eː _ d u _ b i ʃ $,default,
xka-Numerals-48-1,,xka,Numerals-48,eʂ teː du biʃ,eʂ_teː_du_biʃ,e ʂ + t eː + d u + b i ʃ,,hindukush,,,^ e ʂ _ t eː _ d u _ b i ʃ $,default,
xka-Numerals-49-1,,xka,Numerals-49,nom teː du biʃ,nom_teː_du_biʃ,n o m + t eː + d u + b i ʃ,,hindukush,,,^ n o m _ t eː _ d u _ b i ʃ $,default,
xka-Numerals-50-1,,xka,Numerals-50,deʃ teː du biʃ,deʃ_teː_du_biʃ,d e ʃ + t eː + d u + b i ʃ,,hindukush,,,^ d e ʃ _ t eː _ d u _ b i ʃ $,default,
xka-Numerals-60-1,,xka,Numerals-60,trabiʃ,trabiʃ,t r a b i ʃ,,hindukush,,,^ t r a b i ʃ $,default,
xka-Numerals-70-1,,xka,Numerals-70,deʃ teː trabiʃ,deʃ_teː_trabiʃ,d e ʃ + t eː + t r a b i ʃ,,hindukush,,,^ d e ʃ _ t eː _ t r a b i ʃ $,default,
xka-Numerals-80-1,,xka,Numerals-80,t͡ʃʰor biʃ,t͡ʃʰor_biʃ,tʃʰ o r + b i ʃ,,hindukush,,,^ t͡ʃʰ o r _ b i ʃ $,default,
xka-Numerals-90-1,,xka,Numerals-90,deʃ teː t͡ʃʰor biʃ,deʃ_teː_t͡ʃʰor_biʃ,d e ʃ + t eː + tʃʰ o r + b i ʃ,,hindukush,,,^ d e ʃ _ t eː _ t͡ʃʰ o r _ b i ʃ $,default,
xka-Numerals-100-1,,xka,Numerals-100,paːnd͡ʒ biʃ,paːnd͡ʒ_biʃ,p aː n dʒ + b i ʃ,,hindukush,,,^ p aː n d͡ʒ _ b i ʃ $,default,
xka-Numerals-110-1,,xka,Numerals-110,deʃ teː paːnd͡ʒ biʃ,deʃ_teː_paːnd͡ʒ_biʃ,d e ʃ + t eː + p aː n dʒ + b i ʃ,,hindukush,,,^ d e ʃ _ t eː _ p aː n d͡ʒ _ b i ʃ $,default,
xka-Numerals-120-1,,xka,Numerals-120,ʂo biʃ,ʂo_biʃ,ʂ o + b i ʃ,,hindukush,,,^ ʂ o _ b i ʃ $,default,
xka-Numerals-200-1,,xka,Numerals-200,du so,du_so,d u + s o,,hindukush,,,^ d u _ s o $,default,
xka-Numerals-1000-1,,xka,Numerals-1000,zir,zir,z i r,,hindukush,,,^ z i r $,default,
xvi-Numerals-1-1,,xvi,Numerals-1,eː,eː,eː,,hindukush,,,^ eː $,default,
xvi-Numerals-2-1,,xvi,Numerals-2,duj,duj,d u j,,hindukush,,,^ d u j $,default,
xvi-Numerals-3-1,,xvi,Numerals-3,treː,treː,t r eː,,hindukush,,,^ t r eː $,default,
xvi-Numerals-4-1,,xvi,Numerals-4,ʃtɑː,ʃtɑː,ʃ t ɑː,,hindukush,,,^ ʃ t ɑː $,default,
xvi-Numerals-5-1,,xvi,Numerals-5,puːt͡ʃ,puːt͡ʃ,p uː tʃ,,hindukush,,,^ p uː t͡ʃ $,default,
xvi-Numerals-6-1,,xvi,Numerals-6,ʃuː,ʃuː,ʃ uː,,hindukush,,,^ ʃ uː $,default,
xvi-Numerals-7-1,,xvi,Numerals-7,soːt,soːt,s oː t,,hindukush,,,^ s oː t $,default,
xvi-Numerals-8-1,,xvi,Numerals-8,oːʃt,oːʃt,oː ʃ t,,hindukush,,,^ oː ʃ t $,default,
xvi-Numerals-9-1,,xvi,Numerals-9,nu,nu,n u,,hindukush,,,^ n u $,default,
xvi-Numerals-10-1,,xvi,Numerals-10,dut͡s,dut͡s,d u ts,,hindukush,,,^ d u t͡s $,default,
xvi-Numerals-11-1,,xvi,Numerals-11,janit͡s,janit͡s,j a n i ts,,hindukush,,,^ j a n i t͡s $,default,
xvi-Numerals-12-1,,xvi,Numerals-12,dit͡s,dit͡s,d i ts,,hindukush,,,^ d i t͡s $,default,
xvi-Numerals-13-1,,xvi,Numerals-13,trit͡s,trit͡s,t r i ts,,hindukush,,,^ t r i t͡s $,default,
xvi-Numerals-14-1,,xvi,Numerals-14,ʃtrit͡s,ʃtrit͡s,ʃ t r i ts,,hindukush,,,^ ʃ t r i t͡s $,default,
xvi-Numerals-15-1,,xvi,Numerals-15,pɑt͡ʃit͡s,pɑt͡ʃit͡s,p ɑ tʃ i ts,,hindukush,,,^ p ɑ t͡ʃ i t͡s $,default,
xvi-Numerals-16-1,,xvi,Numerals-16,ʃet͡s,ʃet͡s,ʃ e ts,,hindukush,,,^ ʃ e t͡s $,default,
xvi-Numerals-17-1,,xvi,Numerals-17,satit͡s,satit͡s,s a t i ts,,hindukush,,,^ s a t i t͡s $,default,
xvi-Numerals-18-1,,xvi,Numerals-18,ɑːʃtit͡s,ɑːʃtit͡s,ɑː ʃ t i ts,,hindukush,,,^ ɑː ʃ t i t͡s $,default,
xvi-Numerals-19-1,,xvi,Numerals-19,neːt͡s,neːt͡s,n eː ts,,hindukush,,,^ n eː t͡s $,default,
xvi-Numerals-20-1,,xvi,Numerals-20,wit͡si,wit͡si,w i ts i,,hindukush,,,^ w i t͡s i $,default,
xvi-Numerals-21-1,,xvi,Numerals-21,wit͡sa eː,wit͡sa_eː,w i ts a + eː,,hindukush,,,^ w i t͡s a _ eː $,default,
xvi-Numerals-22-1,,xvi,Numerals-22,wit͡sa duj,wit͡sa_duj,w i ts a + d u j,,hindukush,,,^ w i t͡s a _ d u j $,default,
xvi-Numerals-23-1,,xvi,Numerals-23,wit͡sa treː,wit͡sa_treː,w i ts a + t r eː,,hindukush,,,^ w i t͡s a _ t r eː $,default,
xvi-Numerals-24-1,,xvi,Numerals-24,wit͡sa ʃtɑː,wit͡sa_ʃtɑː,w i ts a + ʃ t ɑː,,hindukush,,,^ w i t͡s a _ ʃ t ɑː $,default,
xvi-Numerals-25-1,,xvi,Numerals-25,wit͡sa puːt͡ʃ,wit͡sa_puːt͡ʃ,w i ts a + p uː tʃ,,hindukush,,,^ w i t͡s a _ p uː t͡ʃ $,default,
xvi-Numerals-26-1,,xvi,Numerals-26,wit͡sa ʃuː,wit͡sa_ʃuː,w i ts a + ʃ uː,,hindukush,,,^ w i t͡s a _ ʃ uː $,default,
xvi-Numerals-27-1,,xvi,Numerals-27,wit͡sa soːt,wit͡sa_soːt,w i ts a + s oː t,,hindukush,,,^ w i t͡s a _ s oː t $,default,
xvi-Numerals-28-1,,xvi,Numerals-28,wit͡sa oːʃt,wit͡sa_oːʃt,w i ts a + oː ʃ t,,hindukush,,,^ w i t͡s a _ oː ʃ t $,default,
xvi-Numerals-29-1,,xvi,Numerals-29,wit͡sa nu,wit͡sa_nu,w i ts a + n u,,hindukush,,,^ w i t͡s a _ n u $,default,
xvi-Numerals-30-1,,xvi,Numerals-30,wit͡sa dos,wit͡sa_dos,w i ts a + d o s,,hindukush,,,^ w i t͡s a _ d o s $,default,
xvi-Numerals-31-1,,xvi,Numerals-31,wit͡sa janit͡s,wit͡sa_janit͡s,w i ts a + j a n i ts,,hindukush,,,^ w i t͡s a _ j a n i t͡s $,default,
xvi-Numerals-32-1,,xvi,Numerals-32,wit͡sa dit͡s,wit͡sa_dit͡s,w i ts a + d i ts,,hindukush,,,^ w i t͡s a _ d i t͡s $,default,
xvi-Numerals-33-1,,xvi,Numerals-33,wit͡sa trit͡s,wit͡sa_trit͡s,w i ts a + t r i ts,,hindukush,,,^ w i t͡s a _ t r i t͡s $,default,
xvi-Numerals-34-1,,xvi,Numerals-34,wit͡sa ʃtrit͡s,wit͡sa_ʃtrit͡s,w i ts a + ʃ t r i ts,,hindukush,,,^ w i t͡s a _ ʃ t r i t͡s $,default,
xvi-Numerals-35-1,,xvi,Numerals-35,wit͡sa pɑt͡ʃit͡s,wit͡sa_pɑt͡ʃit͡s,w i ts a + p ɑ tʃ i ts,,hindukush,,,^ w i t͡s a _ p ɑ t͡ʃ i t͡s $,default,
xvi-Numerals-36-1,,xvi,Numerals-36,wit͡sa ʃet͡s,wit͡sa_ʃet͡s,w i ts a + ʃ e ts,,hindukush,,,^ w i t͡s a _ ʃ e t͡s $,default,
xvi-Numerals-37-1,,xvi,Numerals-37,wit͡sa satit͡s,wit͡sa_satit͡s,w i ts a + s a t i ts,,hindukush,,,^ w i t͡s a _ s a t i t͡s $,default,
xvi-Numerals-38-1,,xvi,Numerals-38,wit͡sa ɑːʃtit͡s,wit͡sa_ɑːʃtit͡s,w i ts a + ɑː ʃ t i ts,,hindukush,,,^ w i t͡s a _ ɑː ʃ t i t͡s $,default,
xvi-Numerals-39-1,,xvi,Numerals-39,wit͡sa neːt͡s,wit͡sa_neːt͡s,w i ts a + n eː ts,,hindukush,,,^ w i t͡s a _ n eː t͡s $,default,
xvi-Numerals-40-1,,xvi,Numerals-40,duj wit͡si,duj_wit͡si,d u j + w i ts i,,hindukush,,,^ d u j _ w i t͡s i $,default,
xvi-Numerals-41-1,,xvi,Numerals-41,duj wit͡sa eː,duj_wit͡sa_eː,d u j + w i ts a + eː,,hindukush,,,^ d u j _ w i t͡s a _ eː $,default,
xvi-Numerals-42-1,,xvi,Numerals-42,duj wit͡sa duj,duj_wit͡sa_duj,d u j + w i ts a + d u j,,hindukush,,,^ d u j _ w i t͡s a _ d u j $,default,
xvi-Numerals-43-1,,xvi,Numerals-43,duj wit͡sa treː,duj_wit͡sa_treː,d u j + w i ts a + t r eː,,hindukush,,,^ d u j _ w i t͡s a _ t r eː $,default,
xvi-Numerals-44-1,,xvi,Numerals-44,duj wit͡sa ʃtɑː,duj_wit͡sa_ʃtɑː,d u j + w i ts a + ʃ t ɑː,,hindukush,,,^ d u j _ w i t͡s a _ ʃ t ɑː $,default,
xvi-Numerals-45-1,,xvi,Numerals-45,duj wit͡sa puːt͡ʃ,duj_wit͡sa_puːt͡ʃ,d u j + w i ts a + p uː tʃ,,hindukush,,,^ d u j _ w i t͡s a _ p uː t͡ʃ $,default,
xvi-Numerals-46-1,,xvi,Numerals-46,duj wit͡sa ʃuː,duj_wit͡sa_ʃuː,d u j + w i ts a + ʃ uː,,hindukush,,,^ d u j _ w i t͡s a _ ʃ uː $,default,
xvi-Numerals-47-1,,xvi,Numerals-47,duj wit͡sa soːt,duj_wit͡sa_soːt,d u j + w i ts a + s oː t,,hindukush,,,^ d u j _ w i t͡s a _ s oː t $,default,
xvi-Numerals-48-1,,xvi,Numerals-48,duj wit͡sa oːʃt,duj_wit͡sa_oːʃt,d u j + w i ts a + oː ʃ t,,hindukush,,,^ d u j _ w i t͡s a _ oː ʃ t $,default,
xvi-Numerals-49-1,,xvi,Numerals-49,duj wit͡sa nu,duj_wit͡sa_nu,d u j + w i ts a + n u,,hindukush,,,^ d u j _ w i t͡s a _ n u $,default,
xvi-Numerals-50-1,,xvi,Numerals-50,duj wit͡sa dut͡s,duj_wit͡sa_dut͡s,d u j + w i ts a + d u ts,,hindukush,,,^ d u j _ w i t͡s a _ d u t͡s $,default,
xvi-Numerals-60-1,,xvi,Numerals-60,treː wit͡si,treː_wit͡si,t r eː + w i ts i,,hindukush,,,^ t r eː _ w i t͡s i $,default,
xvi-Numerals-70-1,,xvi,Numerals-70,treː wit͡sa dut͡s,treː_wit͡sa_dut͡s,t r eː + w i ts a + d u ts,,hindukush,,,^ t r eː _ w i t͡s a _ d u t͡s $,default,
xvi-Numerals-80-1,,xvi,Numerals-80,ʃtɑː wit͡si,ʃtɑː_wit͡si,ʃ t ɑː + w i ts i,,hindukush,,,^ ʃ t ɑː _ w i t͡s i $,default,
xvi-Numerals-90-1,,xvi,Numerals-90,ʃtɑː wit͡sa dut͡s,ʃtɑː_wit͡sa_dut͡s,ʃ t ɑː + w i ts a + d u ts,,hindukush,,,^ ʃ t ɑː _ w i t͡s a _ d u t͡s $,default,
xvi-Numerals-100-1,,xvi,Numerals-100,put͡si,put͡si,p u ts i,,hindukush,,,^ p u t͡s i $,default,
xvi-Numerals-110-1,,xvi,Numerals-110,put͡sa dut͡s,put͡sa_dut͡s,p u ts a + d u ts,,hindukush,,,^ p u t͡s a _ d u t͡s $,default,
xvi-Numerals-120-1,,xvi,Numerals-120,ʃuː wit͡si,ʃuː_wit͡si,ʃ uː + w i ts i,,hindukush,,,^ ʃ uː _ w i t͡s i $,default,
xvi-Numerals-200-1,,xvi,Numerals-200,dut͡si,dut͡si,d u ts i,,hindukush,,,^ d u t͡s i $,default,
xvi-Numerals-1000-1,,xvi,Numerals-1000,eː aːzər,eː_aːzər,eː + aː z ə r,,hindukush,,,^ eː _ aː z ə r $,default,
kas_i-Numerals-1-1,,kas_i,Numerals-1,akʰ,akʰ,a kʰ,,hindukush,,,^ a kʰ $,default,
kas_i-Numerals-2-1,,kas_i,Numerals-2,zɨ,zɨ,z ɨ,,hindukush,,,^ z ɨ $,default,
kas_i-Numerals-3-1,,kas_i,Numerals-3,tre,tre,t r e,,hindukush,,,^ t r e $,default,
kas_i-Numerals-4-1,,kas_i,Numerals-4,t͡sɔːr,t͡sɔːr,ts ɔː r,,hindukush,,,^ t͡s ɔː r $,default,
kas_i-Numerals-5-1,,kas_i,Numerals-5,pãːt͡s,pãːt͡s,p ãː ts,,hindukush,,,^ p ãː t͡s $,default,
kas_i-Numerals-6-1,,kas_i,Numerals-6,ʃʲe,ʃʲe,ʃʲ e,,hindukush,,,^ ʃʲ e $,default,
kas_i-Numerals-7-1,,kas_i,Numerals-7,satʰ,satʰ,s a tʰ,,hindukush,,,^ s a tʰ $,default,
kas_i-Numerals-8-1,,kas_i,Numerals-8,əːʈʰ,əːʈʰ,əː ʈʰ,,hindukush,,,^ əː ʈʰ $,default,
kas_i-Numerals-9-1,,kas_i,Numerals-9,naw,naw,n a w,,hindukush,,,^ n a w $,default,
kas_i-Numerals-10-1,,kas_i,Numerals-10,dah,dah,d a h,,hindukush,,,^ d a h $,default,
kas_i-Numerals-11-1,,kas_i,Numerals-11,kah,kah,k a h,,hindukush,,,^ k a h $,default,
kas_i-Numerals-12-1,,kas_i,Numerals-12,bah,bah,b a h,,hindukush,,,^ b a h $,default,
kas_i-Numerals-13-1,,kas_i,Numerals-13,truːwah,truːwah,t r uː w a h,,hindukush,,,^ t r uː w a h $,default,
kas_i-Numerals-14-1,,kas_i,Numerals-14,t͡sɔːdah,t͡sɔːdah,ts ɔː d a h,,hindukush,,,^ t͡s ɔː d a h $,default,
kas_i-Numerals-15-1,,kas_i,Numerals-15,pandah,pandah,p a n d a h,,hindukush,,,^ p a n d a h $,default,
kas_i-Numerals-16-1,,kas_i,Numerals-16,ʃurah,ʃurah,ʃ u r a h,,hindukush,,,^ ʃ u r a h $,default,
kas_i-Numerals-17-1,,kas_i,Numerals-17,sadah,sadah,s a d a h,,hindukush,,,^ s a d a h $,default,
kas_i-Numerals-18-1,,kas_i,Numerals-18,ardah,ardah,a r d a h,,hindukush,,,^ a r d a h $,default,
kas_i-Numerals-19-1,,kas_i,Numerals-19,kunwuh,kunwuh,k u nʷ u h,,hindukush,,,^ k u nw u h $,default,
kas_i-Numerals-20-1,,kas_i,Numerals-20,wuh,wuh,w u h,,hindukush,,,^ w u h $,default,
kas_i-Numerals-21-1,,kas_i,Numerals-21,akwuh,akwuh,a k w u h,,hindukush,,,^ a kw u h $,default,
kas_i-Numerals-22-1,,kas_i,Numerals-22,zɨtoːwuh,zɨtoːwuh,z ɨ t oː w u h,,hindukush,,,^ z ɨ t oː w u h $,default,
kas_i-Numerals-23-1,,kas_i,Numerals-23,troːwuh,troːwuh,t r oː w u h,,hindukush,,,^ t r oː w u h $,default,
kas_i-Numerals-24-1,,kas_i,Numerals-24,t͡soːwuh,t͡soːwuh,ts oː w u h,,hindukush,,,^ t͡s oː w u h $,default,
kas_i-Numerals-25-1,,kas_i,Numerals-25,pɨnt͡səh,pɨnt͡səh,p ɨ n ts ə h,,hindukush,,,^ p ɨ n t͡s ə h $,default,
kas_i-Numerals-26-1,,kas_i,Numerals-26,ʃatwuh,ʃatwuh,ʃ a t w u h,,hindukush,,,^ ʃ a tw u h $,default,
kas_i-Numerals-27-1,,kas_i,Numerals-27,satoːwuh,satoːwuh,s a t oː w u h,,hindukush,,,^ s a t oː w u h $,default,
kas_i-Numerals-28-1,,kas_i,Numerals-28,aʈʰoːwuh,aʈʰoːwuh,a ʈʰ oː w u h,,hindukush,,,^ a ʈʰ oː w u h $,default,
kas_i-Numerals-29-1,,kas_i,Numerals-29,kuntrɨh,kuntrɨh,k u n t r ɨ h,,hindukush,,,^ k u n t r ɨ h $,default,
kas_i-Numerals-30-1,,kas_i,Numerals-30,trɨh,trɨh,t r ɨ h,,hindukush,,,^ t r ɨ h $,default,
kas_i-Numerals-31-1,,kas_i,Numerals-31,aktrɨh,aktrɨh,a k t r ɨ h,,hindukush,,,^ a k t r ɨ h $,default,
kas_i-Numerals-32-1,,kas_i,Numerals-32,dɔjtrɨh,dɔjtrɨh,d ɔ j t r ɨ h,,hindukush,,,^ d ɔ j t r ɨ h $,default,
kas_i-Numerals-33-1,,kas_i,Numerals-33,treː trɨh,treː_trɨh,t r eː + t r ɨ h,,hindukush,,,^ t r eː _ t r ɨ h $,default,
kas_i-Numerals-34-1,,kas_i,Numerals-34,t͡sɔj trɨh,t͡sɔj_trɨh,ts ɔ j + t r ɨ h,,hindukush,,,^ t͡s ɔ j _ t r ɨ h $,default,
kas_i-Numerals-35-1,,kas_i,Numerals-35,pãːt͡s trɨh,pãːt͡s_trɨh,p ãː ts + t r ɨ h,,hindukush,,,^ p ãː t͡s _ t r ɨ h $,default,
kas_i-Numerals-36-1,,kas_i,Numerals-36,ʃej trɨh,ʃej_trɨh,ʃ e j + t r ɨ h,,hindukush,,,^ ʃ e j _ t r ɨ h $,default,
kas_i-Numerals-37-1,,kas_i,Numerals-37,sat trɨh,sat_trɨh,s a t + t r ɨ h,,hindukush,,,^ s a t _ t r ɨ h $,default,
kas_i-Numerals-38-1,,kas_i,Numerals-38,ar trɨh,ar_trɨh,a r + t r ɨ h,,hindukush,,,^ a r _ t r ɨ h $,default,
kas_i-Numerals-39-1,,kas_i,Numerals-39,kuntəːd͡ʒi,kuntəːd͡ʒi,k u n t əː dʒ i,,hindukush,,,^ k u n t əː d͡ʒ i $,default,
kas_i-Numerals-40-1,,kas_i,Numerals-40,t͡sadd͡ʒi,t͡sadd͡ʒi,ts a dː <<͡>> ʒ i,,hindukush,,,^ t͡s a dd <͡> ʒ i $,default,
kas_i-Numerals-41-1,,kas_i,Numerals-41,aktəːd͡ʒi,aktəːd͡ʒi,a k t əː dʒ i,,hindukush,,,^ a k t əː d͡ʒ i $,default,
kas_i-Numerals-42-1,,kas_i,Numerals-42,dɔjtəːd͡ʒi,dɔjtəːd͡ʒi,d ɔ j t əː dʒ i,,hindukush,,,^ d ɔ j t əː d͡ʒ i $,default,
kas_i-Numerals-43-1,,kas_i,Numerals-43,teːtəːd͡ʒi,teːtəːd͡ʒi,t eː t əː dʒ i,,hindukush,,,^ t eː t əː d͡ʒ i $,default,
kas_i-Numerals-44-1,,kas_i,Numerals-44,t͡sɔjtəːd͡ʒi,t͡sɔjtəːd͡ʒi,ts ɔ j t əː dʒ i,,hindukush,,,^ t͡s ɔ j t əː d͡ʒ i $,default,
kas_i-Numerals-45-1,,kas_i,Numerals-45,pãːt͡stəːd͡ʒi,pãːt͡stəːd͡ʒi,p ãː ts t əː dʒ i,,hindukush,,,^ p ãː t͡s t əː d͡ʒ i $,default,
kas_i-Numerals-46-1,,kas_i,Numerals-46,ʃeːtəːd͡ʒi,ʃeːtəːd͡ʒi,ʃ eː t əː dʒ i,,hindukush,,,^ ʃ eː t əː d͡ʒ i $,default,
kas_i-Numerals-47-1,,kas_i,Numerals-47,sattəːd͡ʒih,sattəːd͡ʒih,s a tː əː dʒ i h,,hindukush,,,^ s a tt əː d͡ʒ i h $,default,
kas_i-Numerals-48-1,,kas_i,Numerals-48,artəːd͡ʒih,artəːd͡ʒih,a r t əː dʒ i h,,hindukush,,,^ a r t əː d͡ʒ i h $,default,
kas_i-Numerals-49-1,,kas_i,Numerals-49,kunwanzah,kunwanzah,k u nʷ a n z a h,,hindukush,,,^ k u nw a n z a h $,default,
kas_i-Numerals-50-1,,kas_i,Numerals-50,pant͡sah,pant͡sah,p a n ts a h,,hindukush,,,^ p a n t͡s a h $,default,
kas_i-Numerals-60-1,,kas_i,Numerals-60,ʃʲeːʈʰ,ʃʲeːʈʰ,ʃʲ eː ʈʰ,,hindukush,,,^ ʃʲ eː ʈʰ $,default,
kas_i-Numerals-70-1,,kas_i,Numerals-70,satatʰ,satatʰ,s a t a tʰ,,hindukush,,,^ s a t a tʰ $,default,
kas_i-Numerals-80-1,,kas_i,Numerals-80,ʃiːtʰ,ʃiːtʰ,ʃ iː tʰ,,hindukush,,,^ ʃ iː tʰ $,default,
kas_i-Numerals-90-1,,kas_i,Numerals-90,namat,namat,n a m a t,,hindukush,,,^ n a m a t $,default,
kas_i-Numerals-100-1,,kas_i,Numerals-100,hatʰ,hatʰ,h a tʰ,,hindukush,,,^ h a tʰ $,default,
kas_i-Numerals-110-1,,kas_i,Numerals-110,akʰhatʰ dah,akʰhatʰ_dah,a kʰ h a tʰ + d a h,,hindukush,,,^ a kʰh a tʰ _ d a h $,default,
kas_i-Numerals-120-1,,kas_i,Numerals-120,akʰhatʰ wuh,akʰhatʰ_wuh,a kʰ h a tʰ + w u h,,hindukush,,,^ a kʰh a tʰ _ w u h $,default,
kas_i-Numerals-200-1,,kas_i,Numerals-200,zɨ hatʰ,zɨ_hatʰ,z ɨ + h a tʰ,,hindukush,,,^ z ɨ _ h a tʰ $,default,
kas_i-Numerals-1000-1,,kas_i,Numerals-1000,saːs,saːs,s aː s,,hindukush,,,^ s aː s $,default,
kas_p-Numerals-1-1,,kas_p,Numerals-1,akʰ,akʰ,a kʰ,,hindukush,,,^ a kʰ $,default,
kas_p-Numerals-2-1,,kas_p,Numerals-2,zɨ,zɨ,z ɨ,,hindukush,,,^ z ɨ $,default,
kas_p-Numerals-3-1,,kas_p,Numerals-3,tre,tre,t r e,,hindukush,,,^ t r e $,default,
kas_p-Numerals-4-1,,kas_p,Numerals-4,t͡sɔːr,t͡sɔːr,ts ɔː r,,hindukush,,,^ t͡s ɔː r $,default,
kas_p-Numerals-5-1,,kas_p,Numerals-5,pãːt͡sʰ,pãːt͡sʰ,p ãː tsʰ,,hindukush,,,^ p ãː t͡sʰ $,default,
kas_p-Numerals-6-1,,kas_p,Numerals-6,ʃe,ʃe,ʃ e,,hindukush,,,^ ʃ e $,default,
kas_p-Numerals-7-1,,kas_p,Numerals-7,satʰ,satʰ,s a tʰ,,hindukush,,,^ s a tʰ $,default,
kas_p-Numerals-8-1,,kas_p,Numerals-8,əːʈ,əːʈ,əː ʈ,,hindukush,,,^ əː ʈ $,default,
kas_p-Numerals-9-1,,kas_p,Numerals-9,naw,naw,n a w,,hindukush,,,^ n a w $,default,
kas_p-Numerals-10-1,,kas_p,Numerals-10,dah,dah,d a h,,hindukush,,,^ d a h $,default,
kas_p-Numerals-11-1,,kas_p,Numerals-11,kah,kah,k a h,,hindukush,,,^ k a h $,default,
kas_p-Numerals-12-1,,kas_p,Numerals-12,bah,bah,b a h,,hindukush,,,^ b a h $,default,
kas_p-Numerals-13-1,,kas_p,Numerals-13,trowah,trowah,t r o w a h,,hindukush,,,^ t r o w a h $,default,
kas_p-Numerals-14-1,,kas_p,Numerals-14,t͡sodah,t͡sodah,ts o d a h,,hindukush,,,^ t͡s o d a h $,default,
kas_p-Numerals-15-1,,kas_p,Numerals-15,pandah,pandah,p a n d a h,,hindukush,,,^ p a n d a h $,default,
kas_p-Numerals-16-1,,kas_p,Numerals-16,ʃɔɽah,ʃɔɽah,ʃ ɔ ɽ a h,,hindukush,,,^ ʃ ɔ ɽ a h $,default,
kas_p-Numerals-17-1,,kas_p,Numerals-17,sədah,sədah,s ə d a h,,hindukush,,,^ s ə d a h $,default,
kas_p-Numerals-18-1,,kas_p,Numerals-18,aɽdah,aɽdah,a ɽ d a h,,hindukush,,,^ a ɽ d a h $,default,
kas_p-Numerals-19-1,,kas_p,Numerals-19,konwuh,konwuh,k o nʷ u h,,hindukush,,,^ k o nw u h $,default,
kas_p-Numerals-20-1,,kas_p,Numerals-20,wuh,wuh,w u h,,hindukush,,,^ w u h $,default,
kas_p-Numerals-21-1,,kas_p,Numerals-21,akwuh,akwuh,a k w u h,,hindukush,,,^ a kw u h $,default,
kas_p-Numerals-22-1,,kas_p,Numerals-22,zətawuh,zətawuh,z ə t a w u h,,hindukush,,,^ z ə t a w u h $,default,
kas_p-Numerals-23-1,,kas_p,Numerals-23,triwuh,triwuh,t r i w u h,,hindukush,,,^ t r i w u h $,default,
kas_p-Numerals-24-1,,kas_p,Numerals-24,t͡suwuh,t͡suwuh,ts u w u h,,hindukush,,,^ t͡s u w u h $,default,
kas_p-Numerals-25-1,,kas_p,Numerals-25,pɨːnt͡səh,pɨːnt͡səh,p ɨː n ts ə h,,hindukush,,,^ p ɨː n t͡s ə h $,default,
kas_p-Numerals-26-1,,kas_p,Numerals-26,ʃetwuh,ʃetwuh,ʃ e t w u h,,hindukush,,,^ ʃ e tw u h $,default,
kas_p-Numerals-27-1,,kas_p,Numerals-27,sətɨwuh,sətɨwuh,s ə t ɨ w u h,,hindukush,,,^ s ə t ɨ w u h $,default,
kas_p-Numerals-28-1,,kas_p,Numerals-28,aʈʰəwuh,aʈʰəwuh,a ʈʰ ə w u h,,hindukush,,,^ a ʈʰ ə w u h $,default,
kas_p-Numerals-29-1,,kas_p,Numerals-29,kontrɨh,kontrɨh,k o n t r ɨ h,,hindukush,,,^ k o n t r ɨ h $,default,
kas_p-Numerals-30-1,,kas_p,Numerals-30,trɨh,trɨh,t r ɨ h,,hindukush,,,^ t r ɨ h $,default,
kas_p-Numerals-31-1,,kas_p,Numerals-31,aktrɨh,aktrɨh,a k t r ɨ h,,hindukush,,,^ a k t r ɨ h $,default,
kas_p-Numerals-32-1,,kas_p,Numerals-32,dojtrɨh,dojtrɨh,d o j t r ɨ h,,hindukush,,,^ d o j t r ɨ h $,default,
kas_p-Numerals-33-1,,kas_p,Numerals-33,tiː trɨh,tiː_trɨh,t iː + t r ɨ h,,hindukush,,,^ t iː _ t r ɨ h $,default,
kas_p-Numerals-34-1,,kas_p,Numerals-34,t͡soj trɨh,t͡soj_trɨh,ts o j + t r ɨ h,,hindukush,,,^ t͡s o j _ t r ɨ h $,default,
kas_p-Numerals-35-1,,kas_p,Numerals-35,pãːt͡s trɨh,pãːt͡s_trɨh,p ãː ts + t r ɨ h,,hindukush,,,^ p ãː t͡s _ t r ɨ h $,default,
kas_p-Numerals-36-1,,kas_p,Numerals-36,ʃej trɨh,ʃej_trɨh,ʃ e j + t r ɨ h,,hindukush,,,^ ʃ e j _ t r ɨ h $,default,
kas_p-Numerals-37-1,,kas_p,Numerals-37,satə trɨh,satə_trɨh,s a t ə + t r ɨ h,,hindukush,,,^ s a t ə _ t r ɨ h $,default,
kas_p-Numerals-38-1,,kas_p,Numerals-38,aɽ trɨh,aɽ_trɨh,a ɽ + t r ɨ h,,hindukush,,,^ a ɽ _ t r ɨ h $,default,
kas_p-Numerals-39-1,,kas_p,Numerals-39,kontɨd͡ʒih,kontɨd͡ʒih,k o n t ɨ dʒ i h,,hindukush,,,^ k o n t ɨ d͡ʒ i h $,default,
kas_p-Numerals-40-1,,kas_p,Numerals-40,t͡sadd͡ʒih,t͡sadd͡ʒih,ts a dː <<͡>> ʒ i h,,hindukush,,,^ t͡s a dd <͡> ʒ i h $,default,
kas_p-Numerals-41-1,,kas_p,Numerals-41,aktɨd͡ʒih,aktɨd͡ʒih,a k t ɨ dʒ i h,,hindukush,,,^ a k t ɨ d͡ʒ i h $,default,
kas_p-Numerals-42-1,,kas_p,Numerals-42,dojtɨd͡ʒih,dojtɨd͡ʒih,d o j t ɨ dʒ i h,,hindukush,,,^ d o j t ɨ d͡ʒ i h $,default,
kas_p-Numerals-43-1,,kas_p,Numerals-43,titɨd͡ʒih,titɨd͡ʒih,t i t ɨ dʒ i h,,hindukush,,,^ t i t ɨ d͡ʒ i h $,default,
kas_p-Numerals-44-1,,kas_p,Numerals-44,t͡sojtɨd͡ʒih,t͡sojtɨd͡ʒih,ts o j t ɨ dʒ i h,,hindukush,,,^ t͡s o j t ɨ d͡ʒ i h $,default,
kas_p-Numerals-45-1,,kas_p,Numerals-45,pãːt͡s tɨd͡ʒih,pãːt͡s_tɨd͡ʒih,p ãː ts + t ɨ dʒ i h,,hindukush,,,^ p ãː t͡s _ t ɨ d͡ʒ i h $,default,
kas_p-Numerals-46-1,,kas_p,Numerals-46,ʃej tɨd͡ʒih,ʃej_tɨd͡ʒih,ʃ e j + t ɨ dʒ i h,,hindukush,,,^ ʃ e j _ t ɨ d͡ʒ i h $,default,
kas_p-Numerals-47-1,,kas_p,Numerals-47,sat tɨd͡ʒih,sat_tɨd͡ʒih,s a t + t ɨ dʒ i h,,hindukush,,,^ s a t _ t ɨ d͡ʒ i h $,default,
kas_p-Numerals-48-1,,kas_p,Numerals-48,aɽ tɨd͡ʒih,aɽ_tɨd͡ʒih,a ɽ + t ɨ dʒ i h,,hindukush,,,^ a ɽ _ t ɨ d͡ʒ i h $,default,
kas_p-Numerals-49-1,,kas_p,Numerals-49,konwanzah,konwanzah,k o nʷ a n z a h,,hindukush,,,^ k o nw a n z a h $,default,
kas_p-Numerals-50-1,,kas_p,Numerals-50,pãːt͡sah,pãːt͡sah,p ãː ts a h,,hindukush,,,^ p ãː t͡s a h $,default,
kas_p-Numerals-60-1,,kas_p,Numerals-60,ʃeːʈʰ,ʃeːʈʰ,ʃ eː ʈʰ,,hindukush,,,^ ʃ eː ʈʰ $,default,
kas_p-Numerals-70-1,,kas_p,Numerals-70,satatʰ,satatʰ,s a t a tʰ,,hindukush,,,^ s a t a tʰ $,default,
kas_p-Numerals-80-1,,kas_p,Numerals-80,ʃiːtʰ,ʃiːtʰ,ʃ iː tʰ,,hindukush,,,^ ʃ iː tʰ $,default,
kas_p-Numerals-90-1,,kas_p,Numerals-90,namatʰ,namatʰ,n a m a tʰ,,hindukush,,,^ n a m a tʰ $,default,
kas_p-Numerals-100-1,,kas_p,Numerals-100,hatʰ,hatʰ,h a tʰ,,hindukush,,,^ h a tʰ $,default,
kas_p-Numerals-110-1,,kas_p,Numerals-110,akʰhatʰ tə dah,akʰhatʰ_tə_dah,a kʰ h a tʰ + t ə + d a h,,hindukush,,,^ a kʰh a tʰ _ t ə _ d a h $,default,
kas_p-Numerals-120-1,,kas_p,Numerals-120,akʰhatʰ tə wuh,akʰhatʰ_tə_wuh,a kʰ h a tʰ + t ə + w u h,,hindukush,,,^ a kʰh a tʰ _ t ə _ w u h $,default,
kas_p-Numerals-200-1,,kas_p,Numerals-200,zɨhatʰ,zɨhatʰ,z ɨ h a tʰ,,hindukush,,,^ z ɨ h a tʰ $,default,
kas_p-Numerals-1000-1,,kas_p,Numerals-1000,saːs,saːs,s aː s,,hindukush,,,^ s aː s $,default,
bsh_e-Numerals-1-1,,bsh_e,Numerals-1,ew,ew,e w,,hindukush,,,^ e w $,default,
bsh_e-Numerals-2-1,,bsh_e,Numerals-2,duj,duj,d u j,,hindukush,,,^ d u j $,default,
bsh_e-Numerals-3-1,,bsh_e,Numerals-3,təra,təra,t ə r a,,hindukush,,,^ t ə r a $,default,
bsh_e-Numerals-4-1,,bsh_e,Numerals-4,ʃtawɑː,ʃtawɑː,ʃ t a w ɑː,,hindukush,,,^ ʃ t a w ɑː $,default,
bsh_e-Numerals-5-1,,bsh_e,Numerals-5,put͡ʃ,put͡ʃ,p u tʃ,,hindukush,,,^ p u t͡ʃ $,default,
bsh_e-Numerals-6-1,,bsh_e,Numerals-6,ʂu,ʂu,ʂ u,,hindukush,,,^ ʂ u $,default,
bsh_e-Numerals-7-1,,bsh_e,Numerals-7,sut,sut,s u t,,hindukush,,,^ s u t $,default,
bsh_e-Numerals-8-1,,bsh_e,Numerals-8,uʃt,uʃt,u ʃ t,,hindukush,,,^ u ʃ t $,default,
bsh_e-Numerals-9-1,,bsh_e,Numerals-9,nuː,nuː,n uː,,hindukush,,,^ n uː $,default,
bsh_e-Numerals-10-1,,bsh_e,Numerals-10,dut͡s,dut͡s,d u ts,,hindukush,,,^ d u t͡s $,default,
bsh_e-Numerals-11-1,,bsh_e,Numerals-11,janit͡s,janit͡s,j a n i ts,,hindukush,,,^ j a n i t͡s $,default,
bsh_e-Numerals-12-1,,bsh_e,Numerals-12,dit͡s,dit͡s,d i ts,,hindukush,,,^ d i t͡s $,default,
bsh_e-Numerals-13-1,,bsh_e,Numerals-13,tərit͡s,tərit͡s,t ə r i ts,,hindukush,,,^ t ə r i t͡s $,default,
bsh_e-Numerals-14-1,,bsh_e,Numerals-14,ʃturit͡s,ʃturit͡s,ʃ t u r i ts,,hindukush,,,^ ʃ t u r i t͡s $,default,
bsh_e-Numerals-15-1,,bsh_e,Numerals-15,pət͡ʃit͡s,pət͡ʃit͡s,p ə tʃ i ts,,hindukush,,,^ p ə t͡ʃ i t͡s $,default,
bsh_e-Numerals-16-1,,bsh_e,Numerals-16,ʂat͡s,ʂat͡s,ʂ a ts,,hindukush,,,^ ʂ a t͡s $,default,
bsh_e-Numerals-17-1,,bsh_e,Numerals-17,sətit͡s,sətit͡s,s ə t i ts,,hindukush,,,^ s ə t i t͡s $,default,
bsh_e-Numerals-18-1,,bsh_e,Numerals-18,ʂʈit͡s,ʂʈit͡s,ʂ ʈ i ts,,hindukush,,,^ ʂ ʈ i t͡s $,default,
bsh_e-Numerals-19-1,,bsh_e,Numerals-19,nat͡s,nat͡s,n a ts,,hindukush,,,^ n a t͡s $,default,
bsh_e-Numerals-20-1,,bsh_e,Numerals-20,wat͡səː,wat͡səː,w a ts əː,,hindukush,,,^ w a t͡s əː $,default,
bsh_e-Numerals-21-1,,bsh_e,Numerals-21,wat͡səː ew,wat͡səː_ew,w a ts əː + e w,,hindukush,,,^ w a t͡s əː _ e w $,default,
bsh_e-Numerals-22-1,,bsh_e,Numerals-22,wat͡səː duj,wat͡səː_duj,w a ts əː + d u j,,hindukush,,,^ w a t͡s əː _ d u j $,default,
bsh_e-Numerals-23-1,,bsh_e,Numerals-23,wat͡səː təra,wat͡səː_təra,w a ts əː + t ə r a,,hindukush,,,^ w a t͡s əː _ t ə r a $,default,
bsh_e-Numerals-24-1,,bsh_e,Numerals-24,wat͡səː ʃtawɑː,wat͡səː_ʃtawɑː,w a ts əː + ʃ t a w ɑː,,hindukush,,,^ w a t͡s əː _ ʃ t a w ɑː $,default,
bsh_e-Numerals-25-1,,bsh_e,Numerals-25,wat͡səː put͡ʃ,wat͡səː_put͡ʃ,w a ts əː + p u tʃ,,hindukush,,,^ w a t͡s əː _ p u t͡ʃ $,default,
bsh_e-Numerals-26-1,,bsh_e,Numerals-26,wat͡səː ʂu,wat͡səː_ʂu,w a ts əː + ʂ u,,hindukush,,,^ w a t͡s əː _ ʂ u $,default,
bsh_e-Numerals-27-1,,bsh_e,Numerals-27,wat͡səː sut,wat͡səː_sut,w a ts əː + s u t,,hindukush,,,^ w a t͡s əː _ s u t $,default,
bsh_e-Numerals-28-1,,bsh_e,Numerals-28,wat͡səː uʃt,wat͡səː_uʃt,w a ts əː + u ʃ t,,hindukush,,,^ w a t͡s əː _ u ʃ t $,default,
bsh_e-Numerals-29-1,,bsh_e,Numerals-29,wat͡səː nuː,wat͡səː_nuː,w a ts əː + n uː,,hindukush,,,^ w a t͡s əː _ n uː $,default,
bsh_e-Numerals-30-1,,bsh_e,Numerals-30,wat͡səː dut͡s,wat͡səː_dut͡s,w a ts əː + d u ts,,hindukush,,,^ w a t͡s əː _ d u t͡s $,default,
bsh_e-Numerals-31-1,,bsh_e,Numerals-31,wat͡səː janit͡s,wat͡səː_janit͡s,w a ts əː + j a n i ts,,hindukush,,,^ w a t͡s əː _ j a n i t͡s $,default,
bsh_e-Numerals-32-1,,bsh_e,Numerals-32,wat͡səː dit͡s,wat͡səː_dit͡s,w a ts əː + d i ts,,hindukush,,,^ w a t͡s əː _ d i t͡s $,default,
bsh_e-Numerals-33-1,,bsh_e,Numerals-33,wat͡səː tərit͡s,wat͡səː_tərit͡s,w a ts əː + t ə r i ts,,hindukush,,,^ w a t͡s əː _ t ə r i t͡s $,default,
bsh_e-Numerals-34-1,,bsh_e,Numerals-34,wat͡səː ʃturit͡s,wat͡səː_ʃturit͡s,w a ts əː + ʃ t u r i ts,,hindukush,,,^ w a t͡s əː _ ʃ t u r i t͡s $,default,
bsh_e-Numerals-35-1,,bsh_e,Numerals-35,wat͡səː pət͡ʃit͡s,wat͡səː_pət͡ʃit͡s,w a ts əː + p ə tʃ i ts,,hindukush,,,^ w a t͡s əː _ p ə t͡ʃ i t͡s $,default,
bsh_e-Numerals-36-1,,bsh_e,Numerals-36,wat͡səː ʂat͡s,wat͡səː_ʂat͡s,w a ts əː + ʂ a ts,,hindukush,,,^ w a t͡s əː _ ʂ a t͡s $,default,
bsh_e-Numerals-37-1,,bsh_e,Numerals-37,wat͡səː sətit͡s,wat͡səː_sətit͡s,w a ts əː + s ə t i ts,,hindukush,,,^ w a t͡s əː _ s ə t i t͡s $,default,
bsh_e-Numerals-38-1,,bsh_e,Numerals-38,wat͡səː ʂʈit͡s,wat͡səː_ʂʈit͡s,w a ts əː + ʂ ʈ i ts,,hindukush,,,^ w a t͡s əː _ ʂ ʈ i t͡s $,default,
bsh_e-Numerals-39-1,,bsh_e,Numerals-39,wat͡səː nat͡s,wat͡səː_nat͡s,w a ts əː + n a ts,,hindukush,,,^ w a t͡s əː _ n a t͡s $,default,
bsh_e-Numerals-40-1,,bsh_e,Numerals-40,duj wat͡səː,duj_wat͡səː,d u j + w a ts əː,,hindukush,,,^ d u j _ w a t͡s əː $,default,
bsh_e-Numerals-41-1,,bsh_e,Numerals-41,duj wat͡səː ew,duj_wat͡səː_ew,d u j + w a ts əː + e w,,hindukush,,,^ d u j _ w a t͡s əː _ e w $,default,
bsh_e-Numerals-42-1,,bsh_e,Numerals-42,duj wat͡səː duj,duj_wat͡səː_duj,d u j + w a ts əː + d u j,,hindukush,,,^ d u j _ w a t͡s əː _ d u j $,default,
bsh_e-Numerals-43-1,,bsh_e,Numerals-43,duj wat͡səː təra,duj_wat͡səː_təra,d u j + w a ts əː + t ə r a,,hindukush,,,^ d u j _ w a t͡s əː _ t ə r a $,default,
bsh_e-Numerals-44-1,,bsh_e,Numerals-44,duj wat͡səː ʃtawɑː,duj_wat͡səː_ʃtawɑː,d u j + w a ts əː + ʃ t a w ɑː,,hindukush,,,^ d u j _ w a t͡s əː _ ʃ t a w ɑː $,default,
bsh_e-Numerals-45-1,,bsh_e,Numerals-45,duj wat͡səː put͡ʃ,duj_wat͡səː_put͡ʃ,d u j + w a ts əː + p u tʃ,,hindukush,,,^ d u j _ w a t͡s əː _ p u t͡ʃ $,default,
bsh_e-Numerals-46-1,,bsh_e,Numerals-46,duj wat͡səː ʂu,duj_wat͡səː_ʂu,d u j + w a ts əː + ʂ u,,hindukush,,,^ d u j _ w a t͡s əː _ ʂ u $,default,
bsh_e-Numerals-47-1,,bsh_e,Numerals-47,duj wat͡səː sut,duj_wat͡səː_sut,d u j + w a ts əː + s u t,,hindukush,,,^ d u j _ w a t͡s əː _ s u t $,default,
bsh_e-Numerals-48-1,,bsh_e,Numerals-48,duj wat͡səː uʃt,duj_wat͡səː_uʃt,d u j + w a ts əː + u ʃ t,,hindukush,,,^ d u j _ w a t͡s əː _ u ʃ t $,default,
bsh_e-Numerals-49-1,,bsh_e,Numerals-49,duj wat͡səː nuː,duj_wat͡səː_nuː,d u j + w a ts əː + n uː,,hindukush,,,^ d u j _ w a t͡s əː _ n uː $,default,
bsh_e-Numerals-50-1,,bsh_e,Numerals-50,duj wat͡səː dut͡s,duj_wat͡səː_dut͡s,d u j + w a ts əː + d u ts,,hindukush,,,^ d u j _ w a t͡s əː _ d u t͡s $,default,
bsh_e-Numerals-60-1,,bsh_e,Numerals-60,tərat͡səː,tərat͡səː,t ə r a ts əː,,hindukush,,,^ t ə r a t͡s əː $,default,
bsh_e-Numerals-70-1,,bsh_e,Numerals-70,tərat͡səː dut͡s,tərat͡səː_dut͡s,t ə r a ts əː + d u ts,,hindukush,,,^ t ə r a t͡s əː _ d u t͡s $,default,
bsh_e-Numerals-80-1,,bsh_e,Numerals-80,ʃtawɑːt͡səː,ʃtawɑːt͡səː,ʃ t a w ɑː ts əː,,hindukush,,,^ ʃ t a w ɑː t͡s əː $,default,
bsh_e-Numerals-90-1,,bsh_e,Numerals-90,ʃtawɑːt͡səː dut͡s,ʃtawɑːt͡səː_dut͡s,ʃ t a w ɑː ts əː + d u ts,,hindukush,,,^ ʃ t a w ɑː t͡s əː _ d u t͡s $,default,
bsh_e-Numerals-100-1,,bsh_e,Numerals-100,pud͡ʒiwat͡səː,pud͡ʒiwat͡səː,p u dʒ i w a ts əː,,hindukush,,,^ p u d͡ʒ i w a t͡s əː $,default,
bsh_e-Numerals-110-1,,bsh_e,Numerals-110,pud͡ʒiwat͡səː dut͡s,pud͡ʒiwat͡səː_dut͡s,p u dʒ i w a ts əː + d u ts,,hindukush,,,^ p u d͡ʒ i w a t͡s əː _ d u t͡s $,default,
bsh_e-Numerals-120-1,,bsh_e,Numerals-120,ʂuwat͡səː,ʂuwat͡səː,ʂ u w a ts əː,,hindukush,,,^ ʂ u w a t͡s əː $,default,
bsh_e-Numerals-200-1,,bsh_e,Numerals-200,dut͡suwat͡səː,dut͡suwat͡səː,d u ts u w a ts əː,,hindukush,,,^ d u t͡s u w a t͡s əː $,default,
bsh_e-Numerals-1000-1,,bsh_e,Numerals-1000,puχta azɑːr,puχta_azɑːr,p u χ t a + a z ɑː r,,hindukush,,,^ p u χ t a _ a z ɑː r $,default,
bsh_w-Numerals-1-1,,bsh_w,Numerals-1,ew,ew,e w,,hindukush,,,^ e w $,default,
bsh_w-Numerals-2-1,,bsh_w,Numerals-2,djuː,djuː,d j uː,,hindukush,,,^ d j uː $,default,
bsh_w-Numerals-3-1,,bsh_w,Numerals-3,tra,tra,t r a,,hindukush,,,^ t r a $,default,
bsh_w-Numerals-4-1,,bsh_w,Numerals-4,ʃtwɑː,ʃtwɑː,ʃ t w ɑː,,hindukush,,,^ ʃ tw ɑː $,default,
bsh_w-Numerals-5-1,,bsh_w,Numerals-5,puːt͡ʃ,puːt͡ʃ,p uː tʃ,,hindukush,,,^ p uː t͡ʃ $,default,
bsh_w-Numerals-6-1,,bsh_w,Numerals-6,ʂuː,ʂuː,ʂ uː,,hindukush,,,^ ʂ uː $,default,
bsh_w-Numerals-7-1,,bsh_w,Numerals-7,suːt,suːt,s uː t,,hindukush,,,^ s uː t $,default,
bsh_w-Numerals-8-1,,bsh_w,Numerals-8,oːʂt,oːʂt,oː ʂ t,,hindukush,,,^ oː ʂ t $,default,
bsh_w-Numerals-9-1,,bsh_w,Numerals-9,nuː,nuː,n uː,,hindukush,,,^ n uː $,default,
bsh_w-Numerals-10-1,,bsh_w,Numerals-10,duːt͡s,duːt͡s,d uː ts,,hindukush,,,^ d uː t͡s $,default,
bsh_w-Numerals-11-1,,bsh_w,Numerals-11,janiːt͡s,janiːt͡s,j a n iː ts,,hindukush,,,^ j a n iː t͡s $,default,
bsh_w-Numerals-12-1,,bsh_w,Numerals-12,diːt͡s,diːt͡s,d iː ts,,hindukush,,,^ d iː t͡s $,default,
bsh_w-Numerals-13-1,,bsh_w,Numerals-13,triːt͡s,triːt͡s,t r iː ts,,hindukush,,,^ t r iː t͡s $,default,
bsh_w-Numerals-14-1,,bsh_w,Numerals-14,ʃtreːt͡s,ʃtreːt͡s,ʃ t r eː ts,,hindukush,,,^ ʃ t r eː t͡s $,default,
bsh_w-Numerals-15-1,,bsh_w,Numerals-15,pət͡ʃiːt͡s,pət͡ʃiːt͡s,p ə tʃ iː ts,,hindukush,,,^ p ə t͡ʃ iː t͡s $,default,
bsh_w-Numerals-16-1,,bsh_w,Numerals-16,ʂaːt͡s,ʂaːt͡s,ʂ aː ts,,hindukush,,,^ ʂ aː t͡s $,default,
bsh_w-Numerals-17-1,,bsh_w,Numerals-17,ʂʈiːt͡s,ʂʈiːt͡s,ʂ ʈ iː ts,,hindukush,,,^ ʂ ʈ iː t͡s $,default,
bsh_w-Numerals-18-1,,bsh_w,Numerals-18,stiːt͡s,stiːt͡s,s t iː ts,,hindukush,,,^ s t iː t͡s $,default,
bsh_w-Numerals-19-1,,bsh_w,Numerals-19,naːt͡s,naːt͡s,n aː ts,,hindukush,,,^ n aː t͡s $,default,
bsh_w-Numerals-20-1,,bsh_w,Numerals-20,wat͡səː,wat͡səː,w a ts əː,,hindukush,,,^ w a t͡s əː $,default,
bsh_w-Numerals-21-1,,bsh_w,Numerals-21,wat͡sɑː ew,wat͡sɑː_ew,w a ts ɑː + e w,,hindukush,,,^ w a t͡s ɑː _ e w $,default,
bsh_w-Numerals-22-1,,bsh_w,Numerals-22,wat͡sɑː djuː,wat͡sɑː_djuː,w a ts ɑː + d j uː,,hindukush,,,^ w a t͡s ɑː _ d j uː $,default,
bsh_w-Numerals-23-1,,bsh_w,Numerals-23,wat͡sɑː tra,wat͡sɑː_tra,w a ts ɑː + t r a,,hindukush,,,^ w a t͡s ɑː _ t r a $,default,
bsh_w-Numerals-24-1,,bsh_w,Numerals-24,wat͡sɑː ʃtwɑː,wat͡sɑː_ʃtwɑː,w a ts ɑː + ʃ t w ɑː,,hindukush,,,^ w a t͡s ɑː _ ʃ tw ɑː $,default,
bsh_w-Numerals-25-1,,bsh_w,Numerals-25,wat͡sɑː puːt͡ʃ,wat͡sɑː_puːt͡ʃ,w a ts ɑː + p uː tʃ,,hindukush,,,^ w a t͡s ɑː _ p uː t͡ʃ $,default,
bsh_w-Numerals-26-1,,bsh_w,Numerals-26,wat͡sɑː ʂuː,wat͡sɑː_ʂuː,w a ts ɑː + ʂ uː,,hindukush,,,^ w a t͡s ɑː _ ʂ uː $,default,
bsh_w-Numerals-27-1,,bsh_w,Numerals-27,wat͡sɑː suːt,wat͡sɑː_suːt,w a ts ɑː + s uː t,,hindukush,,,^ w a t͡s ɑː _ s uː t $,default,
bsh_w-Numerals-28-1,,bsh_w,Numerals-28,wat͡sɑː oːʂt,wat͡sɑː_oːʂt,w a ts ɑː + oː ʂ t,,hindukush,,,^ w a t͡s ɑː _ oː ʂ t $,default,
bsh_w-Numerals-29-1,,bsh_w,Numerals-29,wat͡sɑː nuː,wat͡sɑː_nuː,w a ts ɑː + n uː,,hindukush,,,^ w a t͡s ɑː _ n uː $,default,
bsh_w-Numerals-30-1,,bsh_w,Numerals-30,wat͡sɑː duːt͡s,wat͡sɑː_duːt͡s,w a ts ɑː + d uː ts,,hindukush,,,^ w a t͡s ɑː _ d uː t͡s $,default,
bsh_w-Numerals-31-1,,bsh_w,Numerals-31,wat͡sɑː janiːt͡s,wat͡sɑː_janiːt͡s,w a ts ɑː + j a n iː ts,,hindukush,,,^ w a t͡s ɑː _ j a n iː t͡s $,default,
bsh_w-Numerals-32-1,,bsh_w,Numerals-32,wat͡sɑː diːt͡s,wat͡sɑː_diːt͡s,w a ts ɑː + d iː ts,,hindukush,,,^ w a t͡s ɑː _ d iː t͡s $,default,
bsh_w-Numerals-33-1,,bsh_w,Numerals-33,wat͡sɑː triːt͡s,wat͡sɑː_triːt͡s,w a ts ɑː + t r iː ts,,hindukush,,,^ w a t͡s ɑː _ t r iː t͡s $,default,
bsh_w-Numerals-34-1,,bsh_w,Numerals-34,wat͡sɑː ʃtreːt͡s,wat͡sɑː_ʃtreːt͡s,w a ts ɑː + ʃ t r eː ts,,hindukush,,,^ w a t͡s ɑː _ ʃ t r eː t͡s $,default,
bsh_w-Numerals-35-1,,bsh_w,Numerals-35,wat͡sɑː pət͡ʃiːt͡s,wat͡sɑː_pət͡ʃiːt͡s,w a ts ɑː + p ə tʃ iː ts,,hindukush,,,^ w a t͡s ɑː _ p ə t͡ʃ iː t͡s $,default,
bsh_w-Numerals-36-1,,bsh_w,Numerals-36,wat͡sɑː ʂaːt͡s,wat͡sɑː_ʂaːt͡s,w a ts ɑː + ʂ aː ts,,hindukush,,,^ w a t͡s ɑː _ ʂ aː t͡s $,default,
bsh_w-Numerals-37-1,,bsh_w,Numerals-37,wat͡sɑː ʂʈiːt͡s,wat͡sɑː_ʂʈiːt͡s,w a ts ɑː + ʂ ʈ iː ts,,hindukush,,,^ w a t͡s ɑː _ ʂ ʈ iː t͡s $,default,
bsh_w-Numerals-38-1,,bsh_w,Numerals-38,wat͡sɑː stiːt͡s,wat͡sɑː_stiːt͡s,w a ts ɑː + s t iː ts,,hindukush,,,^ w a t͡s ɑː _ s t iː t͡s $,default,
bsh_w-Numerals-39-1,,bsh_w,Numerals-39,wat͡sɑː naːt͡s,wat͡sɑː_naːt͡s,w a ts ɑː + n aː ts,,hindukush,,,^ w a t͡s ɑː _ n aː t͡s $,default,
bsh_w-Numerals-40-1,,bsh_w,Numerals-40,djuː wat͡səː,djuː_wat͡səː,d j uː + w a ts əː,,hindukush,,,^ d j uː _ w a t͡s əː $,default,
bsh_w-Numerals-41-1,,bsh_w,Numerals-41,djuː wat͡sɑː ew,djuː_wat͡sɑː_ew,d j uː + w a ts ɑː + e w,,hindukush,,,^ d j uː _ w a t͡s ɑː _ e w $,default,
bsh_w-Numerals-42-1,,bsh_w,Numerals-42,djuː wat͡sɑː djuː,djuː_wat͡sɑː_djuː,d j uː + w a ts ɑː + d j uː,,hindukush,,,^ d j uː _ w a t͡s ɑː _ d j uː $,default,
bsh_w-Numerals-43-1,,bsh_w,Numerals-43,djuː wat͡sɑː tra,djuː_wat͡sɑː_tra,d j uː + w a ts ɑː + t r a,,hindukush,,,^ d j uː _ w a t͡s ɑː _ t r a $,default,
bsh_w-Numerals-44-1,,bsh_w,Numerals-44,djuː wat͡sɑː ʃtwɑː,djuː_wat͡sɑː_ʃtwɑː,d j uː + w a ts ɑː + ʃ t w ɑː,,hindukush,,,^ d j uː _ w a t͡s ɑː _ ʃ tw ɑː $,default,
bsh_w-Numerals-45-1,,bsh_w,Numerals-45,djuː wat͡sɑː puːt͡ʃ,djuː_wat͡sɑː_puːt͡ʃ,d j uː + w a ts ɑː + p uː tʃ,,hindukush,,,^ d j uː _ w a t͡s ɑː _ p uː t͡ʃ $,default,
bsh_w-Numerals-46-1,,bsh_w,Numerals-46,djuː wat͡sɑː ʂuː,djuː_wat͡sɑː_ʂuː,d j uː + w a ts ɑː + ʂ uː,,hindukush,,,^ d j uː _ w a t͡s ɑː _ ʂ uː $,default,
bsh_w-Numerals-47-1,,bsh_w,Numerals-47,djuː wat͡sɑː suːt,djuː_wat͡sɑː_suːt,d j uː + w a ts ɑː + s uː t,,hindukush,,,^ d j uː _ w a t͡s ɑː _ s uː t $,default,
bsh_w-Numerals-48-1,,bsh_w,Numerals-48,djuː wat͡sɑː oːʂt,djuː_wat͡sɑː_oːʂt,d j uː + w a ts ɑː + oː ʂ t,,hindukush,,,^ d j uː _ w a t͡s ɑː _ oː ʂ t $,default,
bsh_w-Numerals-49-1,,bsh_w,Numerals-49,djuː wat͡sɑː nuː,djuː_wat͡sɑː_nuː,d j uː + w a ts ɑː + n uː,,hindukush,,,^ d j uː _ w a t͡s ɑː _ n uː $,default,
bsh_w-Numerals-50-1,,bsh_w,Numerals-50,djuː wat͡sɑː duːt͡s,djuː_wat͡sɑː_duːt͡s,d j uː + w a ts ɑː + d uː ts,,hindukush,,,^ d j uː _ w a t͡s ɑː _ d uː t͡s $,default,
bsh_w-Numerals-60-1,,bsh_w,Numerals-60,tra wat͡səː,tra_wat͡səː,t r a + w a ts əː,,hindukush,,,^ t r a _ w a t͡s əː $,default,
bsh_w-Numerals-70-1,,bsh_w,Numerals-70,tra wat͡sɑː dut͡s,tra_wat͡sɑː_dut͡s,t r a + w a ts ɑː + d u ts,,hindukush,,,^ t r a _ w a t͡s ɑː _ d u t͡s $,default,
bsh_w-Numerals-80-1,,bsh_w,Numerals-80,ʃtwɑː wat͡sɑː,ʃtwɑː_wat͡sɑː,ʃ t w ɑː + w a ts ɑː,,hindukush,,,^ ʃ tw ɑː _ w a t͡s ɑː $,default,
bsh_w-Numerals-90-1,,bsh_w,Numerals-90,ʃtwɑː wat͡səː duːt͡s,ʃtwɑː_wat͡səː_duːt͡s,ʃ t w ɑː + w a ts əː + d uː ts,,hindukush,,,^ ʃ tw ɑː _ w a t͡s əː _ d uː t͡s $,default,
bsh_w-Numerals-100-1,,bsh_w,Numerals-100,pud͡ʒi wat͡səː,pud͡ʒi_wat͡səː,p u dʒ i + w a ts əː,,hindukush,,,^ p u d͡ʒ i _ w a t͡s əː $,default,
bsh_w-Numerals-110-1,,bsh_w,Numerals-110,pud͡ʒi wat͡sɑː dut͡s,pud͡ʒi_wat͡sɑː_dut͡s,p u dʒ i + w a ts ɑː + d u ts,,hindukush,,,^ p u d͡ʒ i _ w a t͡s ɑː _ d u t͡s $,default,
bsh_w-Numerals-120-1,,bsh_w,Numerals-120,ʂuː wat͡səː,ʂuː_wat͡səː,ʂ uː + w a ts əː,,hindukush,,,^ ʂ uː _ w a t͡s əː $,default,
bsh_w-Numerals-1000-1,,bsh_w,Numerals-1000,hazɑːr,hazɑːr,h a z ɑː r,,hindukush,,,^ h a z ɑː r $,default,
khw-Numerals-2-1,,khw,Numerals-2,d͡ʒu,d͡ʒu,dʒ u,,hindukush,,,^ d͡ʒ u $,default,
khw-Numerals-3-1,,khw,Numerals-3,troj,troj,t r o j,,hindukush,,,^ t r o j $,default,
khw-Numerals-4-1,,khw,Numerals-4,t͡ʃoːr,t͡ʃoːr,tʃ oː r,,hindukush,,,^ t͡ʃ oː r $,default,
khw-Numerals-5-1,,khw,Numerals-5,põːt͡ʃ,põːt͡ʃ,p õː tʃ,,hindukush,,,^ p õː t͡ʃ $,default,
khw-Numerals-6-1,,khw,Numerals-6,ʈ͡ʂʰoj,ʈ͡ʂʰoj,ʈʂʰ o j,,hindukush,,,^ ʈ͡ʂʰ o j $,default,
khw-Numerals-7-1,,khw,Numerals-7,sot,sot,s o t,,hindukush,,,^ s o t $,default,
khw-Numerals-8-1,,khw,Numerals-8,oʃʈ,oʃʈ,o ʃ ʈ,,hindukush,,,^ o ʃ ʈ $,default,
khw-Numerals-9-1,,khw,Numerals-9,niof,niof,n i o f,,hindukush,,,^ n io f $,default,
khw-Numerals-10-1,,khw,Numerals-10,d͡ʒoʃ,d͡ʒoʃ,dʒ o ʃ,,hindukush,,,^ d͡ʒ o ʃ $,default,
khw-Numerals-11-1,,khw,Numerals-11,d͡ʒoʃ i,d͡ʒoʃ_i,dʒ o ʃ + i,,hindukush,,,^ d͡ʒ o ʃ _ i $,default,
khw-Numerals-12-1,,khw,Numerals-12,d͡ʒoʃ d͡ʒu,d͡ʒoʃ_d͡ʒu,dʒ o ʃ + dʒ u,,hindukush,,,^ d͡ʒ o ʃ _ d͡ʒ u $,default,
khw-Numerals-13-1,,khw,Numerals-13,d͡ʒoʃ troj,d͡ʒoʃ_troj,dʒ o ʃ + t r o j,,hindukush,,,^ d͡ʒ o ʃ _ t r o j $,default,
khw-Numerals-14-1,,khw,Numerals-14,d͡ʒoʃ t͡ʃoːr,d͡ʒoʃ_t͡ʃoːr,dʒ o ʃ + tʃ oː r,,hindukush,,,^ d͡ʒ o ʃ _ t͡ʃ oː r $,default,
khw-Numerals-15-1,,khw,Numerals-15,d͡ʒoʃ põːt͡ʃ,d͡ʒoʃ_põːt͡ʃ,dʒ o ʃ + p õː tʃ,,hindukush,,,^ d͡ʒ o ʃ _ p õː t͡ʃ $,default,
khw-Numerals-16-1,,khw,Numerals-16,d͡ʒoʃ ʈ͡ʂʰoj,d͡ʒoʃ_ʈ͡ʂʰoj,dʒ o ʃ + ʈʂʰ o j,,hindukush,,,^ d͡ʒ o ʃ _ ʈ͡ʂʰ o j $,default,
khw-Numerals-17-1,,khw,Numerals-17,d͡ʒoʃ sot,d͡ʒoʃ_sot,dʒ o ʃ + s o t,,hindukush,,,^ d͡ʒ o ʃ _ s o t $,default,
khw-Numerals-18-1,,khw,Numerals-18,d͡ʒoʃ oʃʈ,d͡ʒoʃ_oʃʈ,dʒ o ʃ + o ʃ ʈ,,hindukush,,,^ d͡ʒ o ʃ _ o ʃ ʈ $,default,
khw-Numerals-19-1,,khw,Numerals-19,d͡ʒoʃ niof,d͡ʒoʃ_niof,dʒ o ʃ + n i o f,,hindukush,,,^ d͡ʒ o ʃ _ n io f $,default,
khw-Numerals-20-1,,khw,Numerals-20,biʃir,biʃir,b i ʃ i r,,hindukush,,,^ b i ʃ i r $,default,
khw-Numerals-21-1,,khw,Numerals-21,biʃir i,biʃir_i,b i ʃ i r + i,,hindukush,,,^ b i ʃ i r _ i $,default,
khw-Numerals-22-1,,khw,Numerals-22,biʃir d͡ʒu,biʃir_d͡ʒu,b i ʃ i r + dʒ u,,hindukush,,,^ b i ʃ i r _ d͡ʒ u $,default,
khw-Numerals-23-1,,khw,Numerals-23,biʃir troj,biʃir_troj,b i ʃ i r + t r o j,,hindukush,,,^ b i ʃ i r _ t r o j $,default,
khw-Numerals-24-1,,khw,Numerals-24,biʃir t͡ʃoːr,biʃir_t͡ʃoːr,b i ʃ i r + tʃ oː r,,hindukush,,,^ b i ʃ i r _ t͡ʃ oː r $,default,
khw-Numerals-25-1,,khw,Numerals-25,biʃir põːt͡ʃ,biʃir_põːt͡ʃ,b i ʃ i r + p õː tʃ,,hindukush,,,^ b i ʃ i r _ p õː t͡ʃ $,default,
khw-Numerals-26-1,,khw,Numerals-26,biʃir ʈ͡ʂʰoj,biʃir_ʈ͡ʂʰoj,b i ʃ i r + ʈʂʰ o j,,hindukush,,,^ b i ʃ i r _ ʈ͡ʂʰ o j $,default,
khw-Numerals-27-1,,khw,Numerals-27,biʃir sot,biʃir_sot,b i ʃ i r + s o t,,hindukush,,,^ b i ʃ i r _ s o t $,default,
khw-Numerals-28-1,,khw,Numerals-28,biʃir oʃʈ,biʃir_oʃʈ,b i ʃ i r + o ʃ ʈ,,hindukush,,,^ b i ʃ i r _ o ʃ ʈ $,default,
khw-Numerals-29-1,,khw,Numerals-29,biʃir niof,biʃir_niof,b i ʃ i r + n i o f,,hindukush,,,^ b i ʃ i r _ n io f $,default,
khw-Numerals-30-1,,khw,Numerals-30,biʃir d͡ʒoʃ,biʃir_d͡ʒoʃ,b i ʃ i r + dʒ o ʃ,,hindukush,,,^ b i ʃ i r _ d͡ʒ o ʃ $,default,
khw-Numerals-31-1,,khw,Numerals-31,biʃir d͡ʒoʃ i,biʃir_d͡ʒoʃ_i,b i ʃ i r + dʒ o ʃ + i,,hindukush,,,^ b i ʃ i r _ d͡ʒ o ʃ _ i $,default,
khw-Numerals-32-1,,khw,Numerals-32,biʃir d͡ʒoʃ d͡ʒu,biʃir_d͡ʒoʃ_d͡ʒu,b i ʃ i r + dʒ o ʃ + dʒ u,,hindukush,,,^ b i ʃ i r _ d͡ʒ o ʃ _ d͡ʒ u $,default,
khw-Numerals-33-1,,khw,Numerals-33,biʃir d͡ʒoʃ troj,biʃir_d͡ʒoʃ_troj,b i ʃ i r + dʒ o ʃ + t r o j,,hindukush,,,^ b i ʃ i r _ d͡ʒ o ʃ _ t r o j $,default,
khw-Numerals-34-1,,khw,Numerals-34,biʃir d͡ʒoʃ t͡ʃoːr,biʃir_d͡ʒoʃ_t͡ʃoːr,b i ʃ i r + dʒ o ʃ + tʃ oː r,,hindukush,,,^ b i ʃ i r _ d͡ʒ o ʃ _ t͡ʃ oː r $,default,
khw-Numerals-35-1,,khw,Numerals-35,biʃir d͡ʒoʃ põːt͡ʃ,biʃir_d͡ʒoʃ_põːt͡ʃ,b i ʃ i r + dʒ o ʃ + p õː tʃ,,hindukush,,,^ b i ʃ i r _ d͡ʒ o ʃ _ p õː t͡ʃ $,default,
khw-Numerals-36-1,,khw,Numerals-36,biʃir d͡ʒoʃ ʈ͡ʂʰoj,biʃir_d͡ʒoʃ_ʈ͡ʂʰoj,b i ʃ i r + dʒ o ʃ + ʈʂʰ o j,,hindukush,,,^ b i ʃ i r _ d͡ʒ o ʃ _ ʈ͡ʂʰ o j $,default,
khw-Numerals-37-1,,khw,Numerals-37,biʃir d͡ʒoʃ sot,biʃir_d͡ʒoʃ_sot,b i ʃ i r + dʒ o ʃ + s o t,,hindukush,,,^ b i ʃ i r _ d͡ʒ o ʃ _ s o t $,default,
khw-Numerals-38-1,,khw,Numerals-38,biʃir d͡ʒoʃ oʃʈ,biʃir_d͡ʒoʃ_oʃʈ,b i ʃ i r + dʒ o ʃ + o ʃ ʈ,,hindukush,,,^ b i ʃ i r _ d͡ʒ o ʃ _ o ʃ ʈ $,default,
khw-Numerals-39-1,,khw,Numerals-39,biʃir d͡ʒoʃ niof,biʃir_d͡ʒoʃ_niof,b i ʃ i r + dʒ o ʃ + n i o f,,hindukush,,,^ b i ʃ i r _ d͡ʒ o ʃ _ n io f $,default,
khw-Numerals-40-1,,khw,Numerals-40,d͡ʒu biʃir,d͡ʒu_biʃir,dʒ u + b i ʃ i r,,hindukush,,,^ d͡ʒ u _ b i ʃ i r $,default,
khw-Numerals-41-1,,khw,Numerals-41,d͡ʒu biʃir i,d͡ʒu_biʃir_i,dʒ u + b i ʃ i r + i,,hindukush,,,^ d͡ʒ u _ b i ʃ i r _ i $,default,
khw-Numerals-42-1,,khw,Numerals-42,d͡ʒu biʃir d͡ʒu,d͡ʒu_biʃir_d͡ʒu,dʒ u + b i ʃ i r + dʒ u,,hindukush,,,^ d͡ʒ u _ b i ʃ i r _ d͡ʒ u $,default,
khw-Numerals-43-1,,khw,Numerals-43,d͡ʒu biʃir troj,d͡ʒu_biʃir_troj,dʒ u + b i ʃ i r + t r o j,,hindukush,,,^ d͡ʒ u _ b i ʃ i r _ t r o j $,default,
khw-Numerals-44-1,,khw,Numerals-44,d͡ʒu biʃir t͡ʃoːr,d͡ʒu_biʃir_t͡ʃoːr,dʒ u + b i ʃ i r + tʃ oː r,,hindukush,,,^ d͡ʒ u _ b i ʃ i r _ t͡ʃ oː r $,default,
khw-Numerals-45-1,,khw,Numerals-45,d͡ʒu biʃir põːt͡ʃ,d͡ʒu_biʃir_põːt͡ʃ,dʒ u + b i ʃ i r + p õː tʃ,,hindukush,,,^ d͡ʒ u _ b i ʃ i r _ p õː t͡ʃ $,default,
khw-Numerals-46-1,,khw,Numerals-46,d͡ʒu biʃir ʈ͡ʂʰoj,d͡ʒu_biʃir_ʈ͡ʂʰoj,dʒ u + b i ʃ i r + ʈʂʰ o j,,hindukush,,,^ d͡ʒ u _ b i ʃ i r _ ʈ͡ʂʰ o j $,default,
khw-Numerals-47-1,,khw,Numerals-47,d͡ʒu biʃir sot,d͡ʒu_biʃir_sot,dʒ u + b i ʃ i r + s o t,,hindukush,,,^ d͡ʒ u _ b i ʃ i r _ s o t $,default,
khw-Numerals-48-1,,khw,Numerals-48,d͡ʒu biʃir oʃʈ,d͡ʒu_biʃir_oʃʈ,dʒ u + b i ʃ i r + o ʃ ʈ,,hindukush,,,^ d͡ʒ u _ b i ʃ i r _ o ʃ ʈ $,default,
khw-Numerals-49-1,,khw,Numerals-49,d͡ʒu biʃir niof,d͡ʒu_biʃir_niof,dʒ u + b i ʃ i r + n i o f,,hindukush,,,^ d͡ʒ u _ b i ʃ i r _ n io f $,default,
khw-Numerals-50-1,,khw,Numerals-50,d͡ʒu biʃir d͡ʒoʃ,d͡ʒu_biʃir_d͡ʒoʃ,dʒ u + b i ʃ i r + dʒ o ʃ,,hindukush,,,^ d͡ʒ u _ b i ʃ i r _ d͡ʒ o ʃ $,default,
khw-Numerals-60-1,,khw,Numerals-60,troj biʃir,troj_biʃir,t r o j + b i ʃ i r,,hindukush,,,^ t r o j _ b i ʃ i r $,default,
khw-Numerals-70-1,,khw,Numerals-70,troj biʃir d͡ʒoʃ,troj_biʃir_d͡ʒoʃ,t r o j + b i ʃ i r + dʒ o ʃ,,hindukush,,,^ t r o j _ b i ʃ i r _ d͡ʒ o ʃ $,default,
khw-Numerals-80-1,,khw,Numerals-80,t͡ʃoːr biʃir,t͡ʃoːr_biʃir,tʃ oː r + b i ʃ i r,,hindukush,,,^ t͡ʃ oː r _ b i ʃ i r $,default,
khw-Numerals-90-1,,khw,Numerals-90,t͡ʃoːr biʃir d͡ʒoʃ,t͡ʃoːr_biʃir_d͡ʒoʃ,tʃ oː r + b i ʃ i r + dʒ o ʃ,,hindukush,,,^ t͡ʃ oː r _ b i ʃ i r _ d͡ʒ o ʃ $,default,
khw-Numerals-100-1,,khw,Numerals-100,põːt͡ʃ biʃir,põːt͡ʃ_biʃir,p õː tʃ + b i ʃ i r,,hindukush,,,^ p õː t͡ʃ _ b i ʃ i r $,default,
khw-Numerals-110-1,,khw,Numerals-110,"põːt͡ʃ biʃir d͡ʒoʃ, i ʃoːr ot͡ʃe d͡ʒoʃ",põːt͡ʃ_biʃir_d͡ʒoʃ,p õː tʃ + b i ʃ i r + dʒ o ʃ,,hindukush,,,^ p õː t͡ʃ _ b i ʃ i r _ d͡ʒ o ʃ $,default,
khw-Numerals-110-2,,khw,Numerals-110,"põːt͡ʃ biʃir d͡ʒoʃ, i ʃoːr ot͡ʃe d͡ʒoʃ",i_ʃoːr_ot͡ʃe_d͡ʒoʃ,i + ʃ oː r + o tʃ e + dʒ o ʃ,,hindukush,,,^ i _ ʃ oː r _ o t͡ʃ e _ d͡ʒ o ʃ $,default,
khw-Numerals-120-1,,khw,Numerals-120,"ʈ͡ʂʰoj biʃir, i ʃoːr ot͡ʃe biʃir",ʈ͡ʂʰoj_biʃir,ʈʂʰ o j + b i ʃ i r,,hindukush,,,^ ʈ͡ʂʰ o j _ b i ʃ i r $,default,
khw-Numerals-120-2,,khw,Numerals-120,"ʈ͡ʂʰoj biʃir, i ʃoːr ot͡ʃe biʃir",i_ʃoːr_ot͡ʃe_biʃir,i + ʃ oː r + o tʃ e + b i ʃ i r,,hindukush,,,^ i _ ʃ oː r _ o t͡ʃ e _ b i ʃ i r $,default,
khw-Numerals-200-1,,khw,Numerals-200,d͡ʒu ʃoːr,d͡ʒu_ʃoːr,dʒ u + ʃ oː r,,hindukush,,,^ d͡ʒ u _ ʃ oː r $,default,
khw-Numerals-1000-1,,khw,Numerals-1000,i hazaːr,i_hazaːr,i + h a z aː r,,hindukush,,,^ i _ h a z aː r $,default,
plk-Numerals-1-1,,plk,Numerals-1,ek,ek,e k,,hindukush,,,^ e k $,default,
plk-Numerals-2-1,,plk,Numerals-2,duː,duː,d uː,,hindukush,,,^ d uː $,default,
plk-Numerals-3-1,,plk,Numerals-3,ʈ͡ʂeː,ʈ͡ʂeː,ʈʂ eː,,hindukush,,,^ ʈ͡ʂ eː $,default,
plk-Numerals-4-1,,plk,Numerals-4,t͡ɕaːr,t͡ɕaːr,tɕ aː r,,hindukush,,,^ t͡ɕ aː r $,default,
plk-Numerals-5-1,,plk,Numerals-5,poɕ,poɕ,p o ɕ,,hindukush,,,^ p o ɕ $,default,
plk-Numerals-6-1,,plk,Numerals-6,ʂah,ʂah,ʂ a h,,hindukush,,,^ ʂ a h $,default,
plk-Numerals-7-1,,plk,Numerals-7,sat,sat,s a t,,hindukush,,,^ s a t $,default,
plk-Numerals-8-1,,plk,Numerals-8,ãʂ,ãʂ,ã ʂ,,hindukush,,,^ ã ʂ $,default,
plk-Numerals-9-1,,plk,Numerals-9,nãw,nãw,n ã w,,hindukush,,,^ n ã w $,default,
plk-Numerals-10-1,,plk,Numerals-10,daːe,daːe,d aː e,,hindukush,,,^ d aːe $,default,
plk-Numerals-11-1,,plk,Numerals-11,akaːe,akaːe,a k aː e,,hindukush,,,^ a k aːe $,default,
plk-Numerals-12-1,,plk,Numerals-12,baːe,baːe,b aː e,,hindukush,,,^ b aːe $,default,
plk-Numerals-13-1,,plk,Numerals-13,ʈ͡ʂoːe,ʈ͡ʂoːe,ʈʂ oː e,,hindukush,,,^ ʈ͡ʂ oːe $,default,
plk-Numerals-14-1,,plk,Numerals-14,t͡ɕahundeː,t͡ɕahundeː,tɕ a h u n d eː,,hindukush,,,^ t͡ɕ a h u n d eː $,default,
plk-Numerals-15-1,,plk,Numerals-15,panzileː,panzileː,p a n z i l eː,,hindukush,,,^ p a n z i l eː $,default,
plk-Numerals-16-1,,plk,Numerals-16,ʂõːe,ʂõːe,ʂ õː e,,hindukush,,,^ ʂ õːe $,default,
plk-Numerals-17-1,,plk,Numerals-17,sataːẽ,sataːẽ,s a t aː ẽː,,hindukush,,,^ s a t aːẽ $,default,
plk-Numerals-18-1,,plk,Numerals-18,ãʂʈaːẽ,ãʂʈaːẽ,ã ʂ ʈ aː ẽː,,hindukush,,,^ ã ʂ ʈ aːẽ $,default,
plk-Numerals-19-1,,plk,Numerals-19,ukniː,ukniː,u k n iː,,hindukush,,,^ u k n iː $,default,
plk-Numerals-20-1,,plk,Numerals-20,biː,biː,b iː,,hindukush,,,^ b iː $,default,
plk-Numerals-21-1,,plk,Numerals-21,biho ek,biho_ek,b i h o + e k,,hindukush,,,^ b i h o _ e k $,default,
plk-Numerals-22-1,,plk,Numerals-22,biho duː,biho_duː,b i h o + d uː,,hindukush,,,^ b i h o _ d uː $,default,
plk-Numerals-23-1,,plk,Numerals-23,biho ʈ͡ʂeː,biho_ʈ͡ʂeː,b i h o + ʈʂ eː,,hindukush,,,^ b i h o _ ʈ͡ʂ eː $,default,
plk-Numerals-24-1,,plk,Numerals-24,biho t͡ɕaːr,biho_t͡ɕaːr,b i h o + tɕ aː r,,hindukush,,,^ b i h o _ t͡ɕ aː r $,default,
plk-Numerals-25-1,,plk,Numerals-25,biho poɕ,biho_poɕ,b i h o + p o ɕ,,hindukush,,,^ b i h o _ p o ɕ $,default,
plk-Numerals-26-1,,plk,Numerals-26,biho ʂah,biho_ʂah,b i h o + ʂ a h,,hindukush,,,^ b i h o _ ʂ a h $,default,
plk-Numerals-27-1,,plk,Numerals-27,biho sat,biho_sat,b i h o + s a t,,hindukush,,,^ b i h o _ s a t $,default,
plk-Numerals-28-1,,plk,Numerals-28,biho ãʂ,biho_ãʂ,b i h o + ã ʂ,,hindukush,,,^ b i h o _ ã ʂ $,default,
plk-Numerals-29-1,,plk,Numerals-29,biho nãw,biho_nãw,b i h o + n ã w,,hindukush,,,^ b i h o _ n ã w $,default,
plk-Numerals-30-1,,plk,Numerals-30,biho daːe,biho_daːe,b i h o + d aː e,,hindukush,,,^ b i h o _ d aːe $,default,
plk-Numerals-31-1,,plk,Numerals-31,biho akaːe,biho_akaːe,b i h o + a k aː e,,hindukush,,,^ b i h o _ a k aːe $,default,
plk-Numerals-32-1,,plk,Numerals-32,biho baːe,biho_baːe,b i h o + b aː e,,hindukush,,,^ b i h o _ b aːe $,default,
plk-Numerals-33-1,,plk,Numerals-33,biho ʈ͡ʂoːe,biho_ʈ͡ʂoːe,b i h o + ʈʂ oː e,,hindukush,,,^ b i h o _ ʈ͡ʂ oːe $,default,
plk-Numerals-34-1,,plk,Numerals-34,biho t͡ɕahundeː,biho_t͡ɕahundeː,b i h o + tɕ a h u n d eː,,hindukush,,,^ b i h o _ t͡ɕ a h u n d eː $,default,
plk-Numerals-35-1,,plk,Numerals-35,biho panzileː,biho_panzileː,b i h o + p a n z i l eː,,hindukush,,,^ b i h o _ p a n z i l eː $,default,
plk-Numerals-36-1,,plk,Numerals-36,biho ʂõːe,biho_ʂõːe,b i h o + ʂ õː e,,hindukush,,,^ b i h o _ ʂ õːe $,default,
plk-Numerals-37-1,,plk,Numerals-37,biho sataːẽ,biho_sataːẽ,b i h o + s a t aː ẽː,,hindukush,,,^ b i h o _ s a t aːẽ $,default,
plk-Numerals-38-1,,plk,Numerals-38,biho ãʂʈaːẽ,biho_ãʂʈaːẽ,b i h o + ã ʂ ʈ aː ẽː,,hindukush,,,^ b i h o _ ã ʂ ʈ aːẽ $,default,
plk-Numerals-39-1,,plk,Numerals-39,biho ukniː,biho_ukniː,b i h o + u k n iː,,hindukush,,,^ b i h o _ u k n iː $,default,
plk-Numerals-40-1,,plk,Numerals-40,dibu,dibu,d i b u,,hindukush,,,^ d i b u $,default,
plk-Numerals-41-1,,plk,Numerals-41,dibugu ek,dibugu_ek,d i b u g u + e k,,hindukush,,,^ d i b u g u _ e k $,default,
plk-Numerals-42-1,,plk,Numerals-42,dibugu duː,dibugu_duː,d i b u g u + d uː,,hindukush,,,^ d i b u g u _ d uː $,default,
plk-Numerals-43-1,,plk,Numerals-43,dibugu ʈ͡ʂeː,dibugu_ʈ͡ʂeː,d i b u g u + ʈʂ eː,,hindukush,,,^ d i b u g u _ ʈ͡ʂ eː $,default,
plk-Numerals-44-1,,plk,Numerals-44,dibugu t͡ɕaːr,dibugu_t͡ɕaːr,d i b u g u + tɕ aː r,,hindukush,,,^ d i b u g u _ t͡ɕ aː r $,default,
plk-Numerals-45-1,,plk,Numerals-45,dibugu poɕ,dibugu_poɕ,d i b u g u + p o ɕ,,hindukush,,,^ d i b u g u _ p o ɕ $,default,
plk-Numerals-46-1,,plk,Numerals-46,dibugu ʂah,dibugu_ʂah,d i b u g u + ʂ a h,,hindukush,,,^ d i b u g u _ ʂ a h $,default,
plk-Numerals-47-1,,plk,Numerals-47,dibugu sat,dibugu_sat,d i b u g u + s a t,,hindukush,,,^ d i b u g u _ s a t $,default,
plk-Numerals-48-1,,plk,Numerals-48,dibugu ãʂ,dibugu_ãʂ,d i b u g u + ã ʂ,,hindukush,,,^ d i b u g u _ ã ʂ $,default,
plk-Numerals-49-1,,plk,Numerals-49,dibugu nãw,dibugu_nãw,d i b u g u + n ã w,,hindukush,,,^ d i b u g u _ n ã w $,default,
plk-Numerals-50-1,,plk,Numerals-50,dibugu daːe,dibugu_daːe,d i b u g u + d aː e,,hindukush,,,^ d i b u g u _ d aːe $,default,
plk-Numerals-60-1,,plk,Numerals-60,ʈ͡ʂobiju,ʈ͡ʂobiju,ʈʂ o b i j u,,hindukush,,,^ ʈ͡ʂ o b i j u $,default,
plk-Numerals-70-1,,plk,Numerals-70,ʈ͡ʂobijuga daːe,ʈ͡ʂobijuga_daːe,ʈʂ o b i j u g a + d aː e,,hindukush,,,^ ʈ͡ʂ o b i j u g a _ d aːe $,default,
plk-Numerals-80-1,,plk,Numerals-80,t͡ɕarbiju,t͡ɕarbiju,tɕ a r b i j u,,hindukush,,,^ t͡ɕ a r b i j u $,default,
plk-Numerals-90-1,,plk,Numerals-90,t͡ɕarbijuga daːe,t͡ɕarbijuga_daːe,tɕ a r b i j u g a + d aː e,,hindukush,,,^ t͡ɕ a r b i j u g a _ d aːe $,default,
plk-Numerals-100-1,,plk,Numerals-100,ɕal,ɕal,ɕ a l,,hindukush,,,^ ɕ a l $,default,
plk-Numerals-110-1,,plk,Numerals-110,ɕalga daːe,ɕalga_daːe,ɕ a l g a + d aː e,,hindukush,,,^ ɕ a l g a _ d aːe $,default,
plk-Numerals-120-1,,plk,Numerals-120,ɕalga biː,ɕalga_biː,ɕ a l g a + b iː,,hindukush,,,^ ɕ a l g a _ b iː $,default,
plk-Numerals-200-1,,plk,Numerals-200,duː ɕal,duː_ɕal,d uː + ɕ a l,,hindukush,,,^ d uː _ ɕ a l $,default,
plk-Numerals-1000-1,,plk,Numerals-1000,zir,zir,z i r,,hindukush,,,^ z i r $,default,
shd-Numerals-1-1,,shd,Numerals-1,jokʰ,jokʰ,j o kʰ,,hindukush,,,^ j o kʰ $,default,
shd-Numerals-2-1,,shd,Numerals-2,duːi,duːi,d uː i,,hindukush,,,^ d uːi $,default,
shd-Numerals-3-1,,shd,Numerals-3,traː,traː,t r aː,,hindukush,,,^ t r aː $,default,
shd-Numerals-4-1,,shd,Numerals-4,t͡ɕoːr,t͡ɕoːr,tɕ oː r,,hindukush,,,^ t͡ɕ oː r $,default,
shd-Numerals-5-1,,shd,Numerals-5,pãːd͡ʑ,pãːd͡ʑ,p ãː dʑ,,hindukush,,,^ p ãː d͡ʑ $,default,
shd-Numerals-6-1,,shd,Numerals-6,ɕa,ɕa,ɕ a,,hindukush,,,^ ɕ a $,default,
shd-Numerals-7-1,,shd,Numerals-7,sat,sat,s a t,,hindukush,,,^ s a t $,default,
shd-Numerals-8-1,,shd,Numerals-8,ãːɕʈ,ãːɕʈ,ãː ɕ ʈ,,hindukush,,,^ ãː ɕ ʈ $,default,
shd-Numerals-9-1,,shd,Numerals-9,nõː,nõː,n õː,,hindukush,,,^ n õː $,default,
shd-Numerals-10-1,,shd,Numerals-10,dʰaj,dʰaj,dʰ a j,,hindukush,,,^ dʰ a j $,default,
shd-Numerals-11-1,,shd,Numerals-11,jagaːi,jagaːi,j a g aːi,,hindukush,,,^ j a g aːi $,default,
shd-Numerals-12-1,,shd,Numerals-12,baːi,baːi,b aːi,,hindukush,,,^ b aːi $,default,
shd-Numerals-13-1,,shd,Numerals-13,troːi,troːi,t r oː i,,hindukush,,,^ t r oːi $,default,
shd-Numerals-14-1,,shd,Numerals-14,t͡ɕoːdʰãj,t͡ɕoːdʰãj,tɕ oː dʰ ã j,,hindukush,,,^ t͡ɕ oː dʰ ã j $,default,
shd-Numerals-15-1,,shd,Numerals-15,pandr hãj,pandr_hãj,p a n d r + h ã j,,hindukush,,,^ p a n d r _ h ã j $,default,
shd-Numerals-16-1,,shd,Numerals-16,ɕeː ɽiɕ,ɕeː_ɽiɕ,ɕ eː + ɽ i ɕ,,hindukush,,,^ ɕ eː _ ɽ i ɕ $,default,
shd-Numerals-17-1,,shd,Numerals-17,sataːi,sataːi,s a t aːi,,hindukush,,,^ s a t aːi $,default,
shd-Numerals-18-1,,shd,Numerals-18,ãɕʈaːi,ãɕʈaːi,ã ɕ ʈ aːi,,hindukush,,,^ ã ɕ ʈ aːi $,default,
shd-Numerals-19-1,,shd,Numerals-19,jakoːi,jakoːi,j a k oː i,,hindukush,,,^ j a k oːi $,default,
shd-Numerals-20-1,,shd,Numerals-20,biː,biː,b iː,,hindukush,,,^ b iː $,default,
shd-Numerals-30-1,,shd,Numerals-30,t͡ɕiːɕ,t͡ɕiːɕ,tɕ iː ɕ,,hindukush,,,^ t͡ɕ iː ɕ $,default,
shd-Numerals-40-1,,shd,Numerals-40,t͡ɕopeːr,t͡ɕopeːr,tɕ o p eː r,,hindukush,,,^ t͡ɕ o p eː r $,default,
shd-Numerals-100-1,,shd,Numerals-100,ɕad,ɕad,ɕ a d,,hindukush,,,^ ɕ a d $,default,
shd-Numerals-110-1,,shd,Numerals-110,jokʰ ɕad dʰaj,jokʰ_ɕad_dʰaj,j o kʰ + ɕ a d + dʰ a j,,hindukush,,,^ j o kʰ _ ɕ a d _ dʰ a j $,default,
shd-Numerals-120-1,,shd,Numerals-120,jokʰ ɕad biː,jokʰ_ɕad_biː,j o kʰ + ɕ a d + b iː,,hindukush,,,^ j o kʰ _ ɕ a d _ b iː $,default,
shd-Numerals-200-1,,shd,Numerals-200,duːi ɕad,duːi_ɕad,d uː i + ɕ a d,,hindukush,,,^ d uːi _ ɕ a d $,default,
shd-Numerals-1000-1,,shd,Numerals-1000,jokʰ hazaːr,jokʰ_hazaːr,j o kʰ + h a z aː r,,hindukush,,,^ j o kʰ _ h a z aː r $,default,
kir-Numerals-1-1,,kir,Numerals-1,bir,bir,b i r,,hindukush,,,^ b i r $,default,
kir-Numerals-2-1,,kir,Numerals-2,eki,eki,e k i,,hindukush,,,^ e k i $,default,
kir-Numerals-3-1,,kir,Numerals-3,yt͡ʃ,yt͡ʃ,y tʃ,,hindukush,,,^ y t͡ʃ $,default,
kir-Numerals-4-1,,kir,Numerals-4,tørt,tørt,t ø r t,,hindukush,,,^ t ø r t $,default,
kir-Numerals-5-1,,kir,Numerals-5,beʃ,beʃ,b e ʃ,,hindukush,,,^ b e ʃ $,default,
kir-Numerals-6-1,,kir,Numerals-6,ɑltɯ,ɑltɯ,ɑ l t ɯ,,hindukush,,,^ ɑ l t ɯ $,default,
kir-Numerals-7-1,,kir,Numerals-7,d͡ʒeti,d͡ʒeti,dʒ e t i,,hindukush,,,^ d͡ʒ e t i $,default,
kir-Numerals-8-1,,kir,Numerals-8,segiz,segiz,s e g i z,,hindukush,,,^ s e g i z $,default,
kir-Numerals-9-1,,kir,Numerals-9,toquz,toquz,t o q u z,,hindukush,,,^ t o q u z $,default,
kir-Numerals-10-1,,kir,Numerals-10,on,on,o n,,hindukush,,,^ o n $,default,
kir-Numerals-11-1,,kir,Numerals-11,on bir,on_bir,o n + b i r,,hindukush,,,^ o n _ b i r $,default,
kir-Numerals-12-1,,kir,Numerals-12,on eki,on_eki,o n + e k i,,hindukush,,,^ o n _ e k i $,default,
kir-Numerals-13-1,,kir,Numerals-13,on yt͡ʃ,on_yt͡ʃ,o n + y tʃ,,hindukush,,,^ o n _ y t͡ʃ $,default,
kir-Numerals-14-1,,kir,Numerals-14,on tørt,on_tørt,o n + t ø r t,,hindukush,,,^ o n _ t ø r t $,default,
kir-Numerals-15-1,,kir,Numerals-15,on beʃ,on_beʃ,o n + b e ʃ,,hindukush,,,^ o n _ b e ʃ $,default,
kir-Numerals-16-1,,kir,Numerals-16,on ɑltɯ,on_ɑltɯ,o n + ɑ l t ɯ,,hindukush,,,^ o n _ ɑ l t ɯ $,default,
kir-Numerals-17-1,,kir,Numerals-17,on d͡ʒeti,on_d͡ʒeti,o n + dʒ e t i,,hindukush,,,^ o n _ d͡ʒ e t i $,default,
kir-Numerals-18-1,,kir,Numerals-18,on segiz,on_segiz,o n + s e g i z,,hindukush,,,^ o n _ s e g i z $,default,
kir-Numerals-19-1,,kir,Numerals-19,on toquz,on_toquz,o n + t o q u z,,hindukush,,,^ o n _ t o q u z $,default,
kir-Numerals-20-1,,kir,Numerals-20,d͡ʒigirma,d͡ʒigirma,dʒ i g i r m a,,hindukush,,,^ d͡ʒ i g i r m a $,default,
kir-Numerals-21-1,,kir,Numerals-21,d͡ʒigirma bir,d͡ʒigirma_bir,dʒ i g i r m a + b i r,,hindukush,,,^ d͡ʒ i g i r m a _ b i r $,default,
kir-Numerals-22-1,,kir,Numerals-22,d͡ʒigirma eki,d͡ʒigirma_eki,dʒ i g i r m a + e k i,,hindukush,,,^ d͡ʒ i g i r m a _ e k i $,default,
kir-Numerals-23-1,,kir,Numerals-23,d͡ʒigirma yt͡ʃ,d͡ʒigirma_yt͡ʃ,dʒ i g i r m a + y tʃ,,hindukush,,,^ d͡ʒ i g i r m a _ y t͡ʃ $,default,
kir-Numerals-24-1,,kir,Numerals-24,d͡ʒigirma tørt,d͡ʒigirma_tørt,dʒ i g i r m a + t ø r t,,hindukush,,,^ d͡ʒ i g i r m a _ t ø r t $,default,
kir-Numerals-25-1,,kir,Numerals-25,d͡ʒigirma beʃ,d͡ʒigirma_beʃ,dʒ i g i r m a + b e ʃ,,hindukush,,,^ d͡ʒ i g i r m a _ b e ʃ $,default,
kir-Numerals-26-1,,kir,Numerals-26,d͡ʒigirma ɑltɯ,d͡ʒigirma_ɑltɯ,dʒ i g i r m a + ɑ l t ɯ,,hindukush,,,^ d͡ʒ i g i r m a _ ɑ l t ɯ $,default,
kir-Numerals-27-1,,kir,Numerals-27,d͡ʒigirma d͡ʒeti,d͡ʒigirma_d͡ʒeti,dʒ i g i r m a + dʒ e t i,,hindukush,,,^ d͡ʒ i g i r m a _ d͡ʒ e t i $,default,
kir-Numerals-28-1,,kir,Numerals-28,d͡ʒigirma segiz,d͡ʒigirma_segiz,dʒ i g i r m a + s e g i z,,hindukush,,,^ d͡ʒ i g i r m a _ s e g i z $,default,
kir-Numerals-29-1,,kir,Numerals-29,d͡ʒigirma toquz,d͡ʒigirma_toquz,dʒ i g i r m a + t o q u z,,hindukush,,,^ d͡ʒ i g i r m a _ t o q u z $,default,
kir-Numerals-30-1,,kir,Numerals-30,otos,otos,o t o s,,hindukush,,,^ o t o s $,default,
kir-Numerals-31-1,,kir,Numerals-31,otos bir,otos_bir,o t o s + b i r,,hindukush,,,^ o t o s _ b i r $,default,
kir-Numerals-32-1,,kir,Numerals-32,otos eki,otos_eki,o t o s + e k i,,hindukush,,,^ o t o s _ e k i $,default,
kir-Numerals-33-1,,kir,Numerals-33,otos yt͡ʃ,otos_yt͡ʃ,o t o s + y tʃ,,hindukush,,,^ o t o s _ y t͡ʃ $,default,
kir-Numerals-34-1,,kir,Numerals-34,otos tørt,otos_tørt,o t o s + t ø r t,,hindukush,,,^ o t o s _ t ø r t $,default,
kir-Numerals-35-1,,kir,Numerals-35,otos beʃ,otos_beʃ,o t o s + b e ʃ,,hindukush,,,^ o t o s _ b e ʃ $,default,
kir-Numerals-36-1,,kir,Numerals-36,otos ɑltɯ,otos_ɑltɯ,o t o s + ɑ l t ɯ,,hindukush,,,^ o t o s _ ɑ l t ɯ $,default,
kir-Numerals-37-1,,kir,Numerals-37,otos d͡ʒeti,otos_d͡ʒeti,o t o s + dʒ e t i,,hindukush,,,^ o t o s _ d͡ʒ e t i $,default,
kir-Numerals-38-1,,kir,Numerals-38,otos segiz,otos_segiz,o t o s + s e g i z,,hindukush,,,^ o t o s _ s e g i z $,default,
kir-Numerals-39-1,,kir,Numerals-39,otos toquz,otos_toquz,o t o s + t o q u z,,hindukush,,,^ o t o s _ t o q u z $,default,
kir-Numerals-40-1,,kir,Numerals-40,qɯrq,qɯrq,q ɯ r q,,hindukush,,,^ q ɯ r q $,default,
kir-Numerals-41-1,,kir,Numerals-41,qɯrq bir,qɯrq_bir,q ɯ r q + b i r,,hindukush,,,^ q ɯ r q _ b i r $,default,
kir-Numerals-42-1,,kir,Numerals-42,qɯrq eki,qɯrq_eki,q ɯ r q + e k i,,hindukush,,,^ q ɯ r q _ e k i $,default,
kir-Numerals-43-1,,kir,Numerals-43,qɯrq yt͡ʃ,qɯrq_yt͡ʃ,q ɯ r q + y tʃ,,hindukush,,,^ q ɯ r q _ y t͡ʃ $,default,
kir-Numerals-44-1,,kir,Numerals-44,qɯrq tørt,qɯrq_tørt,q ɯ r q + t ø r t,,hindukush,,,^ q ɯ r q _ t ø r t $,default,
kir-Numerals-45-1,,kir,Numerals-45,qɯrq beʃ,qɯrq_beʃ,q ɯ r q + b e ʃ,,hindukush,,,^ q ɯ r q _ b e ʃ $,default,
kir-Numerals-46-1,,kir,Numerals-46,qɯrq ɑltɯ,qɯrq_ɑltɯ,q ɯ r q + ɑ l t ɯ,,hindukush,,,^ q ɯ r q _ ɑ l t ɯ $,default,
kir-Numerals-47-1,,kir,Numerals-47,qɯrq d͡ʒeti,qɯrq_d͡ʒeti,q ɯ r q + dʒ e t i,,hindukush,,,^ q ɯ r q _ d͡ʒ e t i $,default,
kir-Numerals-48-1,,kir,Numerals-48,qɯrq segiz,qɯrq_segiz,q ɯ r q + s e g i z,,hindukush,,,^ q ɯ r q _ s e g i z $,default,
kir-Numerals-49-1,,kir,Numerals-49,qɯrq toquz,qɯrq_toquz,q ɯ r q + t o q u z,,hindukush,,,^ q ɯ r q _ t o q u z $,default,
kir-Numerals-50-1,,kir,Numerals-50,elik,elik,e l i k,,hindukush,,,^ e l i k $,default,
kir-Numerals-60-1,,kir,Numerals-60,ɑltɯmɯʃ,ɑltɯmɯʃ,ɑ l t ɯ m ɯ ʃ,,hindukush,,,^ ɑ l t ɯ m ɯ ʃ $,default,
kir-Numerals-70-1,,kir,Numerals-70,d͡ʒetimiʃ,d͡ʒetimiʃ,dʒ e t i m i ʃ,,hindukush,,,^ d͡ʒ e t i m i ʃ $,default,
kir-Numerals-80-1,,kir,Numerals-80,segzen,segzen,s e g z e n,,hindukush,,,^ s e g z e n $,default,
kir-Numerals-90-1,,kir,Numerals-90,toqzon,toqzon,t o q z o n,,hindukush,,,^ t o q z o n $,default,
kir-Numerals-100-1,,kir,Numerals-100,d͡ʒyz,d͡ʒyz,dʒ y z,,hindukush,,,^ d͡ʒ y z $,default,
kir-Numerals-110-1,,kir,Numerals-110,bir d͡ʒyz on,bir_d͡ʒyz_on,b i r + dʒ y z + o n,,hindukush,,,^ b i r _ d͡ʒ y z _ o n $,default,
kir-Numerals-120-1,,kir,Numerals-120,bir d͡ʒyz d͡ʒigirma,bir_d͡ʒyz_d͡ʒigirma,b i r + dʒ y z + dʒ i g i r m a,,hindukush,,,^ b i r _ d͡ʒ y z _ d͡ʒ i g i r m a $,default,
kir-Numerals-200-1,,kir,Numerals-200,eki d͡ʒyz,eki_d͡ʒyz,e k i + dʒ y z,,hindukush,,,^ e k i _ d͡ʒ y z $,default,
kir-Numerals-1000-1,,kir,Numerals-1000,miŋ,miŋ,m i ŋ,,hindukush,,,^ m i ŋ $,default,
lbj-Numerals-1-1,,lbj,Numerals-1,t͡ʃik,t͡ʃik,tʃ i k,,hindukush,,,^ t͡ʃ i k $,default,
lbj-Numerals-2-1,,lbj,Numerals-2,ɲis,ɲis,ɲ i s,,hindukush,,,^ ɲ i s $,default,
lbj-Numerals-3-1,,lbj,Numerals-3,suŋ,suŋ,s u ŋ,,hindukush,,,^ s u ŋ $,default,
lbj-Numerals-4-1,,lbj,Numerals-4,ʒi,ʒi,ʒ i,,hindukush,,,^ ʒ i $,default,
lbj-Numerals-5-1,,lbj,Numerals-5,ʂŋa,ʂŋa,ʂ ŋ a,,hindukush,,,^ ʂ ŋ a $,default,
lbj-Numerals-6-1,,lbj,Numerals-6,ʈuk,ʈuk,ʈ u k,,hindukush,,,^ ʈ u k $,default,
lbj-Numerals-7-1,,lbj,Numerals-7,rdun,rdun,r d u n,,hindukush,,,^ r d u n $,default,
lbj-Numerals-8-1,,lbj,Numerals-8,rgjat,rgjat,r g j a t,,hindukush,,,^ r g j a t $,default,
lbj-Numerals-9-1,,lbj,Numerals-9,rgu,rgu,r g u,,hindukush,,,^ r g u $,default,
lbj-Numerals-10-1,,lbj,Numerals-10,r̥t͡ʃu,r̥t͡ʃu,r̥ tʃ u,,hindukush,,,^ r̥ t͡ʃ u $,default,
lbj-Numerals-11-1,,lbj,Numerals-11,t͡ʃukʃik,t͡ʃukʃik,tʃ u k ʃ i k,,hindukush,,,^ t͡ʃ u kʃ i k $,default,
lbj-Numerals-12-1,,lbj,Numerals-12,t͡ʃukŋis,t͡ʃukŋis,tʃ u k ŋ i s,,hindukush,,,^ t͡ʃ u k ŋ i s $,default,
lbj-Numerals-13-1,,lbj,Numerals-13,t͡ʃuksuŋ,t͡ʃuksuŋ,tʃ u k s u ŋ,,hindukush,,,^ t͡ʃ u ks u ŋ $,default,
lbj-Numerals-14-1,,lbj,Numerals-14,t͡ʃukʒi,t͡ʃukʒi,tʃ u k ʒ i,,hindukush,,,^ t͡ʃ u kʒ i $,default,
lbj-Numerals-15-1,,lbj,Numerals-15,t͡ʃoŋa,t͡ʃoŋa,tʃ o ŋ a,,hindukush,,,^ t͡ʃ o ŋ a $,default,
lbj-Numerals-16-1,,lbj,Numerals-16,t͡ʃuruk,t͡ʃuruk,tʃ u r u k,,hindukush,,,^ t͡ʃ u r u k $,default,
lbj-Numerals-17-1,,lbj,Numerals-17,t͡ʃukdun,t͡ʃukdun,tʃ u k d u n,,hindukush,,,^ t͡ʃ u k d u n $,default,
lbj-Numerals-18-1,,lbj,Numerals-18,t͡ʃokgjat,t͡ʃokgjat,tʃ o k g j a t,,hindukush,,,^ t͡ʃ o k g j a t $,default,
lbj-Numerals-19-1,,lbj,Numerals-19,t͡ʃurgu,t͡ʃurgu,tʃ u r g u,,hindukush,,,^ t͡ʃ u r g u $,default,
lbj-Numerals-20-1,,lbj,Numerals-20,ŋiʃu,ŋiʃu,ŋ i ʃ u,,hindukush,,,^ ŋ i ʃ u $,default,
lbj-Numerals-21-1,,lbj,Numerals-21,ŋiʃu st͡saqʃik,ŋiʃu_st͡saqʃik,ŋ i ʃ u + s ts a q ʃ i k,,hindukush,,,^ ŋ i ʃ u _ s t͡s a qʃ i k $,default,
lbj-Numerals-22-1,,lbj,Numerals-22,ŋiʃu st͡saqŋis,ŋiʃu_st͡saqŋis,ŋ i ʃ u + s ts a q ŋ i s,,hindukush,,,^ ŋ i ʃ u _ s t͡s a q ŋ i s $,default,
lbj-Numerals-23-1,,lbj,Numerals-23,ŋiʃu st͡saqsuŋ,ŋiʃu_st͡saqsuŋ,ŋ i ʃ u + s ts a q s u ŋ,,hindukush,,,^ ŋ i ʃ u _ s t͡s a qs u ŋ $,default,
lbj-Numerals-24-1,,lbj,Numerals-24,ŋiʃu st͡saqʒi/st͡sabʒi,ŋiʃu_st͡saqʒi,ŋ i ʃ u + s ts a q ʒ i,,hindukush,,,^ ŋ i ʃ u _ s t͡s a qʒ i $,default,
lbj-Numerals-24-2,,lbj,Numerals-24,ŋiʃu st͡saqʒi/st͡sabʒi,st͡sabʒi,s ts a b ʒ i,,hindukush,,,^ s t͡s a bʒ i $,default,
lbj-Numerals-25-1,,lbj,Numerals-25,ŋiʃu st͡saŋa,ŋiʃu_st͡saŋa,ŋ i ʃ u + s ts a ŋ a,,hindukush,,,^ ŋ i ʃ u _ s t͡s a ŋ a $,default,
lbj-Numerals-26-1,,lbj,Numerals-26,ŋiʃu st͡saqŋis,ŋiʃu_st͡saqŋis,ŋ i ʃ u + s ts a q ŋ i s,,hindukush,,,^ ŋ i ʃ u _ s t͡s a q ŋ i s $,default,
lbj-Numerals-27-1,,lbj,Numerals-27,ŋiʃu st͡saruk,ŋiʃu_st͡saruk,ŋ i ʃ u + s ts a r u k,,hindukush,,,^ ŋ i ʃ u _ s t͡s a r u k $,default,
lbj-Numerals-28-1,,lbj,Numerals-28,ŋiʃu st͡saqdun,ŋiʃu_st͡saqdun,ŋ i ʃ u + s ts a q d u n,,hindukush,,,^ ŋ i ʃ u _ s t͡s a q d u n $,default,
lbj-Numerals-29-1,,lbj,Numerals-29,ŋiʃu st͡saqgjat,ŋiʃu_st͡saqgjat,ŋ i ʃ u + s ts a q g j a t,,hindukush,,,^ ŋ i ʃ u _ s t͡s a q g j a t $,default,
lbj-Numerals-30-1,,lbj,Numerals-30,ŋiʃu st͡sargu,ŋiʃu_st͡sargu,ŋ i ʃ u + s ts a r g u,,hindukush,,,^ ŋ i ʃ u _ s t͡s a r g u $,default,
lbj-Numerals-31-1,,lbj,Numerals-31,suŋt͡ʃu,suŋt͡ʃu,s u ŋ tʃ u,,hindukush,,,^ s u ŋ t͡ʃ u $,default,
lbj-Numerals-32-1,,lbj,Numerals-32,suŋt͡ʃu sokʃik,suŋt͡ʃu_sokʃik,s u ŋ tʃ u + s o k ʃ i k,,hindukush,,,^ s u ŋ t͡ʃ u _ s o kʃ i k $,default,
lbj-Numerals-33-1,,lbj,Numerals-33,suŋt͡ʃu sokŋis,suŋt͡ʃu_sokŋis,s u ŋ tʃ u + s o k ŋ i s,,hindukush,,,^ s u ŋ t͡ʃ u _ s o k ŋ i s $,default,
lbj-Numerals-34-1,,lbj,Numerals-34,suŋt͡ʃu soksuŋ,suŋt͡ʃu_soksuŋ,s u ŋ tʃ u + s o k s u ŋ,,hindukush,,,^ s u ŋ t͡ʃ u _ s o ks u ŋ $,default,
lbj-Numerals-35-1,,lbj,Numerals-35,suŋt͡ʃu sokʒi,suŋt͡ʃu_sokʒi,s u ŋ tʃ u + s o k ʒ i,,hindukush,,,^ s u ŋ t͡ʃ u _ s o kʒ i $,default,
lbj-Numerals-36-1,,lbj,Numerals-36,suŋt͡ʃu soŋa,suŋt͡ʃu_soŋa,s u ŋ tʃ u + s o ŋ a,,hindukush,,,^ s u ŋ t͡ʃ u _ s o ŋ a $,default,
lbj-Numerals-37-1,,lbj,Numerals-37,suŋt͡ʃu soruk,suŋt͡ʃu_soruk,s u ŋ tʃ u + s o r u k,,hindukush,,,^ s u ŋ t͡ʃ u _ s o r u k $,default,
lbj-Numerals-38-1,,lbj,Numerals-38,suŋt͡ʃu sokdun,suŋt͡ʃu_sokdun,s u ŋ tʃ u + s o k d u n,,hindukush,,,^ s u ŋ t͡ʃ u _ s o k d u n $,default,
lbj-Numerals-39-1,,lbj,Numerals-39,suŋt͡ʃu sorgjat,suŋt͡ʃu_sorgjat,s u ŋ tʃ u + s o r g j a t,,hindukush,,,^ s u ŋ t͡ʃ u _ s o r g j a t $,default,
lbj-Numerals-40-1,,lbj,Numerals-40,suŋt͡ʃu sorgu,suŋt͡ʃu_sorgu,s u ŋ tʃ u + s o r g u,,hindukush,,,^ s u ŋ t͡ʃ u _ s o r g u $,default,
lbj-Numerals-41-1,,lbj,Numerals-41,ʒibt͡ʃu,ʒibt͡ʃu,ʒ i b tʃ u,,hindukush,,,^ ʒ i b t͡ʃ u $,default,
lbj-Numerals-42-1,,lbj,Numerals-42,ʒibt͡ʃu,ʒibt͡ʃu,ʒ i b tʃ u,,hindukush,,,^ ʒ i b t͡ʃ u $,default,
lbj-Numerals-43-1,,lbj,Numerals-43,ʒibt͡ʃu ʒaqʃik,ʒibt͡ʃu_ʒaqʃik,ʒ i b tʃ u + ʒ a q ʃ i k,,hindukush,,,^ ʒ i b t͡ʃ u _ ʒ a qʃ i k $,default,
lbj-Numerals-44-1,,lbj,Numerals-44,ʒibt͡ʃu ʒaqŋis,ʒibt͡ʃu_ʒaqŋis,ʒ i b tʃ u + ʒ a q ŋ i s,,hindukush,,,^ ʒ i b t͡ʃ u _ ʒ a q ŋ i s $,default,
lbj-Numerals-45-1,,lbj,Numerals-45,ʒibt͡ʃu ʒaqsuŋ,ʒibt͡ʃu_ʒaqsuŋ,ʒ i b tʃ u + ʒ a q s u ŋ,,hindukush,,,^ ʒ i b t͡ʃ u _ ʒ a qs u ŋ $,default,
lbj-Numerals-46-1,,lbj,Numerals-46,ʒibt͡ʃu ʒaqʒi,ʒibt͡ʃu_ʒaqʒi,ʒ i b tʃ u + ʒ a q ʒ i,,hindukush,,,^ ʒ i b t͡ʃ u _ ʒ a qʒ i $,default,
lbj-Numerals-47-1,,lbj,Numerals-47,ʒibt͡ʃu ʒaŋa/ʒaŋŋa,ʒibt͡ʃu_ʒaŋa,ʒ i b tʃ u + ʒ a ŋ a,,hindukush,,,^ ʒ i b t͡ʃ u _ ʒ a ŋ a $,default,
lbj-Numerals-47-2,,lbj,Numerals-47,ʒibt͡ʃu ʒaŋa/ʒaŋŋa,ʒaŋŋa,ʒ a ŋː a,,hindukush,,,^ ʒ a ŋŋ a $,default,
lbj-Numerals-48-1,,lbj,Numerals-48,ʒibt͡ʃu ʒaruk,ʒibt͡ʃu_ʒaruk,ʒ i b tʃ u + ʒ a r u k,,hindukush,,,^ ʒ i b t͡ʃ u _ ʒ a r u k $,default,
lbj-Numerals-49-1,,lbj,Numerals-49,ʒibt͡ʃu ʒaqdun,ʒibt͡ʃu_ʒaqdun,ʒ i b tʃ u + ʒ a q d u n,,hindukush,,,^ ʒ i b t͡ʃ u _ ʒ a q d u n $,default,
lbj-Numerals-50-1,,lbj,Numerals-50,ʒibt͡ʃu ʒargjat,ʒibt͡ʃu_ʒargjat,ʒ i b tʃ u + ʒ a r g j a t,,hindukush,,,^ ʒ i b t͡ʃ u _ ʒ a r g j a t $,default,
lbj-Numerals-60-1,,lbj,Numerals-60,ʒibt͡ʃu ʒargu,ʒibt͡ʃu_ʒargu,ʒ i b tʃ u + ʒ a r g u,,hindukush,,,^ ʒ i b t͡ʃ u _ ʒ a r g u $,default,
lbj-Numerals-70-1,,lbj,Numerals-70,ŋapt͡ʃu,ŋapt͡ʃu,ŋ a p tʃ u,,hindukush,,,^ ŋ a p t͡ʃ u $,default,
lbj-Numerals-80-1,,lbj,Numerals-80,ʈukt͡ʃu,ʈukt͡ʃu,ʈ u k tʃ u,,hindukush,,,^ ʈ u k t͡ʃ u $,default,
lbj-Numerals-90-1,,lbj,Numerals-90,dunt͡ʃu,dunt͡ʃu,d u n tʃ u,,hindukush,,,^ d u n t͡ʃ u $,default,
lbj-Numerals-100-1,,lbj,Numerals-100,gjart͡ʃu,gjart͡ʃu,g j a r tʃ u,,hindukush,,,^ g j a r t͡ʃ u $,default,
lbj-Numerals-110-1,,lbj,Numerals-110,gupt͡ʃu,gupt͡ʃu,g u p tʃ u,,hindukush,,,^ g u p t͡ʃ u $,default,
lbj-Numerals-120-1,,lbj,Numerals-120,gja,gja,g j a,,hindukush,,,^ g j a $,default,
lbj-Numerals-200-1,,lbj,Numerals-200,gjanaŋst͡ʃu,gjanaŋst͡ʃu,g j a n a ŋ s tʃ u,,hindukush,,,^ g j a n a ŋs t͡ʃ u $,default,
lbj-Numerals-1000-1,,lbj,Numerals-1000,gjanaŋ ŋiʃu,gjanaŋ_ŋiʃu,g j a n a ŋ + ŋ i ʃ u,,hindukush,,,^ g j a n a ŋ _ ŋ i ʃ u $,default,
mnj-Numerals-1-1,,mnj,Numerals-1,juː,juː,j uː,,hindukush,,,^ j uː $,default,
mnj-Numerals-2-1,,mnj,Numerals-2,lə,lə,l ə,,hindukush,,,^ l ə $,default,
mnj-Numerals-3-1,,mnj,Numerals-3,çiraj,çiraj,ç i r a j,,hindukush,,,^ ç i r a j $,default,
mnj-Numerals-4-1,,mnj,Numerals-4,t͡ʃəfiːr,t͡ʃəfiːr,tʃ ə f iː r,,hindukush,,,^ t͡ʃ ə f iː r $,default,
mnj-Numerals-5-1,,mnj,Numerals-5,pɑːnd͡ʒ,pɑːnd͡ʒ,p ɑː n dʒ,,hindukush,,,^ p ɑː n d͡ʒ $,default,
mnj-Numerals-6-1,,mnj,Numerals-6,ɑːχʃɛ,ɑːχʃɛ,ɑː χ ʃ ɛ,,hindukush,,,^ ɑː χʃ ɛ $,default,
mnj-Numerals-7-1,,mnj,Numerals-7,ɑːvdɛ,ɑːvdɛ,ɑː v d ɛ,,hindukush,,,^ ɑː v d ɛ $,default,
mnj-Numerals-8-1,,mnj,Numerals-8,ɑːʃcɛ,ɑːʃcɛ,ɑː ʃ c ɛ,,hindukush,,,^ ɑː ʃ c ɛ $,default,
mnj-Numerals-9-1,,mnj,Numerals-9,nɛw,nɛw,n ɛ w,,hindukush,,,^ n ɛ w $,default,
mnj-Numerals-10-1,,mnj,Numerals-10,"juː o, juː sifɛr",juː_o,j uː + o,,hindukush,,,^ j uː _ o $,default,
mnj-Numerals-10-2,,mnj,Numerals-10,"juː o, juː sifɛr",juː_sifɛr,j uː + s i f ɛ r,,hindukush,,,^ j uː _ s i f ɛ r $,default,
mnj-Numerals-11-1,,mnj,Numerals-11,juː o juː,juː_o_juː,j uː + o + j uː,,hindukush,,,^ j uː _ o _ j uː $,default,
mnj-Numerals-12-1,,mnj,Numerals-12,juː o lə,juː_o_lə,j uː + o + l ə,,hindukush,,,^ j uː _ o _ l ə $,default,
mnj-Numerals-13-1,,mnj,Numerals-13,juː o çiraj,juː_o_çiraj,j uː + o + ç i r a j,,hindukush,,,^ j uː _ o _ ç i r a j $,default,
mnj-Numerals-14-1,,mnj,Numerals-14,juː o t͡ʃəfiːr,juː_o_t͡ʃəfiːr,j uː + o + tʃ ə f iː r,,hindukush,,,^ j uː _ o _ t͡ʃ ə f iː r $,default,
mnj-Numerals-15-1,,mnj,Numerals-15,juː o pɑːnd͡ʒ,juː_o_pɑːnd͡ʒ,j uː + o + p ɑː n dʒ,,hindukush,,,^ j uː _ o _ p ɑː n d͡ʒ $,default,
mnj-Numerals-16-1,,mnj,Numerals-16,juː o ɑːχʃɛ,juː_o_ɑːχʃɛ,j uː + o + ɑː χ ʃ ɛ,,hindukush,,,^ j uː _ o _ ɑː χʃ ɛ $,default,
mnj-Numerals-17-1,,mnj,Numerals-17,juː o ɑːvdɛ,juː_o_ɑːvdɛ,j uː + o + ɑː v d ɛ,,hindukush,,,^ j uː _ o _ ɑː v d ɛ $,default,
mnj-Numerals-18-1,,mnj,Numerals-18,juː o ɑːʃcɛ,juː_o_ɑːʃcɛ,j uː + o + ɑː ʃ c ɛ,,hindukush,,,^ j uː _ o _ ɑː ʃ c ɛ $,default,
mnj-Numerals-19-1,,mnj,Numerals-19,juː o nɛw,juː_o_nɛw,j uː + o + n ɛ w,,hindukush,,,^ j uː _ o _ n ɛ w $,default,
mnj-Numerals-20-1,,mnj,Numerals-20,lə o sifɛr,lə_o_sifɛr,l ə + o + s i f ɛ r,,hindukush,,,^ l ə _ o _ s i f ɛ r $,default,
mnj-Numerals-21-1,,mnj,Numerals-21,lə o juː,lə_o_juː,l ə + o + j uː,,hindukush,,,^ l ə _ o _ j uː $,default,
mnj-Numerals-22-1,,mnj,Numerals-22,lə o lə,lə_o_lə,l ə + o + l ə,,hindukush,,,^ l ə _ o _ l ə $,default,
mnj-Numerals-23-1,,mnj,Numerals-23,lə o çiraj,lə_o_çiraj,l ə + o + ç i r a j,,hindukush,,,^ l ə _ o _ ç i r a j $,default,
mnj-Numerals-24-1,,mnj,Numerals-24,lə o t͡ʃəfiːr,lə_o_t͡ʃəfiːr,l ə + o + tʃ ə f iː r,,hindukush,,,^ l ə _ o _ t͡ʃ ə f iː r $,default,
mnj-Numerals-25-1,,mnj,Numerals-25,lə o pɑːnd͡ʒ,lə_o_pɑːnd͡ʒ,l ə + o + p ɑː n dʒ,,hindukush,,,^ l ə _ o _ p ɑː n d͡ʒ $,default,
mnj-Numerals-26-1,,mnj,Numerals-26,lə o ɑːχʃɛ,lə_o_ɑːχʃɛ,l ə + o + ɑː χ ʃ ɛ,,hindukush,,,^ l ə _ o _ ɑː χʃ ɛ $,default,
mnj-Numerals-27-1,,mnj,Numerals-27,lə o ɑːvdɛ,lə_o_ɑːvdɛ,l ə + o + ɑː v d ɛ,,hindukush,,,^ l ə _ o _ ɑː v d ɛ $,default,
mnj-Numerals-28-1,,mnj,Numerals-28,lə o ɑːʃcɛ,lə_o_ɑːʃcɛ,l ə + o + ɑː ʃ c ɛ,,hindukush,,,^ l ə _ o _ ɑː ʃ c ɛ $,default,
mnj-Numerals-29-1,,mnj,Numerals-29,lə o nɛw,lə_o_nɛw,l ə + o + n ɛ w,,hindukush,,,^ l ə _ o _ n ɛ w $,default,
mnj-Numerals-30-1,,mnj,Numerals-30,çiraj o sifɛr,çiraj_o_sifɛr,ç i r a j + o + s i f ɛ r,,hindukush,,,^ ç i r a j _ o _ s i f ɛ r $,default,
mnj-Numerals-31-1,,mnj,Numerals-31,çiraj o juː,çiraj_o_juː,ç i r a j + o + j uː,,hindukush,,,^ ç i r a j _ o _ j uː $,default,
mnj-Numerals-32-1,,mnj,Numerals-32,çiraj o lə,çiraj_o_lə,ç i r a j + o + l ə,,hindukush,,,^ ç i r a j _ o _ l ə $,default,
mnj-Numerals-33-1,,mnj,Numerals-33,çiraj o çiraj,çiraj_o_çiraj,ç i r a j + o + ç i r a j,,hindukush,,,^ ç i r a j _ o _ ç i r a j $,default,
mnj-Numerals-34-1,,mnj,Numerals-34,çiraj o t͡ʃəfiːr,çiraj_o_t͡ʃəfiːr,ç i r a j + o + tʃ ə f iː r,,hindukush,,,^ ç i r a j _ o _ t͡ʃ ə f iː r $,default,
mnj-Numerals-35-1,,mnj,Numerals-35,çiraj o pɑːnd͡ʒ,çiraj_o_pɑːnd͡ʒ,ç i r a j + o + p ɑː n dʒ,,hindukush,,,^ ç i r a j _ o _ p ɑː n d͡ʒ $,default,
mnj-Numerals-36-1,,mnj,Numerals-36,çiraj o ɑːχʃɛ,çiraj_o_ɑːχʃɛ,ç i r a j + o + ɑː χ ʃ ɛ,,hindukush,,,^ ç i r a j _ o _ ɑː χʃ ɛ $,default,
mnj-Numerals-37-1,,mnj,Numerals-37,çiraj o ɑːvdɛ,çiraj_o_ɑːvdɛ,ç i r a j + o + ɑː v d ɛ,,hindukush,,,^ ç i r a j _ o _ ɑː v d ɛ $,default,
mnj-Numerals-38-1,,mnj,Numerals-38,çiraj o ɑːʃcɛ,çiraj_o_ɑːʃcɛ,ç i r a j + o + ɑː ʃ c ɛ,,hindukush,,,^ ç i r a j _ o _ ɑː ʃ c ɛ $,default,
mnj-Numerals-39-1,,mnj,Numerals-39,çiraj o nɛw,çiraj_o_nɛw,ç i r a j + o + n ɛ w,,hindukush,,,^ ç i r a j _ o _ n ɛ w $,default,
mnj-Numerals-40-1,,mnj,Numerals-40,t͡ʃəfiːr o sifɛr,t͡ʃəfiːr_o_sifɛr,tʃ ə f iː r + o + s i f ɛ r,,hindukush,,,^ t͡ʃ ə f iː r _ o _ s i f ɛ r $,default,
mnj-Numerals-41-1,,mnj,Numerals-41,t͡ʃəfiːr o juː,t͡ʃəfiːr_o_juː,tʃ ə f iː r + o + j uː,,hindukush,,,^ t͡ʃ ə f iː r _ o _ j uː $,default,
mnj-Numerals-42-1,,mnj,Numerals-42,t͡ʃəfiːr o lə,t͡ʃəfiːr_o_lə,tʃ ə f iː r + o + l ə,,hindukush,,,^ t͡ʃ ə f iː r _ o _ l ə $,default,
mnj-Numerals-43-1,,mnj,Numerals-43,t͡ʃəfiːr o çiraj,t͡ʃəfiːr_o_çiraj,tʃ ə f iː r + o + ç i r a j,,hindukush,,,^ t͡ʃ ə f iː r _ o _ ç i r a j $,default,
mnj-Numerals-44-1,,mnj,Numerals-44,t͡ʃəfiːr o t͡ʃəfiːr,t͡ʃəfiːr_o_t͡ʃəfiːr,tʃ ə f iː r + o + tʃ ə f iː r,,hindukush,,,^ t͡ʃ ə f iː r _ o _ t͡ʃ ə f iː r $,default,
mnj-Numerals-45-1,,mnj,Numerals-45,t͡ʃəfiːr o pɑːnd͡ʒ,t͡ʃəfiːr_o_pɑːnd͡ʒ,tʃ ə f iː r + o + p ɑː n dʒ,,hindukush,,,^ t͡ʃ ə f iː r _ o _ p ɑː n d͡ʒ $,default,
mnj-Numerals-46-1,,mnj,Numerals-46,t͡ʃəfiːr o ɑːχʃɛ,t͡ʃəfiːr_o_ɑːχʃɛ,tʃ ə f iː r + o + ɑː χ ʃ ɛ,,hindukush,,,^ t͡ʃ ə f iː r _ o _ ɑː χʃ ɛ $,default,
mnj-Numerals-47-1,,mnj,Numerals-47,t͡ʃəfiːr o ɑːvdɛ,t͡ʃəfiːr_o_ɑːvdɛ,tʃ ə f iː r + o + ɑː v d ɛ,,hindukush,,,^ t͡ʃ ə f iː r _ o _ ɑː v d ɛ $,default,
mnj-Numerals-48-1,,mnj,Numerals-48,t͡ʃəfiːr o ɑːʃcɛ,t͡ʃəfiːr_o_ɑːʃcɛ,tʃ ə f iː r + o + ɑː ʃ c ɛ,,hindukush,,,^ t͡ʃ ə f iː r _ o _ ɑː ʃ c ɛ $,default,
mnj-Numerals-49-1,,mnj,Numerals-49,t͡ʃəfiːr o nɛw,t͡ʃəfiːr_o_nɛw,tʃ ə f iː r + o + n ɛ w,,hindukush,,,^ t͡ʃ ə f iː r _ o _ n ɛ w $,default,
mnj-Numerals-50-1,,mnj,Numerals-50,pɑːnd͡ʒ o sifɛr,pɑːnd͡ʒ_o_sifɛr,p ɑː n dʒ + o + s i f ɛ r,,hindukush,,,^ p ɑː n d͡ʒ _ o _ s i f ɛ r $,default,
mnj-Numerals-60-1,,mnj,Numerals-60,ɑːχʃe o sifɛr,ɑːχʃe_o_sifɛr,ɑː χ ʃ e + o + s i f ɛ r,,hindukush,,,^ ɑː χʃ e _ o _ s i f ɛ r $,default,
mnj-Numerals-70-1,,mnj,Numerals-70,ɑːvde o sifɛr,ɑːvde_o_sifɛr,ɑː v d e + o + s i f ɛ r,,hindukush,,,^ ɑː v d e _ o _ s i f ɛ r $,default,
mnj-Numerals-80-1,,mnj,Numerals-80,ɑːʃce o sifɛr,ɑːʃce_o_sifɛr,ɑː ʃ c e + o + s i f ɛ r,,hindukush,,,^ ɑː ʃ c e _ o _ s i f ɛ r $,default,
mnj-Numerals-90-1,,mnj,Numerals-90,new o sifer,new_o_sifer,n e w + o + s i f e r,,hindukush,,,^ n e w _ o _ s i f e r $,default,
mnj-Numerals-100-1,,mnj,Numerals-100,juː o lə siferiː,juː_o_lə_siferiː,j uː + o + l ə + s i f e r iː,,hindukush,,,^ j uː _ o _ l ə _ s i f e r iː $,default,
mnj-Numerals-110-1,,mnj,Numerals-110,juː o juː o juː sifer,juː_o_juː_o_juː_sifer,j uː + o + j uː + o + j uː + s i f e r,,hindukush,,,^ j uː _ o _ j uː _ o _ j uː _ s i f e r $,default,
mnj-Numerals-120-1,,mnj,Numerals-120,juː o lə o juː sifer,juː_o_lə_o_juː_sifer,j uː + o + l ə + o + j uː + s i f e r,,hindukush,,,^ j uː _ o _ l ə _ o _ j uː _ s i f e r $,default,
mnj-Numerals-200-1,,mnj,Numerals-200,lə o lə siferiː,lə_o_lə_siferiː,l ə + o + l ə + s i f e r iː,,hindukush,,,^ l ə _ o _ l ə _ s i f e r iː $,default,
mnj-Numerals-1000-1,,mnj,Numerals-1000,juː o çiraj siferiː,juː_o_çiraj_siferiː,j uː + o + ç i r a j + s i f e r iː,,hindukush,,,^ j uː _ o _ ç i r a j _ s i f e r iː $,default,
phr-Numerals-1-1,,phr,Numerals-1,ek,ek,e k,,hindukush,,,^ e k $,default,
phr-Numerals-2-1,,phr,Numerals-2,doː,doː,d oː,,hindukush,,,^ d oː $,default,
phr-Numerals-3-1,,phr,Numerals-3,træː,træː,t r æː,,hindukush,,,^ t r æː $,default,
phr-Numerals-4-1,,phr,Numerals-4,t͡ɕaːr,t͡ɕaːr,tɕ aː r,,hindukush,,,^ t͡ɕ aː r $,default,
phr-Numerals-5-1,,phr,Numerals-5,pand͡ʑ,pand͡ʑ,p a n dʑ,,hindukush,,,^ p a n d͡ʑ $,default,
phr-Numerals-6-1,,phr,Numerals-6,t͡ɕʰeː,t͡ɕʰeː,tɕʰ eː,,hindukush,,,^ t͡ɕʰ eː $,default,
phr-Numerals-7-1,,phr,Numerals-7,sat,sat,s a t,,hindukush,,,^ s a t $,default,
phr-Numerals-8-1,,phr,Numerals-8,aʈʰ,aʈʰ,a ʈʰ,,hindukush,,,^ a ʈʰ $,default,
phr-Numerals-9-1,,phr,Numerals-9,nõː,nõː,n õː,,hindukush,,,^ n õː $,default,
phr-Numerals-10-1,,phr,Numerals-10,das,das,d a s,,hindukush,,,^ d a s $,default,
phr-Numerals-11-1,,phr,Numerals-11,jaːrãː,jaːrãː,j aː r ãː,,hindukush,,,^ j aː r ãː $,default,
phr-Numerals-12-1,,phr,Numerals-12,baːrãː,baːrãː,b aː r ãː,,hindukush,,,^ b aː r ãː $,default,
phr-Numerals-13-1,,phr,Numerals-13,teːrãː,teːrãː,t eː r ãː,,hindukush,,,^ t eː r ãː $,default,
phr-Numerals-14-1,,phr,Numerals-14,t͡ɕoːdãː,t͡ɕoːdãː,tɕ oː d ãː,,hindukush,,,^ t͡ɕ oː d ãː $,default,
phr-Numerals-15-1,,phr,Numerals-15,pandərãː,pandərãː,p a n d ə r ãː,,hindukush,,,^ p a n d ə r ãː $,default,
phr-Numerals-16-1,,phr,Numerals-16,soːlãː,soːlãː,s oː l ãː,,hindukush,,,^ s oː l ãː $,default,
phr-Numerals-17-1,,phr,Numerals-17,sətaːrãː,sətaːrãː,s ə t aː r ãː,,hindukush,,,^ s ə t aː r ãː $,default,
phr-Numerals-18-1,,phr,Numerals-18,aʈʰaːrãː,aʈʰaːrãː,a ʈʰ aː r ãː,,hindukush,,,^ a ʈʰ aː r ãː $,default,
phr-Numerals-19-1,,phr,Numerals-19,unːĩː,unːĩː,u nː ĩː,,hindukush,,,^ u nː ĩː $,default,
phr-Numerals-20-1,,phr,Numerals-20,viː,viː,v iː,,hindukush,,,^ v iː $,default,
phl-Numerals-1-1,,phl,Numerals-1,aːk,aːk,aː k,,hindukush,,,^ aː k $,default,
phl-Numerals-2-1,,phl,Numerals-2,duː,duː,d uː,,hindukush,,,^ d uː $,default,
phl-Numerals-3-1,,phl,Numerals-3,troː,troː,t r oː,,hindukush,,,^ t r oː $,default,
phl-Numerals-4-1,,phl,Numerals-4,t͡ʃuːr,t͡ʃuːr,tʃ uː r,,hindukush,,,^ t͡ʃ uː r $,default,
phl-Numerals-5-1,,phl,Numerals-5,paːnd͡ʒ,paːnd͡ʒ,p aː n dʒ,,hindukush,,,^ p aː n d͡ʒ $,default,
phl-Numerals-6-1,,phl,Numerals-6,ʂo,ʂo,ʂ o,,hindukush,,,^ ʂ o $,default,
phl-Numerals-7-1,,phl,Numerals-7,saːt,saːt,s aː t,,hindukush,,,^ s aː t $,default,
phl-Numerals-8-1,,phl,Numerals-8,aːʂʈ,aːʂʈ,aː ʂ ʈ,,hindukush,,,^ aː ʂ ʈ $,default,
phl-Numerals-9-1,,phl,Numerals-9,nuː,nuː,n uː,,hindukush,,,^ n uː $,default,
phl-Numerals-10-1,,phl,Numerals-10,daːʃ,daːʃ,d aː ʃ,,hindukush,,,^ d aː ʃ $,default,
phl-Numerals-11-1,,phl,Numerals-11,akoːʃ,akoːʃ,a k oː ʃ,,hindukush,,,^ a k oː ʃ $,default,
phl-Numerals-12-1,,phl,Numerals-12,boːʃ,boːʃ,b oː ʃ,,hindukush,,,^ b oː ʃ $,default,
phl-Numerals-13-1,,phl,Numerals-13,triːʃ,triːʃ,t r iː ʃ,,hindukush,,,^ t r iː ʃ $,default,
phl-Numerals-14-1,,phl,Numerals-14,t͡ʃandiːʃ,t͡ʃandiːʃ,tʃ a n d iː ʃ,,hindukush,,,^ t͡ʃ a n d iː ʃ $,default,
phl-Numerals-15-1,,phl,Numerals-15,pand͡ʒiːʃ,pand͡ʒiːʃ,p a n dʒ iː ʃ,,hindukush,,,^ p a n d͡ʒ iː ʃ $,default,
phl-Numerals-16-1,,phl,Numerals-16,ʂoɽiːʃ,ʂoɽiːʃ,ʂ o ɽ iː ʃ,,hindukush,,,^ ʂ o ɽ iː ʃ $,default,
phl-Numerals-17-1,,phl,Numerals-17,satoːʃ,satoːʃ,s a t oː ʃ,,hindukush,,,^ s a t oː ʃ $,default,
phl-Numerals-18-1,,phl,Numerals-18,aʂʈoːʃ,aʂʈoːʃ,a ʂ ʈ oː ʃ,,hindukush,,,^ a ʂ ʈ oː ʃ $,default,
phl-Numerals-19-1,,phl,Numerals-19,aɳabʰiːʃ,aɳabʰiːʃ,a ɳ a bʰ iː ʃ,,hindukush,,,^ a ɳ a bʰ iː ʃ $,default,
phl-Numerals-20-1,,phl,Numerals-20,bʰiːʃ,bʰiːʃ,bʰ iː ʃ,,hindukush,,,^ bʰ iː ʃ $,default,
phl-Numerals-21-1,,phl,Numerals-21,bʰiʃeː aːk,bʰiʃeː_aːk,bʰ i ʃ eː + aː k,,hindukush,,,^ bʰ i ʃ eː _ aː k $,default,
phl-Numerals-22-1,,phl,Numerals-22,bʰiʃeː duː,bʰiʃeː_duː,bʰ i ʃ eː + d uː,,hindukush,,,^ bʰ i ʃ eː _ d uː $,default,
phl-Numerals-23-1,,phl,Numerals-23,bʰiʃeː troː,bʰiʃeː_troː,bʰ i ʃ eː + t r oː,,hindukush,,,^ bʰ i ʃ eː _ t r oː $,default,
phl-Numerals-24-1,,phl,Numerals-24,bʰiʃeː t͡ʃuːr,bʰiʃeː_t͡ʃuːr,bʰ i ʃ eː + tʃ uː r,,hindukush,,,^ bʰ i ʃ eː _ t͡ʃ uː r $,default,
phl-Numerals-25-1,,phl,Numerals-25,bʰiʃeː paːnd͡ʒ,bʰiʃeː_paːnd͡ʒ,bʰ i ʃ eː + p aː n dʒ,,hindukush,,,^ bʰ i ʃ eː _ p aː n d͡ʒ $,default,
phl-Numerals-26-1,,phl,Numerals-26,bʰiʃeː ʂo,bʰiʃeː_ʂo,bʰ i ʃ eː + ʂ o,,hindukush,,,^ bʰ i ʃ eː _ ʂ o $,default,
phl-Numerals-27-1,,phl,Numerals-27,bʰiʃeː saːt,bʰiʃeː_saːt,bʰ i ʃ eː + s aː t,,hindukush,,,^ bʰ i ʃ eː _ s aː t $,default,
phl-Numerals-28-1,,phl,Numerals-28,bʰiʃeː aːʂʈ,bʰiʃeː_aːʂʈ,bʰ i ʃ eː + aː ʂ ʈ,,hindukush,,,^ bʰ i ʃ eː _ aː ʂ ʈ $,default,
phl-Numerals-29-1,,phl,Numerals-29,bʰiʃeː nuː,bʰiʃeː_nuː,bʰ i ʃ eː + n uː,,hindukush,,,^ bʰ i ʃ eː _ n uː $,default,
phl-Numerals-30-1,,phl,Numerals-30,bʰiʃeː daːʃ,bʰiʃeː_daːʃ,bʰ i ʃ eː + d aː ʃ,,hindukush,,,^ bʰ i ʃ eː _ d aː ʃ $,default,
phl-Numerals-31-1,,phl,Numerals-31,bʰiʃeː akoːʃ,bʰiʃeː_akoːʃ,bʰ i ʃ eː + a k oː ʃ,,hindukush,,,^ bʰ i ʃ eː _ a k oː ʃ $,default,
phl-Numerals-32-1,,phl,Numerals-32,bʰiʃeː boːʃ,bʰiʃeː_boːʃ,bʰ i ʃ eː + b oː ʃ,,hindukush,,,^ bʰ i ʃ eː _ b oː ʃ $,default,
phl-Numerals-33-1,,phl,Numerals-33,bʰiʃeː triːʃ,bʰiʃeː_triːʃ,bʰ i ʃ eː + t r iː ʃ,,hindukush,,,^ bʰ i ʃ eː _ t r iː ʃ $,default,
phl-Numerals-34-1,,phl,Numerals-34,bʰiʃeː t͡ʃandiːʃ,bʰiʃeː_t͡ʃandiːʃ,bʰ i ʃ eː + tʃ a n d iː ʃ,,hindukush,,,^ bʰ i ʃ eː _ t͡ʃ a n d iː ʃ $,default,
phl-Numerals-35-1,,phl,Numerals-35,bʰiʃeː pand͡ʒiːʃ,bʰiʃeː_pand͡ʒiːʃ,bʰ i ʃ eː + p a n dʒ iː ʃ,,hindukush,,,^ bʰ i ʃ eː _ p a n d͡ʒ iː ʃ $,default,
phl-Numerals-36-1,,phl,Numerals-36,bʰiʃeː ʂoɽiːʃ,bʰiʃeː_ʂoɽiːʃ,bʰ i ʃ eː + ʂ o ɽ iː ʃ,,hindukush,,,^ bʰ i ʃ eː _ ʂ o ɽ iː ʃ $,default,
phl-Numerals-37-1,,phl,Numerals-37,bʰiʃeː satoːʃ,bʰiʃeː_satoːʃ,bʰ i ʃ eː + s a t oː ʃ,,hindukush,,,^ bʰ i ʃ eː _ s a t oː ʃ $,default,
phl-Numerals-38-1,,phl,Numerals-38,bʰiʃeː aʂʈoːʃ,bʰiʃeː_aʂʈoːʃ,bʰ i ʃ eː + a ʂ ʈ oː ʃ,,hindukush,,,^ bʰ i ʃ eː _ a ʂ ʈ oː ʃ $,default,
phl-Numerals-39-1,,phl,Numerals-39,bʰiʃeː aɳabʰiːʃ,bʰiʃeː_aɳabʰiːʃ,bʰ i ʃ eː + a ɳ a bʰ iː ʃ,,hindukush,,,^ bʰ i ʃ eː _ a ɳ a bʰ iː ʃ $,default,
phl-Numerals-40-1,,phl,Numerals-40,dubʰiʃa,dubʰiʃa,d u bʰ i ʃ a,,hindukush,,,^ d u bʰ i ʃ a $,default,
phl-Numerals-41-1,,phl,Numerals-41,dubʰiʃeː aːk,dubʰiʃeː_aːk,d u bʰ i ʃ eː + aː k,,hindukush,,,^ d u bʰ i ʃ eː _ aː k $,default,
phl-Numerals-42-1,,phl,Numerals-42,dubʰiʃeː duː,dubʰiʃeː_duː,d u bʰ i ʃ eː + d uː,,hindukush,,,^ d u bʰ i ʃ eː _ d uː $,default,
phl-Numerals-43-1,,phl,Numerals-43,dubʰiʃeː troː,dubʰiʃeː_troː,d u bʰ i ʃ eː + t r oː,,hindukush,,,^ d u bʰ i ʃ eː _ t r oː $,default,
phl-Numerals-44-1,,phl,Numerals-44,dubʰiʃeː t͡ʃuːr,dubʰiʃeː_t͡ʃuːr,d u bʰ i ʃ eː + tʃ uː r,,hindukush,,,^ d u bʰ i ʃ eː _ t͡ʃ uː r $,default,
phl-Numerals-45-1,,phl,Numerals-45,dubʰiʃeː paːnd͡ʒ,dubʰiʃeː_paːnd͡ʒ,d u bʰ i ʃ eː + p aː n dʒ,,hindukush,,,^ d u bʰ i ʃ eː _ p aː n d͡ʒ $,default,
phl-Numerals-46-1,,phl,Numerals-46,dubʰiʃeː ʂo,dubʰiʃeː_ʂo,d u bʰ i ʃ eː + ʂ o,,hindukush,,,^ d u bʰ i ʃ eː _ ʂ o $,default,
phl-Numerals-47-1,,phl,Numerals-47,dubʰiʃeː saːt,dubʰiʃeː_saːt,d u bʰ i ʃ eː + s aː t,,hindukush,,,^ d u bʰ i ʃ eː _ s aː t $,default,
phl-Numerals-48-1,,phl,Numerals-48,dubʰiʃeː aːʂʈ,dubʰiʃeː_aːʂʈ,d u bʰ i ʃ eː + aː ʂ ʈ,,hindukush,,,^ d u bʰ i ʃ eː _ aː ʂ ʈ $,default,
phl-Numerals-49-1,,phl,Numerals-49,dubʰiʃeː nuː,dubʰiʃeː_nuː,d u bʰ i ʃ eː + n uː,,hindukush,,,^ d u bʰ i ʃ eː _ n uː $,default,
phl-Numerals-50-1,,phl,Numerals-50,dubʰiʃeː daːʃ,dubʰiʃeː_daːʃ,d u bʰ i ʃ eː + d aː ʃ,,hindukush,,,^ d u bʰ i ʃ eː _ d aː ʃ $,default,
phl-Numerals-60-1,,phl,Numerals-60,troː bʰiʃa,troː_bʰiʃa,t r oː + bʰ i ʃ a,,hindukush,,,^ t r oː _ bʰ i ʃ a $,default,
phl-Numerals-70-1,,phl,Numerals-70,troː bʰiʃeː daːʃ,troː_bʰiʃeː_daːʃ,t r oː + bʰ i ʃ eː + d aː ʃ,,hindukush,,,^ t r oː _ bʰ i ʃ eː _ d aː ʃ $,default,
phl-Numerals-80-1,,phl,Numerals-80,t͡ʃuːr bʰiʃa,t͡ʃuːr_bʰiʃa,tʃ uː r + bʰ i ʃ a,,hindukush,,,^ t͡ʃ uː r _ bʰ i ʃ a $,default,
phl-Numerals-90-1,,phl,Numerals-90,t͡ʃuːr bʰiʃeː daːʃ,t͡ʃuːr_bʰiʃeː_daːʃ,tʃ uː r + bʰ i ʃ eː + d aː ʃ,,hindukush,,,^ t͡ʃ uː r _ bʰ i ʃ eː _ d aː ʃ $,default,
phl-Numerals-100-1,,phl,Numerals-100,paːnd͡ʒ bʰiʃa,paːnd͡ʒ_bʰiʃa,p aː n dʒ + bʰ i ʃ a,,hindukush,,,^ p aː n d͡ʒ _ bʰ i ʃ a $,default,
phl-Numerals-110-1,,phl,Numerals-110,paːnd͡ʒ bʰiʃeː daːʃ,paːnd͡ʒ_bʰiʃeː_daːʃ,p aː n dʒ + bʰ i ʃ eː + d aː ʃ,,hindukush,,,^ p aː n d͡ʒ _ bʰ i ʃ eː _ d aː ʃ $,default,
phl-Numerals-120-1,,phl,Numerals-120,ʂo bʰiʃa,ʂo_bʰiʃa,ʂ o + bʰ i ʃ a,,hindukush,,,^ ʂ o _ bʰ i ʃ a $,default,
phl-Numerals-200-1,,phl,Numerals-200,duː sawa,duː_sawa,d uː + s a w a,,hindukush,,,^ d uː _ s a w a $,default,
phl-Numerals-1000-1,,phl,Numerals-1000,zir,zir,z i r,,hindukush,,,^ z i r $,default,
prc-Numerals-1-1,,prc,Numerals-1,ʒu,ʒu,ʒ u,,hindukush,,,^ ʒ u $,default,
prc-Numerals-2-1,,prc,Numerals-2,diː,diː,d iː,,hindukush,,,^ d iː $,default,
prc-Numerals-3-1,,prc,Numerals-3,ʃiː,ʃiː,ʃ iː,,hindukush,,,^ ʃ iː $,default,
prc-Numerals-4-1,,prc,Numerals-4,t͡ʃoːr,t͡ʃoːr,tʃ oː r,,hindukush,,,^ t͡ʃ oː r $,default,
prc-Numerals-5-1,,prc,Numerals-5,poːnd͡ʒ,poːnd͡ʒ,p oː n dʒ,,hindukush,,,^ p oː n d͡ʒ $,default,
prc-Numerals-6-1,,prc,Numerals-6,χiː,χiː,χ iː,,hindukush,,,^ χ iː $,default,
prc-Numerals-7-1,,prc,Numerals-7,hoːt,hoːt,h oː t,,hindukush,,,^ h oː t $,default,
prc-Numerals-8-1,,prc,Numerals-8,oːʃt,oːʃt,oː ʃ t,,hindukush,,,^ oː ʃ t $,default,
prc-Numerals-9-1,,prc,Numerals-9,nu,nu,n u,,hindukush,,,^ n u $,default,
prc-Numerals-10-1,,prc,Numerals-10,doːs,doːs,d oː s,,hindukush,,,^ d oː s $,default,
prc-Numerals-11-1,,prc,Numerals-11,ʒoːns,ʒoːns,ʒ oː n s,,hindukush,,,^ ʒ oː ns $,default,
prc-Numerals-12-1,,prc,Numerals-12,duwɑːs,duwɑːs,d u w ɑː s,,hindukush,,,^ d u w ɑː s $,default,
prc-Numerals-13-1,,prc,Numerals-13,ʃidoːs,ʃidoːs,ʃ i d oː s,,hindukush,,,^ ʃ i d oː s $,default,
prc-Numerals-14-1,,prc,Numerals-14,t͡ʃadoːs,t͡ʃadoːs,tʃ a d oː s,,hindukush,,,^ t͡ʃ a d oː s $,default,
prc-Numerals-15-1,,prc,Numerals-15,pajns,pajns,p a j n s,,hindukush,,,^ p a j ns $,default,
prc-Numerals-16-1,,prc,Numerals-16,χoːdoːs,χoːdoːs,χ oː d oː s,,hindukush,,,^ χ oː d oː s $,default,
prc-Numerals-17-1,,prc,Numerals-17,hatos,hatos,h a t o s,,hindukush,,,^ h a t o s $,default,
prc-Numerals-18-1,,prc,Numerals-18,haʃtos,haʃtos,h a ʃ t o s,,hindukush,,,^ h a ʃ t o s $,default,
prc-Numerals-19-1,,prc,Numerals-19,nams,nams,n a m s,,hindukush,,,^ n a ms $,default,
prc-Numerals-20-1,,prc,Numerals-20,ʁoʃt,ʁoʃt,ʁ o ʃ t,,hindukush,,,^ ʁ o ʃ t $,default,
prc-Numerals-21-1,,prc,Numerals-21,ʁoʃt u ʒu,ʁoʃt_u_ʒu,ʁ o ʃ t + u + ʒ u,,hindukush,,,^ ʁ o ʃ t _ u _ ʒ u $,default,
prc-Numerals-22-1,,prc,Numerals-22,ʁoʃt u diː,ʁoʃt_u_diː,ʁ o ʃ t + u + d iː,,hindukush,,,^ ʁ o ʃ t _ u _ d iː $,default,
prc-Numerals-23-1,,prc,Numerals-23,ʁoʃt u ʃiː,ʁoʃt_u_ʃiː,ʁ o ʃ t + u + ʃ iː,,hindukush,,,^ ʁ o ʃ t _ u _ ʃ iː $,default,
prc-Numerals-24-1,,prc,Numerals-24,ʁoʃt u t͡ʃoːr,ʁoʃt_u_t͡ʃoːr,ʁ o ʃ t + u + tʃ oː r,,hindukush,,,^ ʁ o ʃ t _ u _ t͡ʃ oː r $,default,
prc-Numerals-25-1,,prc,Numerals-25,ʁoʃt u poːnd͡ʒ,ʁoʃt_u_poːnd͡ʒ,ʁ o ʃ t + u + p oː n dʒ,,hindukush,,,^ ʁ o ʃ t _ u _ p oː n d͡ʒ $,default,
prc-Numerals-26-1,,prc,Numerals-26,ʁoʃt u χiː,ʁoʃt_u_χiː,ʁ o ʃ t + u + χ iː,,hindukush,,,^ ʁ o ʃ t _ u _ χ iː $,default,
prc-Numerals-27-1,,prc,Numerals-27,ʁoʃt u hoːt,ʁoʃt_u_hoːt,ʁ o ʃ t + u + h oː t,,hindukush,,,^ ʁ o ʃ t _ u _ h oː t $,default,
prc-Numerals-28-1,,prc,Numerals-28,ʁoʃt u oːʃt,ʁoʃt_u_oːʃt,ʁ o ʃ t + u + oː ʃ t,,hindukush,,,^ ʁ o ʃ t _ u _ oː ʃ t $,default,
prc-Numerals-29-1,,prc,Numerals-29,ʁoʃt u nu,ʁoʃt_u_nu,ʁ o ʃ t + u + n u,,hindukush,,,^ ʁ o ʃ t _ u _ n u $,default,
prc-Numerals-30-1,,prc,Numerals-30,ʃos,ʃos,ʃ o s,,hindukush,,,^ ʃ o s $,default,
prc-Numerals-31-1,,prc,Numerals-31,ʃos u ʒu,ʃos_u_ʒu,ʃ o s + u + ʒ u,,hindukush,,,^ ʃ o s _ u _ ʒ u $,default,
prc-Numerals-32-1,,prc,Numerals-32,ʃos u diː,ʃos_u_diː,ʃ o s + u + d iː,,hindukush,,,^ ʃ o s _ u _ d iː $,default,
prc-Numerals-33-1,,prc,Numerals-33,ʃos u ʃiː,ʃos_u_ʃiː,ʃ o s + u + ʃ iː,,hindukush,,,^ ʃ o s _ u _ ʃ iː $,default,
prc-Numerals-34-1,,prc,Numerals-34,ʃos u t͡ʃoːr,ʃos_u_t͡ʃoːr,ʃ o s + u + tʃ oː r,,hindukush,,,^ ʃ o s _ u _ t͡ʃ oː r $,default,
prc-Numerals-35-1,,prc,Numerals-35,ʃos u poːnd͡ʒ,ʃos_u_poːnd͡ʒ,ʃ o s + u + p oː n dʒ,,hindukush,,,^ ʃ o s _ u _ p oː n d͡ʒ $,default,
prc-Numerals-36-1,,prc,Numerals-36,ʃos u χiː,ʃos_u_χiː,ʃ o s + u + χ iː,,hindukush,,,^ ʃ o s _ u _ χ iː $,default,
prc-Numerals-37-1,,prc,Numerals-37,ʃos u hoːt,ʃos_u_hoːt,ʃ o s + u + h oː t,,hindukush,,,^ ʃ o s _ u _ h oː t $,default,
prc-Numerals-38-1,,prc,Numerals-38,ʃos u oːʃt,ʃos_u_oːʃt,ʃ o s + u + oː ʃ t,,hindukush,,,^ ʃ o s _ u _ oː ʃ t $,default,
prc-Numerals-39-1,,prc,Numerals-39,ʃos u nu,ʃos_u_nu,ʃ o s + u + n u,,hindukush,,,^ ʃ o s _ u _ n u $,default,
prc-Numerals-40-1,,prc,Numerals-40,t͡ʃel,t͡ʃel,tʃ e l,,hindukush,,,^ t͡ʃ e l $,default,
prc-Numerals-41-1,,prc,Numerals-41,t͡ʃel u ʒu,t͡ʃel_u_ʒu,tʃ e l + u + ʒ u,,hindukush,,,^ t͡ʃ e l _ u _ ʒ u $,default,
prc-Numerals-42-1,,prc,Numerals-42,t͡ʃel u diː,t͡ʃel_u_diː,tʃ e l + u + d iː,,hindukush,,,^ t͡ʃ e l _ u _ d iː $,default,
prc-Numerals-43-1,,prc,Numerals-43,t͡ʃel u ʃiː,t͡ʃel_u_ʃiː,tʃ e l + u + ʃ iː,,hindukush,,,^ t͡ʃ e l _ u _ ʃ iː $,default,
prc-Numerals-44-1,,prc,Numerals-44,t͡ʃel u t͡ʃoːr,t͡ʃel_u_t͡ʃoːr,tʃ e l + u + tʃ oː r,,hindukush,,,^ t͡ʃ e l _ u _ t͡ʃ oː r $,default,
prc-Numerals-45-1,,prc,Numerals-45,t͡ʃel u poːnd͡ʒ,t͡ʃel_u_poːnd͡ʒ,tʃ e l + u + p oː n dʒ,,hindukush,,,^ t͡ʃ e l _ u _ p oː n d͡ʒ $,default,
prc-Numerals-46-1,,prc,Numerals-46,t͡ʃel u χiː,t͡ʃel_u_χiː,tʃ e l + u + χ iː,,hindukush,,,^ t͡ʃ e l _ u _ χ iː $,default,
prc-Numerals-47-1,,prc,Numerals-47,t͡ʃel u hoːt,t͡ʃel_u_hoːt,tʃ e l + u + h oː t,,hindukush,,,^ t͡ʃ e l _ u _ h oː t $,default,
prc-Numerals-48-1,,prc,Numerals-48,t͡ʃel u oːʃt,t͡ʃel_u_oːʃt,tʃ e l + u + oː ʃ t,,hindukush,,,^ t͡ʃ e l _ u _ oː ʃ t $,default,
prc-Numerals-49-1,,prc,Numerals-49,t͡ʃel u nu,t͡ʃel_u_nu,tʃ e l + u + n u,,hindukush,,,^ t͡ʃ e l _ u _ n u $,default,
prc-Numerals-50-1,,prc,Numerals-50,pend͡ʒɑː,pend͡ʒɑː,p e n dʒ ɑː,,hindukush,,,^ p e n d͡ʒ ɑː $,default,
prc-Numerals-60-1,,prc,Numerals-60,ʃast,ʃast,ʃ a s t,,hindukush,,,^ ʃ a s t $,default,
prc-Numerals-70-1,,prc,Numerals-70,haftɑːd,haftɑːd,h a f t ɑː d,,hindukush,,,^ h a f t ɑː d $,default,
prc-Numerals-80-1,,prc,Numerals-80,haʃtɑːd,haʃtɑːd,h a ʃ t ɑː d,,hindukush,,,^ h a ʃ t ɑː d $,default,
prc-Numerals-90-1,,prc,Numerals-90,nawad,nawad,n a w a d,,hindukush,,,^ n a w a d $,default,
prc-Numerals-100-1,,prc,Numerals-100,sad,sad,s a d,,hindukush,,,^ s a d $,default,
prc-Numerals-110-1,,prc,Numerals-110,jak sad u ʒu,jak_sad_u_ʒu,j a k + s a d + u + ʒ u,,hindukush,,,^ j a k _ s a d _ u _ ʒ u $,default,
prc-Numerals-120-1,,prc,Numerals-120,jak sad u ʁoʃt,jak_sad_u_ʁoʃt,j a k + s a d + u + ʁ o ʃ t,,hindukush,,,^ j a k _ s a d _ u _ ʁ o ʃ t $,default,
prc-Numerals-200-1,,prc,Numerals-200,dosad,dosad,d o s a d,,hindukush,,,^ d o s a d $,default,
prc-Numerals-1000-1,,prc,Numerals-1000,"hazɑːr, ʒu hazɑːr",hazɑːr,h a z ɑː r,,hindukush,,,^ h a z ɑː r $,default,
prc-Numerals-1000-2,,prc,Numerals-1000,"hazɑːr, ʒu hazɑːr",ʒu_hazɑːr,ʒ u + h a z ɑː r,,hindukush,,,^ ʒ u _ h a z ɑː r $,default,
psh_ai-Numerals-1-1,,psh_ai,Numerals-1,iː,iː,iː,,hindukush,,,^ iː $,default,
psh_ai-Numerals-2-1,,psh_ai,Numerals-2,doː,doː,d oː,,hindukush,,,^ d oː $,default,
psh_ai-Numerals-3-1,,psh_ai,Numerals-3,tra,tra,t r a,,hindukush,,,^ t r a $,default,
psh_ai-Numerals-4-1,,psh_ai,Numerals-4,t͡ʃaːr,t͡ʃaːr,tʃ aː r,,hindukush,,,^ t͡ʃ aː r $,default,
psh_ai-Numerals-5-1,,psh_ai,Numerals-5,paːnd͡ʒe,paːnd͡ʒe,p aː n dʒ e,,hindukush,,,^ p aː n d͡ʒ e $,default,
psh_ai-Numerals-6-1,,psh_ai,Numerals-6,ʂe,ʂe,ʂ e,,hindukush,,,^ ʂ e $,default,
psh_ai-Numerals-7-1,,psh_ai,Numerals-7,saːte,saːte,s aː t e,,hindukush,,,^ s aː t e $,default,
psh_ai-Numerals-8-1,,psh_ai,Numerals-8,aːʂʈe,aːʂʈe,aː ʂ ʈ e,,hindukush,,,^ aː ʂ ʈ e $,default,
psh_ai-Numerals-9-1,,psh_ai,Numerals-9,naːwe,naːwe,n aː w e,,hindukush,,,^ n aː w e $,default,
psh_ai-Numerals-10-1,,psh_ai,Numerals-10,daːje,daːje,d aː j e,,hindukush,,,^ d aː j e $,default,
psh_ai-Numerals-11-1,,psh_ai,Numerals-11,ʒaːi,ʒaːi,ʒ aːi,,hindukush,,,^ ʒ aːi $,default,
psh_ai-Numerals-12-1,,psh_ai,Numerals-12,duwaːi,duwaːi,d u w aːi,,hindukush,,,^ d u w aːi $,default,
psh_ai-Numerals-13-1,,psh_ai,Numerals-13,truːi,truːi,t r uː i,,hindukush,,,^ t r uːi $,default,
psh_ai-Numerals-14-1,,psh_ai,Numerals-14,t͡ʃadaːje,t͡ʃadaːje,tʃ a d aː j e,,hindukush,,,^ t͡ʃ a d aː j e $,default,
psh_ai-Numerals-15-1,,psh_ai,Numerals-15,pand͡ʒiː,pand͡ʒiː,p a n dʒ iː,,hindukush,,,^ p a n d͡ʒ iː $,default,
psh_ai-Numerals-16-1,,psh_ai,Numerals-16,ʂuːi,ʂuːi,ʂ uː i,,hindukush,,,^ ʂ uːi $,default,
psh_ai-Numerals-17-1,,psh_ai,Numerals-17,satːiː,satːiː,s a tː iː,,hindukush,,,^ s a tː iː $,default,
psh_ai-Numerals-18-1,,psh_ai,Numerals-18,aʂʈiː,aʂʈiː,a ʂ ʈ iː,,hindukush,,,^ a ʂ ʈ iː $,default,
psh_ai-Numerals-19-1,,psh_ai,Numerals-19,naiː,naiː,n a iː,,hindukush,,,^ n aiː $,default,
psh_ai-Numerals-20-1,,psh_ai,Numerals-20,west,west,w e s t,,hindukush,,,^ w e s t $,default,
psh_ai-Numerals-21-1,,psh_ai,Numerals-21,westu iː,westu_iː,w e s t u + iː,,hindukush,,,^ w e s t u _ iː $,default,
psh_ai-Numerals-22-1,,psh_ai,Numerals-22,westu doː,westu_doː,w e s t u + d oː,,hindukush,,,^ w e s t u _ d oː $,default,
psh_ai-Numerals-23-1,,psh_ai,Numerals-23,westu tra,westu_tra,w e s t u + t r a,,hindukush,,,^ w e s t u _ t r a $,default,
psh_ai-Numerals-24-1,,psh_ai,Numerals-24,westu t͡ʃaːr,westu_t͡ʃaːr,w e s t u + tʃ aː r,,hindukush,,,^ w e s t u _ t͡ʃ aː r $,default,
psh_ai-Numerals-25-1,,psh_ai,Numerals-25,westu paːnd͡ʒe,westu_paːnd͡ʒe,w e s t u + p aː n dʒ e,,hindukush,,,^ w e s t u _ p aː n d͡ʒ e $,default,
psh_ai-Numerals-26-1,,psh_ai,Numerals-26,westu ʂe,westu_ʂe,w e s t u + ʂ e,,hindukush,,,^ w e s t u _ ʂ e $,default,
psh_ai-Numerals-27-1,,psh_ai,Numerals-27,westu saːte,westu_saːte,w e s t u + s aː t e,,hindukush,,,^ w e s t u _ s aː t e $,default,
psh_ai-Numerals-28-1,,psh_ai,Numerals-28,westu aːʂʈe,westu_aːʂʈe,w e s t u + aː ʂ ʈ e,,hindukush,,,^ w e s t u _ aː ʂ ʈ e $,default,
psh_ai-Numerals-29-1,,psh_ai,Numerals-29,westu naːwe,westu_naːwe,w e s t u + n aː w e,,hindukush,,,^ w e s t u _ n aː w e $,default,
psh_ai-Numerals-30-1,,psh_ai,Numerals-30,siː,siː,s iː,,hindukush,,,^ s iː $,default,
psh_ai-Numerals-31-1,,psh_ai,Numerals-31,siːwu iː,siːwu_iː,s iː w u + iː,,hindukush,,,^ s iː w u _ iː $,default,
psh_ai-Numerals-32-1,,psh_ai,Numerals-32,siːwu doː,siːwu_doː,s iː w u + d oː,,hindukush,,,^ s iː w u _ d oː $,default,
psh_ai-Numerals-33-1,,psh_ai,Numerals-33,siːwu tra,siːwu_tra,s iː w u + t r a,,hindukush,,,^ s iː w u _ t r a $,default,
psh_ai-Numerals-34-1,,psh_ai,Numerals-34,siːwu t͡ʃaːr,siːwu_t͡ʃaːr,s iː w u + tʃ aː r,,hindukush,,,^ s iː w u _ t͡ʃ aː r $,default,
psh_ai-Numerals-35-1,,psh_ai,Numerals-35,siːwu paːnd͡ʒe,siːwu_paːnd͡ʒe,s iː w u + p aː n dʒ e,,hindukush,,,^ s iː w u _ p aː n d͡ʒ e $,default,
psh_ai-Numerals-36-1,,psh_ai,Numerals-36,siːwu ʂe,siːwu_ʂe,s iː w u + ʂ e,,hindukush,,,^ s iː w u _ ʂ e $,default,
psh_ai-Numerals-37-1,,psh_ai,Numerals-37,siːwu saːte,siːwu_saːte,s iː w u + s aː t e,,hindukush,,,^ s iː w u _ s aː t e $,default,
psh_ai-Numerals-38-1,,psh_ai,Numerals-38,siːwu aːʂʈe,siːwu_aːʂʈe,s iː w u + aː ʂ ʈ e,,hindukush,,,^ s iː w u _ aː ʂ ʈ e $,default,
psh_ai-Numerals-39-1,,psh_ai,Numerals-39,siːwu naːwe,siːwu_naːwe,s iː w u + n aː w e,,hindukush,,,^ s iː w u _ n aː w e $,default,
psh_ai-Numerals-40-1,,psh_ai,Numerals-40,t͡ʃehel,t͡ʃehel,tʃ e h e l,,hindukush,,,^ t͡ʃ e h e l $,default,
psh_ai-Numerals-41-1,,psh_ai,Numerals-41,t͡ʃehelu iː,t͡ʃehelu_iː,tʃ e h e l u + iː,,hindukush,,,^ t͡ʃ e h e l u _ iː $,default,
psh_ai-Numerals-42-1,,psh_ai,Numerals-42,t͡ʃehelu doː,t͡ʃehelu_doː,tʃ e h e l u + d oː,,hindukush,,,^ t͡ʃ e h e l u _ d oː $,default,
psh_ai-Numerals-43-1,,psh_ai,Numerals-43,t͡ʃehelu tra,t͡ʃehelu_tra,tʃ e h e l u + t r a,,hindukush,,,^ t͡ʃ e h e l u _ t r a $,default,
psh_ai-Numerals-44-1,,psh_ai,Numerals-44,t͡ʃehelu t͡ʃaːr,t͡ʃehelu_t͡ʃaːr,tʃ e h e l u + tʃ aː r,,hindukush,,,^ t͡ʃ e h e l u _ t͡ʃ aː r $,default,
psh_ai-Numerals-45-1,,psh_ai,Numerals-45,t͡ʃehelu paːnd͡ʒe,t͡ʃehelu_paːnd͡ʒe,tʃ e h e l u + p aː n dʒ e,,hindukush,,,^ t͡ʃ e h e l u _ p aː n d͡ʒ e $,default,
psh_ai-Numerals-46-1,,psh_ai,Numerals-46,t͡ʃehelu ʂe,t͡ʃehelu_ʂe,tʃ e h e l u + ʂ e,,hindukush,,,^ t͡ʃ e h e l u _ ʂ e $,default,
psh_ai-Numerals-47-1,,psh_ai,Numerals-47,t͡ʃehelu saːte,t͡ʃehelu_saːte,tʃ e h e l u + s aː t e,,hindukush,,,^ t͡ʃ e h e l u _ s aː t e $,default,
psh_ai-Numerals-48-1,,psh_ai,Numerals-48,t͡ʃehelu aːʂʈe,t͡ʃehelu_aːʂʈe,tʃ e h e l u + aː ʂ ʈ e,,hindukush,,,^ t͡ʃ e h e l u _ aː ʂ ʈ e $,default,
psh_ai-Numerals-49-1,,psh_ai,Numerals-49,t͡ʃehelu naːwe,t͡ʃehelu_naːwe,tʃ e h e l u + n aː w e,,hindukush,,,^ t͡ʃ e h e l u _ n aː w e $,default,
psh_ai-Numerals-50-1,,psh_ai,Numerals-50,pind͡ʒɑ,pind͡ʒɑ,p i n dʒ ɑ,,hindukush,,,^ p i n d͡ʒ ɑ $,default,
psh_ai-Numerals-60-1,,psh_ai,Numerals-60,ʃast,ʃast,ʃ a s t,,hindukush,,,^ ʃ a s t $,default,
psh_ai-Numerals-70-1,,psh_ai,Numerals-70,aftaːd,aftaːd,a f t aː d,,hindukush,,,^ a f t aː d $,default,
psh_ai-Numerals-80-1,,psh_ai,Numerals-80,aʃtaːd,aʃtaːd,a ʃ t aː d,,hindukush,,,^ a ʃ t aː d $,default,
psh_ai-Numerals-90-1,,psh_ai,Numerals-90,nawad,nawad,n a w a d,,hindukush,,,^ n a w a d $,default,
psh_ai-Numerals-100-1,,psh_ai,Numerals-100,ʃaːi,ʃaːi,ʃ aːi,,hindukush,,,^ ʃ aːi $,default,
psh_ai-Numerals-110-1,,psh_ai,Numerals-110,jak sadu daːje,jak_sadu_daːje,j a k + s a d u + d aː j e,,hindukush,,,^ j a k _ s a d u _ d aː j e $,default,
psh_ai-Numerals-120-1,,psh_ai,Numerals-120,jak sadu west,jak_sadu_west,j a k + s a d u + w e s t,,hindukush,,,^ j a k _ s a d u _ w e s t $,default,
psh_ai-Numerals-200-1,,psh_ai,Numerals-200,do sad,do_sad,d o + s a d,,hindukush,,,^ d o _ s a d $,default,
psh_ai-Numerals-1000-1,,psh_ai,Numerals-1000,iː hazaːr,iː_hazaːr,iː + h a z aː r,,hindukush,,,^ iː _ h a z aː r $,default,
psi_ar-Numerals-1-1,,psi_ar,Numerals-1,iː,iː,iː,,hindukush,,,^ iː $,default,
psi_ar-Numerals-2-1,,psi_ar,Numerals-2,də,də,d ə,,hindukush,,,^ d ə $,default,
psi_ar-Numerals-3-1,,psi_ar,Numerals-3,heː,heː,h eː,,hindukush,,,^ h eː $,default,
psi_ar-Numerals-4-1,,psi_ar,Numerals-4,t͡ʃaːr,t͡ʃaːr,tʃ aː r,,hindukush,,,^ t͡ʃ aː r $,default,
psi_ar-Numerals-5-1,,psi_ar,Numerals-5,pajnd͡ʒ,pajnd͡ʒ,p a j n dʒ,,hindukush,,,^ p a j n d͡ʒ $,default,
psi_ar-Numerals-6-1,,psi_ar,Numerals-6,ʃeː,ʃeː,ʃ eː,,hindukush,,,^ ʃ eː $,default,
psi_ar-Numerals-7-1,,psi_ar,Numerals-7,sat,sat,s a t,,hindukush,,,^ s a t $,default,
psi_ar-Numerals-8-1,,psi_ar,Numerals-8,aʃʈ,aʃʈ,a ʃ ʈ,,hindukush,,,^ a ʃ ʈ $,default,
psi_ar-Numerals-9-1,,psi_ar,Numerals-9,noː,noː,n oː,,hindukush,,,^ n oː $,default,
psi_ar-Numerals-10-1,,psi_ar,Numerals-10,deː,deː,d eː,,hindukush,,,^ d eː $,default,
psi_ar-Numerals-11-1,,psi_ar,Numerals-11,jaːe,jaːe,j aː e,,hindukush,,,^ j aːe $,default,
psi_ar-Numerals-12-1,,psi_ar,Numerals-12,duːwaːe,duːwaːe,d uː w aː e,,hindukush,,,^ d uː w aːe $,default,
psi_ar-Numerals-13-1,,psi_ar,Numerals-13,həwi,həwi,h ə w i,,hindukush,,,^ h ə w i $,default,
psi_ar-Numerals-14-1,,psi_ar,Numerals-14,t͡ʃadeː,t͡ʃadeː,tʃ a d eː,,hindukush,,,^ t͡ʃ a d eː $,default,
psi_ar-Numerals-15-1,,psi_ar,Numerals-15,pand͡ʒuː,pand͡ʒuː,p a n dʒ uː,,hindukush,,,^ p a n d͡ʒ uː $,default,
psi_ar-Numerals-16-1,,psi_ar,Numerals-16,ʃuːɽ,ʃuːɽ,ʃ uː ɽ,,hindukush,,,^ ʃ uː ɽ $,default,
psi_ar-Numerals-17-1,,psi_ar,Numerals-17,satuː,satuː,s a t uː,,hindukush,,,^ s a t uː $,default,
psi_ar-Numerals-18-1,,psi_ar,Numerals-18,aʃʈuː,aʃʈuː,a ʃ ʈ uː,,hindukush,,,^ a ʃ ʈ uː $,default,
psi_ar-Numerals-19-1,,psi_ar,Numerals-19,nahuː,nahuː,n a h uː,,hindukush,,,^ n a h uː $,default,
psi_ar-Numerals-20-1,,psi_ar,Numerals-20,wəst,wəst,w ə s t,,hindukush,,,^ w ə s t $,default,
psi_ar-Numerals-21-1,,psi_ar,Numerals-21,wəst iː,wəst_iː,w ə s t + iː,,hindukush,,,^ w ə s t _ iː $,default,
psi_ar-Numerals-22-1,,psi_ar,Numerals-22,wist duː,wist_duː,w i s t + d uː,,hindukush,,,^ w i s t _ d uː $,default,
psi_ar-Numerals-23-1,,psi_ar,Numerals-23,wistu heː,wistu_heː,w i s t u + h eː,,hindukush,,,^ w i s t u _ h eː $,default,
psi_ar-Numerals-24-1,,psi_ar,Numerals-24,wistu t͡ʃaːr,wistu_t͡ʃaːr,w i s t u + tʃ aː r,,hindukush,,,^ w i s t u _ t͡ʃ aː r $,default,
psi_ar-Numerals-25-1,,psi_ar,Numerals-25,wistu pajnd͡ʒ,wistu_pajnd͡ʒ,w i s t u + p a j n dʒ,,hindukush,,,^ w i s t u _ p a j n d͡ʒ $,default,
psi_ar-Numerals-26-1,,psi_ar,Numerals-26,wistu ʃeː,wistu_ʃeː,w i s t u + ʃ eː,,hindukush,,,^ w i s t u _ ʃ eː $,default,
psi_ar-Numerals-27-1,,psi_ar,Numerals-27,wistu sat,wistu_sat,w i s t u + s a t,,hindukush,,,^ w i s t u _ s a t $,default,
psi_ar-Numerals-28-1,,psi_ar,Numerals-28,wistu aʃʈ,wistu_aʃʈ,w i s t u + a ʃ ʈ,,hindukush,,,^ w i s t u _ a ʃ ʈ $,default,
psi_ar-Numerals-29-1,,psi_ar,Numerals-29,wistu noː,wistu_noː,w i s t u + n oː,,hindukush,,,^ w i s t u _ n oː $,default,
psi_ar-Numerals-30-1,,psi_ar,Numerals-30,wistu deː,wistu_deː,w i s t u + d eː,,hindukush,,,^ w i s t u _ d eː $,default,
psi_ar-Numerals-31-1,,psi_ar,Numerals-31,wistu jaːe,wistu_jaːe,w i s t u + j aː e,,hindukush,,,^ w i s t u _ j aːe $,default,
psi_ar-Numerals-32-1,,psi_ar,Numerals-32,wistu duːwaːe,wistu_duːwaːe,w i s t u + d uː w aː e,,hindukush,,,^ w i s t u _ d uː w aːe $,default,
psi_ar-Numerals-33-1,,psi_ar,Numerals-33,wistu həwi,wistu_həwi,w i s t u + h ə w i,,hindukush,,,^ w i s t u _ h ə w i $,default,
psi_ar-Numerals-34-1,,psi_ar,Numerals-34,wistu t͡ʃadeː,wistu_t͡ʃadeː,w i s t u + tʃ a d eː,,hindukush,,,^ w i s t u _ t͡ʃ a d eː $,default,
psi_ar-Numerals-35-1,,psi_ar,Numerals-35,wistu pand͡ʒuː,wistu_pand͡ʒuː,w i s t u + p a n dʒ uː,,hindukush,,,^ w i s t u _ p a n d͡ʒ uː $,default,
psi_ar-Numerals-36-1,,psi_ar,Numerals-36,wistu ʃuːɽ,wistu_ʃuːɽ,w i s t u + ʃ uː ɽ,,hindukush,,,^ w i s t u _ ʃ uː ɽ $,default,
psi_ar-Numerals-37-1,,psi_ar,Numerals-37,wistu satuː,wistu_satuː,w i s t u + s a t uː,,hindukush,,,^ w i s t u _ s a t uː $,default,
psi_ar-Numerals-38-1,,psi_ar,Numerals-38,wistu aʃʈuː,wistu_aʃʈuː,w i s t u + a ʃ ʈ uː,,hindukush,,,^ w i s t u _ a ʃ ʈ uː $,default,
psi_ar-Numerals-39-1,,psi_ar,Numerals-39,wistu nahuː,wistu_nahuː,w i s t u + n a h uː,,hindukush,,,^ w i s t u _ n a h uː $,default,
psi_ar-Numerals-40-1,,psi_ar,Numerals-40,duːwija,duːwija,d uː w i j a,,hindukush,,,^ d uː w i j a $,default,
psi_ar-Numerals-41-1,,psi_ar,Numerals-41,duːwija iː,duːwija_iː,d uː w i j a + iː,,hindukush,,,^ d uː w i j a _ iː $,default,
psi_ar-Numerals-42-1,,psi_ar,Numerals-42,duːwija də,duːwija_də,d uː w i j a + d ə,,hindukush,,,^ d uː w i j a _ d ə $,default,
psi_ar-Numerals-43-1,,psi_ar,Numerals-43,duːwija heː,duːwija_heː,d uː w i j a + h eː,,hindukush,,,^ d uː w i j a _ h eː $,default,
psi_ar-Numerals-44-1,,psi_ar,Numerals-44,duːwija t͡ʃaːr,duːwija_t͡ʃaːr,d uː w i j a + tʃ aː r,,hindukush,,,^ d uː w i j a _ t͡ʃ aː r $,default,
psi_ar-Numerals-45-1,,psi_ar,Numerals-45,duːwija pajnd͡ʒ,duːwija_pajnd͡ʒ,d uː w i j a + p a j n dʒ,,hindukush,,,^ d uː w i j a _ p a j n d͡ʒ $,default,
psi_ar-Numerals-46-1,,psi_ar,Numerals-46,duːwija ʃeː,duːwija_ʃeː,d uː w i j a + ʃ eː,,hindukush,,,^ d uː w i j a _ ʃ eː $,default,
psi_ar-Numerals-47-1,,psi_ar,Numerals-47,duːwija sat,duːwija_sat,d uː w i j a + s a t,,hindukush,,,^ d uː w i j a _ s a t $,default,
psi_ar-Numerals-48-1,,psi_ar,Numerals-48,duːwija aʃʈ,duːwija_aʃʈ,d uː w i j a + a ʃ ʈ,,hindukush,,,^ d uː w i j a _ a ʃ ʈ $,default,
psi_ar-Numerals-49-1,,psi_ar,Numerals-49,duːwija noː,duːwija_noː,d uː w i j a + n oː,,hindukush,,,^ d uː w i j a _ n oː $,default,
psi_ar-Numerals-50-1,,psi_ar,Numerals-50,duːwija deː,duːwija_deː,d uː w i j a + d eː,,hindukush,,,^ d uː w i j a _ d eː $,default,
psi_ar-Numerals-60-1,,psi_ar,Numerals-60,heːwija,heːwija,h eː w i j a,,hindukush,,,^ h eː w i j a $,default,
psi_ar-Numerals-70-1,,psi_ar,Numerals-70,heːwija deː,heːwija_deː,h eː w i j a + d eː,,hindukush,,,^ h eː w i j a _ d eː $,default,
psi_ar-Numerals-80-1,,psi_ar,Numerals-80,t͡ʃaːrwija,t͡ʃaːrwija,tʃ aː r w i j a,,hindukush,,,^ t͡ʃ aː rw i j a $,default,
psi_ar-Numerals-90-1,,psi_ar,Numerals-90,t͡ʃaːrwija deː,t͡ʃaːrwija_deː,tʃ aː r w i j a + d eː,,hindukush,,,^ t͡ʃ aː rw i j a _ d eː $,default,
psi_ar-Numerals-100-1,,psi_ar,Numerals-100,pajnd͡ʒuwija,pajnd͡ʒuwija,p a j n dʒ u w i j a,,hindukush,,,^ p a j n d͡ʒ u w i j a $,default,
psi_ar-Numerals-110-1,,psi_ar,Numerals-110,pajnd͡ʒuwija deː,pajnd͡ʒuwija_deː,p a j n dʒ u w i j a + d eː,,hindukush,,,^ p a j n d͡ʒ u w i j a _ d eː $,default,
psi_ar-Numerals-120-1,,psi_ar,Numerals-120,ʃuwija,ʃuwija,ʃ u w i j a,,hindukush,,,^ ʃ u w i j a $,default,
psi_ar-Numerals-200-1,,psi_ar,Numerals-200,də saw,də_saw,d ə + s a w,,hindukush,,,^ d ə _ s a w $,default,
psi_ar-Numerals-1000-1,,psi_ar,Numerals-1000,iː hazaːr,iː_hazaːr,iː + h a z aː r,,hindukush,,,^ iː _ h a z aː r $,default,
glh_ag-Numerals-1-1,,glh_ag,Numerals-1,iː,iː,iː,,hindukush,,,^ iː $,default,
glh_ag-Numerals-2-1,,glh_ag,Numerals-2,doː,doː,d oː,,hindukush,,,^ d oː $,default,
glh_ag-Numerals-3-1,,glh_ag,Numerals-3,tra,tra,t r a,,hindukush,,,^ t r a $,default,
glh_ag-Numerals-4-1,,glh_ag,Numerals-4,t͡ʃoːr,t͡ʃoːr,tʃ oː r,,hindukush,,,^ t͡ʃ oː r $,default,
glh_ag-Numerals-5-1,,glh_ag,Numerals-5,paːnd͡ʒə,paːnd͡ʒə,p aː n dʒ ə,,hindukush,,,^ p aː n d͡ʒ ə $,default,
glh_ag-Numerals-6-1,,glh_ag,Numerals-6,t͡ʃaː,t͡ʃaː,tʃ aː,,hindukush,,,^ t͡ʃ aː $,default,
glh_ag-Numerals-7-1,,glh_ag,Numerals-7,saːtə,saːtə,s aː t ə,,hindukush,,,^ s aː t ə $,default,
glh_ag-Numerals-8-1,,glh_ag,Numerals-8,aːʃʈə,aːʃʈə,aː ʃ ʈ ə,,hindukush,,,^ aː ʃ ʈ ə $,default,
glh_ag-Numerals-9-1,,glh_ag,Numerals-9,naːu,naːu,n aːu,,hindukush,,,^ n aːu $,default,
glh_ag-Numerals-10-1,,glh_ag,Numerals-10,deː,deː,d eː,,hindukush,,,^ d eː $,default,
glh_ag-Numerals-11-1,,glh_ag,Numerals-11,ʒuiː,ʒuiː,ʒ u iː,,hindukush,,,^ ʒ uiː $,default,
glh_ag-Numerals-12-1,,glh_ag,Numerals-12,duiː,duiː,d u iː,,hindukush,,,^ d uiː $,default,
glh_ag-Numerals-13-1,,glh_ag,Numerals-13,truiː,truiː,t r u iː,,hindukush,,,^ t r uiː $,default,
glh_ag-Numerals-14-1,,glh_ag,Numerals-14,t͡ʃadeː,t͡ʃadeː,tʃ a d eː,,hindukush,,,^ t͡ʃ a d eː $,default,
glh_ag-Numerals-15-1,,glh_ag,Numerals-15,pand͡ʒiː,pand͡ʒiː,p a n dʒ iː,,hindukush,,,^ p a n d͡ʒ iː $,default,
glh_ag-Numerals-16-1,,glh_ag,Numerals-16,t͡ʃuiː,t͡ʃuiː,tʃ u iː,,hindukush,,,^ t͡ʃ uiː $,default,
glh_ag-Numerals-17-1,,glh_ag,Numerals-17,satiː,satiː,s a t iː,,hindukush,,,^ s a t iː $,default,
glh_ag-Numerals-18-1,,glh_ag,Numerals-18,aːʃʈiː,aːʃʈiː,aː ʃ ʈ iː,,hindukush,,,^ aː ʃ ʈ iː $,default,
glh_ag-Numerals-19-1,,glh_ag,Numerals-19,nawiː,nawiː,n a w iː,,hindukush,,,^ n a w iː $,default,
glh_ag-Numerals-20-1,,glh_ag,Numerals-20,wast,wast,w a s t,,hindukush,,,^ w a s t $,default,
glh_ag-Numerals-21-1,,glh_ag,Numerals-21,wastu iː,wastu_iː,w a s t u + iː,,hindukush,,,^ w a s t u _ iː $,default,
glh_ag-Numerals-22-1,,glh_ag,Numerals-22,wastu doː,wastu_doː,w a s t u + d oː,,hindukush,,,^ w a s t u _ d oː $,default,
glh_ag-Numerals-23-1,,glh_ag,Numerals-23,wastu tra,wastu_tra,w a s t u + t r a,,hindukush,,,^ w a s t u _ t r a $,default,
glh_ag-Numerals-24-1,,glh_ag,Numerals-24,wastu t͡ʃoːr,wastu_t͡ʃoːr,w a s t u + tʃ oː r,,hindukush,,,^ w a s t u _ t͡ʃ oː r $,default,
glh_ag-Numerals-25-1,,glh_ag,Numerals-25,wastu paːnd͡ʒə,wastu_paːnd͡ʒə,w a s t u + p aː n dʒ ə,,hindukush,,,^ w a s t u _ p aː n d͡ʒ ə $,default,
glh_ag-Numerals-26-1,,glh_ag,Numerals-26,wastu t͡ʃaː,wastu_t͡ʃaː,w a s t u + tʃ aː,,hindukush,,,^ w a s t u _ t͡ʃ aː $,default,
glh_ag-Numerals-27-1,,glh_ag,Numerals-27,wastu saːtə,wastu_saːtə,w a s t u + s aː t ə,,hindukush,,,^ w a s t u _ s aː t ə $,default,
glh_ag-Numerals-28-1,,glh_ag,Numerals-28,wastu aːʃʈə,wastu_aːʃʈə,w a s t u + aː ʃ ʈ ə,,hindukush,,,^ w a s t u _ aː ʃ ʈ ə $,default,
glh_ag-Numerals-29-1,,glh_ag,Numerals-29,wastu naːu,wastu_naːu,w a s t u + n aːu,,hindukush,,,^ w a s t u _ n aːu $,default,
glh_ag-Numerals-30-1,,glh_ag,Numerals-30,wastu deː,wastu_deː,w a s t u + d eː,,hindukush,,,^ w a s t u _ d eː $,default,
glh_ag-Numerals-31-1,,glh_ag,Numerals-31,wastu ʒuiː,wastu_ʒuiː,w a s t u + ʒ u iː,,hindukush,,,^ w a s t u _ ʒ uiː $,default,
glh_ag-Numerals-32-1,,glh_ag,Numerals-32,wastu duiː,wastu_duiː,w a s t u + d u iː,,hindukush,,,^ w a s t u _ d uiː $,default,
glh_ag-Numerals-33-1,,glh_ag,Numerals-33,wastu truiː,wastu_truiː,w a s t u + t r u iː,,hindukush,,,^ w a s t u _ t r uiː $,default,
glh_ag-Numerals-34-1,,glh_ag,Numerals-34,wastu t͡ʃadeː,wastu_t͡ʃadeː,w a s t u + tʃ a d eː,,hindukush,,,^ w a s t u _ t͡ʃ a d eː $,default,
glh_ag-Numerals-35-1,,glh_ag,Numerals-35,wastu pand͡ʒiː,wastu_pand͡ʒiː,w a s t u + p a n dʒ iː,,hindukush,,,^ w a s t u _ p a n d͡ʒ iː $,default,
glh_ag-Numerals-36-1,,glh_ag,Numerals-36,wastu t͡ʃuiː,wastu_t͡ʃuiː,w a s t u + tʃ u iː,,hindukush,,,^ w a s t u _ t͡ʃ uiː $,default,
glh_ag-Numerals-37-1,,glh_ag,Numerals-37,wastu satiː,wastu_satiː,w a s t u + s a t iː,,hindukush,,,^ w a s t u _ s a t iː $,default,
glh_ag-Numerals-38-1,,glh_ag,Numerals-38,wastu aːʃʈiː,wastu_aːʃʈiː,w a s t u + aː ʃ ʈ iː,,hindukush,,,^ w a s t u _ aː ʃ ʈ iː $,default,
glh_ag-Numerals-39-1,,glh_ag,Numerals-39,wastu nawiː,wastu_nawiː,w a s t u + n a w iː,,hindukush,,,^ w a s t u _ n a w iː $,default,
glh_ag-Numerals-40-1,,glh_ag,Numerals-40,deːo,deːo,d eː o,,hindukush,,,^ d eːo $,default,
glh_ag-Numerals-41-1,,glh_ag,Numerals-41,deːo iː,deːo_iː,d eː o + iː,,hindukush,,,^ d eːo _ iː $,default,
glh_ag-Numerals-42-1,,glh_ag,Numerals-42,deːo doː,deːo_doː,d eː o + d oː,,hindukush,,,^ d eːo _ d oː $,default,
glh_ag-Numerals-43-1,,glh_ag,Numerals-43,deːo tra,deːo_tra,d eː o + t r a,,hindukush,,,^ d eːo _ t r a $,default,
glh_ag-Numerals-44-1,,glh_ag,Numerals-44,deːo t͡ʃoːr,deːo_t͡ʃoːr,d eː o + tʃ oː r,,hindukush,,,^ d eːo _ t͡ʃ oː r $,default,
glh_ag-Numerals-45-1,,glh_ag,Numerals-45,deːo paːnd͡ʒə,deːo_paːnd͡ʒə,d eː o + p aː n dʒ ə,,hindukush,,,^ d eːo _ p aː n d͡ʒ ə $,default,
glh_ag-Numerals-46-1,,glh_ag,Numerals-46,deːo t͡ʃaː,deːo_t͡ʃaː,d eː o + tʃ aː,,hindukush,,,^ d eːo _ t͡ʃ aː $,default,
glh_ag-Numerals-47-1,,glh_ag,Numerals-47,deːo saːtə,deːo_saːtə,d eː o + s aː t ə,,hindukush,,,^ d eːo _ s aː t ə $,default,
glh_ag-Numerals-48-1,,glh_ag,Numerals-48,deːo aːʃʈə,deːo_aːʃʈə,d eː o + aː ʃ ʈ ə,,hindukush,,,^ d eːo _ aː ʃ ʈ ə $,default,
glh_ag-Numerals-49-1,,glh_ag,Numerals-49,deːo naːu,deːo_naːu,d eː o + n aːu,,hindukush,,,^ d eːo _ n aːu $,default,
glh_ag-Numerals-50-1,,glh_ag,Numerals-50,deːo deː,deːo_deː,d eː o + d eː,,hindukush,,,^ d eːo _ d eː $,default,
glh_ag-Numerals-60-1,,glh_ag,Numerals-60,traewo,traewo,t r a e w o,,hindukush,,,^ t r ae w o $,default,
glh_ag-Numerals-70-1,,glh_ag,Numerals-70,traewo deː,traewo_deː,t r a e w o + d eː,,hindukush,,,^ t r ae w o _ d eː $,default,
glh_ag-Numerals-80-1,,glh_ag,Numerals-80,t͡ʃoːriju,t͡ʃoːriju,tʃ oː r i j u,,hindukush,,,^ t͡ʃ oː r i j u $,default,
glh_ag-Numerals-90-1,,glh_ag,Numerals-90,t͡ʃoːriju deː,t͡ʃoːriju_deː,tʃ oː r i j u + d eː,,hindukush,,,^ t͡ʃ oː r i j u _ d eː $,default,
glh_ag-Numerals-100-1,,glh_ag,Numerals-100,iː sad,iː_sad,iː + s a d,,hindukush,,,^ iː _ s a d $,default,
glh_ag-Numerals-110-1,,glh_ag,Numerals-110,iː sadu deː,iː_sadu_deː,iː + s a d u + d eː,,hindukush,,,^ iː _ s a d u _ d eː $,default,
glh_ag-Numerals-120-1,,glh_ag,Numerals-120,iː sadu wast,iː_sadu_wast,iː + s a d u + w a s t,,hindukush,,,^ iː _ s a d u _ w a s t $,default,
glh_ag-Numerals-200-1,,glh_ag,Numerals-200,doː sad,doː_sad,d oː + s a d,,hindukush,,,^ d oː _ s a d $,default,
glh_ag-Numerals-1000-1,,glh_ag,Numerals-1000,iː azaːr,iː_azaːr,iː + a z aː r,,hindukush,,,^ iː _ a z aː r $,default,
psi_am-Numerals-1-1,,psi_am,Numerals-1,iː,iː,iː,,hindukush,,,^ iː $,default,
psi_am-Numerals-2-1,,psi_am,Numerals-2,doː,doː,d oː,,hindukush,,,^ d oː $,default,
psi_am-Numerals-3-1,,psi_am,Numerals-3,ɬe,ɬe,ɬ e,,hindukush,,,^ ɬ e $,default,
psi_am-Numerals-4-1,,psi_am,Numerals-4,t͡ʃaːr,t͡ʃaːr,tʃ aː r,,hindukush,,,^ t͡ʃ aː r $,default,
psi_am-Numerals-5-1,,psi_am,Numerals-5,pand͡ʒ,pand͡ʒ,p a n dʒ,,hindukush,,,^ p a n d͡ʒ $,default,
psi_am-Numerals-6-1,,psi_am,Numerals-6,ʃeː,ʃeː,ʃ eː,,hindukush,,,^ ʃ eː $,default,
psi_am-Numerals-7-1,,psi_am,Numerals-7,sat,sat,s a t,,hindukush,,,^ s a t $,default,
psi_am-Numerals-8-1,,psi_am,Numerals-8,haʃt,haʃt,h a ʃ t,,hindukush,,,^ h a ʃ t $,default,
psi_am-Numerals-9-1,,psi_am,Numerals-9,noː,noː,n oː,,hindukush,,,^ n oː $,default,
psi_am-Numerals-10-1,,psi_am,Numerals-10,deː,deː,d eː,,hindukush,,,^ d eː $,default,
psi_am-Numerals-11-1,,psi_am,Numerals-11,jaːe,jaːe,j aː e,,hindukush,,,^ j aːe $,default,
psi_am-Numerals-12-1,,psi_am,Numerals-12,duwaːe,duwaːe,d u w aː e,,hindukush,,,^ d u w aːe $,default,
psi_am-Numerals-13-1,,psi_am,Numerals-13,ɬue,ɬue,ɬ u e,,hindukush,,,^ ɬ ue $,default,
psi_am-Numerals-14-1,,psi_am,Numerals-14,t͡ʃadeː,t͡ʃadeː,tʃ a d eː,,hindukush,,,^ t͡ʃ a d eː $,default,
psi_am-Numerals-15-1,,psi_am,Numerals-15,pand͡ʒu,pand͡ʒu,p a n dʒ u,,hindukush,,,^ p a n d͡ʒ u $,default,
psi_am-Numerals-16-1,,psi_am,Numerals-16,ʃoːɽ,ʃoːɽ,ʃ oː ɽ,,hindukush,,,^ ʃ oː ɽ $,default,
psi_am-Numerals-17-1,,psi_am,Numerals-17,satu,satu,s a t u,,hindukush,,,^ s a t u $,default,
psi_am-Numerals-18-1,,psi_am,Numerals-18,aʃʈu,aʃʈu,a ʃ ʈ u,,hindukush,,,^ a ʃ ʈ u $,default,
psi_am-Numerals-19-1,,psi_am,Numerals-19,nau,nau,n au,,hindukush,,,^ n au $,default,
psi_am-Numerals-20-1,,psi_am,Numerals-20,west,west,w e s t,,hindukush,,,^ w e s t $,default,
psi_am-Numerals-21-1,,psi_am,Numerals-21,west oː iː,west_oː_iː,w e s t + oː + iː,,hindukush,,,^ w e s t _ oː _ iː $,default,
psi_am-Numerals-22-1,,psi_am,Numerals-22,west oː doː,west_oː_doː,w e s t + oː + d oː,,hindukush,,,^ w e s t _ oː _ d oː $,default,
psi_am-Numerals-23-1,,psi_am,Numerals-23,west oː ɬe,west_oː_ɬe,w e s t + oː + ɬ e,,hindukush,,,^ w e s t _ oː _ ɬ e $,default,
psi_am-Numerals-24-1,,psi_am,Numerals-24,west oː t͡ʃaːr,west_oː_t͡ʃaːr,w e s t + oː + tʃ aː r,,hindukush,,,^ w e s t _ oː _ t͡ʃ aː r $,default,
psi_am-Numerals-25-1,,psi_am,Numerals-25,west oː pand͡ʒ,west_oː_pand͡ʒ,w e s t + oː + p a n dʒ,,hindukush,,,^ w e s t _ oː _ p a n d͡ʒ $,default,
psi_am-Numerals-26-1,,psi_am,Numerals-26,west oː ʃeː,west_oː_ʃeː,w e s t + oː + ʃ eː,,hindukush,,,^ w e s t _ oː _ ʃ eː $,default,
psi_am-Numerals-27-1,,psi_am,Numerals-27,west oː sat,west_oː_sat,w e s t + oː + s a t,,hindukush,,,^ w e s t _ oː _ s a t $,default,
psi_am-Numerals-28-1,,psi_am,Numerals-28,west oː haʃt,west_oː_haʃt,w e s t + oː + h a ʃ t,,hindukush,,,^ w e s t _ oː _ h a ʃ t $,default,
psi_am-Numerals-29-1,,psi_am,Numerals-29,west oː noː,west_oː_noː,w e s t + oː + n oː,,hindukush,,,^ w e s t _ oː _ n oː $,default,
psi_am-Numerals-30-1,,psi_am,Numerals-30,west oː deː,west_oː_deː,w e s t + oː + d eː,,hindukush,,,^ w e s t _ oː _ d eː $,default,
psi_am-Numerals-31-1,,psi_am,Numerals-31,west oː jaːe,west_oː_jaːe,w e s t + oː + j aː e,,hindukush,,,^ w e s t _ oː _ j aːe $,default,
psi_am-Numerals-32-1,,psi_am,Numerals-32,west oː duwaːe,west_oː_duwaːe,w e s t + oː + d u w aː e,,hindukush,,,^ w e s t _ oː _ d u w aːe $,default,
psi_am-Numerals-33-1,,psi_am,Numerals-33,west oː ɬue,west_oː_ɬue,w e s t + oː + ɬ u e,,hindukush,,,^ w e s t _ oː _ ɬ ue $,default,
psi_am-Numerals-34-1,,psi_am,Numerals-34,west oː t͡ʃadeː,west_oː_t͡ʃadeː,w e s t + oː + tʃ a d eː,,hindukush,,,^ w e s t _ oː _ t͡ʃ a d eː $,default,
psi_am-Numerals-35-1,,psi_am,Numerals-35,west oː pand͡ʒu,west_oː_pand͡ʒu,w e s t + oː + p a n dʒ u,,hindukush,,,^ w e s t _ oː _ p a n d͡ʒ u $,default,
psi_am-Numerals-36-1,,psi_am,Numerals-36,west oː ʃoːɽ,west_oː_ʃoːɽ,w e s t + oː + ʃ oː ɽ,,hindukush,,,^ w e s t _ oː _ ʃ oː ɽ $,default,
psi_am-Numerals-37-1,,psi_am,Numerals-37,west oː satu,west_oː_satu,w e s t + oː + s a t u,,hindukush,,,^ w e s t _ oː _ s a t u $,default,
psi_am-Numerals-38-1,,psi_am,Numerals-38,west oː aʃʈu,west_oː_aʃʈu,w e s t + oː + a ʃ ʈ u,,hindukush,,,^ w e s t _ oː _ a ʃ ʈ u $,default,
psi_am-Numerals-39-1,,psi_am,Numerals-39,west oː nau,west_oː_nau,w e s t + oː + n au,,hindukush,,,^ w e s t _ oː _ n au $,default,
psi_am-Numerals-40-1,,psi_am,Numerals-40,dəwija,dəwija,d ə w i j a,,hindukush,,,^ d ə w i j a $,default,
psi_am-Numerals-41-1,,psi_am,Numerals-41,dəwija oː iː,dəwija_oː_iː,d ə w i j a + oː + iː,,hindukush,,,^ d ə w i j a _ oː _ iː $,default,
psi_am-Numerals-42-1,,psi_am,Numerals-42,dəwija oː doː,dəwija_oː_doː,d ə w i j a + oː + d oː,,hindukush,,,^ d ə w i j a _ oː _ d oː $,default,
psi_am-Numerals-43-1,,psi_am,Numerals-43,dəwija oː ɬe,dəwija_oː_ɬe,d ə w i j a + oː + ɬ e,,hindukush,,,^ d ə w i j a _ oː _ ɬ e $,default,
psi_am-Numerals-44-1,,psi_am,Numerals-44,dəwija oː t͡ʃaːr,dəwija_oː_t͡ʃaːr,d ə w i j a + oː + tʃ aː r,,hindukush,,,^ d ə w i j a _ oː _ t͡ʃ aː r $,default,
psi_am-Numerals-45-1,,psi_am,Numerals-45,dəwija oː pand͡ʒ,dəwija_oː_pand͡ʒ,d ə w i j a + oː + p a n dʒ,,hindukush,,,^ d ə w i j a _ oː _ p a n d͡ʒ $,default,
psi_am-Numerals-46-1,,psi_am,Numerals-46,dəwija oː ʃeː,dəwija_oː_ʃeː,d ə w i j a + oː + ʃ eː,,hindukush,,,^ d ə w i j a _ oː _ ʃ eː $,default,
psi_am-Numerals-47-1,,psi_am,Numerals-47,dəwija oː sat,dəwija_oː_sat,d ə w i j a + oː + s a t,,hindukush,,,^ d ə w i j a _ oː _ s a t $,default,
psi_am-Numerals-48-1,,psi_am,Numerals-48,dəwija oː haʃt,dəwija_oː_haʃt,d ə w i j a + oː + h a ʃ t,,hindukush,,,^ d ə w i j a _ oː _ h a ʃ t $,default,
psi_am-Numerals-49-1,,psi_am,Numerals-49,dəwija oː noː,dəwija_oː_noː,d ə w i j a + oː + n oː,,hindukush,,,^ d ə w i j a _ oː _ n oː $,default,
psi_am-Numerals-50-1,,psi_am,Numerals-50,dəwija oː deː,dəwija_oː_deː,d ə w i j a + oː + d eː,,hindukush,,,^ d ə w i j a _ oː _ d eː $,default,
psi_am-Numerals-60-1,,psi_am,Numerals-60,ɬewija,ɬewija,ɬ e w i j a,,hindukush,,,^ ɬ e w i j a $,default,
psi_am-Numerals-70-1,,psi_am,Numerals-70,ɬewija oː deː,ɬewija_oː_deː,ɬ e w i j a + oː + d eː,,hindukush,,,^ ɬ e w i j a _ oː _ d eː $,default,
psi_am-Numerals-80-1,,psi_am,Numerals-80,t͡ʃaːrwija,t͡ʃaːrwija,tʃ aː r w i j a,,hindukush,,,^ t͡ʃ aː rw i j a $,default,
psi_am-Numerals-90-1,,psi_am,Numerals-90,t͡ʃaːrwija oː deː,t͡ʃaːrwija_oː_deː,tʃ aː r w i j a + oː + d eː,,hindukush,,,^ t͡ʃ aː rw i j a _ oː _ d eː $,default,
psi_am-Numerals-100-1,,psi_am,Numerals-100,pand͡ʒuwija,pand͡ʒuwija,p a n dʒ u w i j a,,hindukush,,,^ p a n d͡ʒ u w i j a $,default,
psi_am-Numerals-110-1,,psi_am,Numerals-110,pand͡ʒuwija oː deː,pand͡ʒuwija_oː_deː,p a n dʒ u w i j a + oː + d eː,,hindukush,,,^ p a n d͡ʒ u w i j a _ oː _ d eː $,default,
psi_am-Numerals-120-1,,psi_am,Numerals-120,ʃewija,ʃewija,ʃ e w i j a,,hindukush,,,^ ʃ e w i j a $,default,
psi_am-Numerals-200-1,,psi_am,Numerals-200,doː sad,doː_sad,d oː + s a d,,hindukush,,,^ d oː _ s a d $,default,
psi_am-Numerals-1000-1,,psi_am,Numerals-1000,iː azaːr,iː_azaːr,iː + a z aː r,,hindukush,,,^ iː _ a z aː r $,default,
aee_at-Numerals-1-1,,aee_at,Numerals-1,eː,eː,eː,,hindukush,,,^ eː $,default,
aee_at-Numerals-2-1,,aee_at,Numerals-2,duː,duː,d uː,,hindukush,,,^ d uː $,default,
aee_at-Numerals-3-1,,aee_at,Numerals-3,trəː,trəː,t r əː,,hindukush,,,^ t r əː $,default,
aee_at-Numerals-4-1,,aee_at,Numerals-4,t͡ʃoːr,t͡ʃoːr,tʃ oː r,,hindukush,,,^ t͡ʃ oː r $,default,
aee_at-Numerals-5-1,,aee_at,Numerals-5,paːnj,paːnj,p aː n j,,hindukush,,,^ p aː n j $,default,
aee_at-Numerals-6-1,,aee_at,Numerals-6,t͡ʃəː,t͡ʃəː,tʃ əː,,hindukush,,,^ t͡ʃ əː $,default,
aee_at-Numerals-7-1,,aee_at,Numerals-7,saːt,saːt,s aː t,,hindukush,,,^ s aː t $,default,
aee_at-Numerals-8-1,,aee_at,Numerals-8,aːʃt,aːʃt,aː ʃ t,,hindukush,,,^ aː ʃ t $,default,
aee_at-Numerals-9-1,,aee_at,Numerals-9,naw,naw,n a w,,hindukush,,,^ n a w $,default,
aee_at-Numerals-10-1,,aee_at,Numerals-10,daːe,daːe,d aː e,,hindukush,,,^ d aːe $,default,
aee_at-Numerals-11-1,,aee_at,Numerals-11,juːj,juːj,j uː j,,hindukush,,,^ j uː j $,default,
aee_at-Numerals-12-1,,aee_at,Numerals-12,duːj,duːj,d uː j,,hindukush,,,^ d uː j $,default,
aee_at-Numerals-13-1,,aee_at,Numerals-13,truj,truj,t r u j,,hindukush,,,^ t r u j $,default,
aee_at-Numerals-14-1,,aee_at,Numerals-14,t͡ʃadaj,t͡ʃadaj,tʃ a d a j,,hindukush,,,^ t͡ʃ a d a j $,default,
aee_at-Numerals-15-1,,aee_at,Numerals-15,paːnju,paːnju,p aː n j u,,hindukush,,,^ p aː n j u $,default,
aee_at-Numerals-16-1,,aee_at,Numerals-16,ʃiɽ,ʃiɽ,ʃ i ɽ,,hindukush,,,^ ʃ i ɽ $,default,
aee_at-Numerals-17-1,,aee_at,Numerals-17,satiju,satiju,s a t i j u,,hindukush,,,^ s a t i j u $,default,
aee_at-Numerals-18-1,,aee_at,Numerals-18,aʃʈiju,aʃʈiju,a ʃ ʈ i j u,,hindukush,,,^ a ʃ ʈ i j u $,default,
aee_at-Numerals-19-1,,aee_at,Numerals-19,nawijaw,nawijaw,n a w i j a w,,hindukush,,,^ n a w i j a w $,default,
aee_at-Numerals-20-1,,aee_at,Numerals-20,weːst,weːst,w eː s t,,hindukush,,,^ w eː s t $,default,
aee_at-Numerals-21-1,,aee_at,Numerals-21,weːst me iː,weːst_me_iː,w eː s t + m e + iː,,hindukush,,,^ w eː s t _ m e _ iː $,default,
aee_at-Numerals-22-1,,aee_at,Numerals-22,weːst me duː,weːst_me_duː,w eː s t + m e + d uː,,hindukush,,,^ w eː s t _ m e _ d uː $,default,
aee_at-Numerals-23-1,,aee_at,Numerals-23,weːst me trəː,weːst_me_trəː,w eː s t + m e + t r əː,,hindukush,,,^ w eː s t _ m e _ t r əː $,default,
aee_at-Numerals-24-1,,aee_at,Numerals-24,weːst me t͡ʃoːr,weːst_me_t͡ʃoːr,w eː s t + m e + tʃ oː r,,hindukush,,,^ w eː s t _ m e _ t͡ʃ oː r $,default,
aee_at-Numerals-25-1,,aee_at,Numerals-25,weːst me paːnj,weːst_me_paːnj,w eː s t + m e + p aː n j,,hindukush,,,^ w eː s t _ m e _ p aː n j $,default,
aee_at-Numerals-26-1,,aee_at,Numerals-26,weːst me t͡ʃəː,weːst_me_t͡ʃəː,w eː s t + m e + tʃ əː,,hindukush,,,^ w eː s t _ m e _ t͡ʃ əː $,default,
aee_at-Numerals-27-1,,aee_at,Numerals-27,weːst me saːt,weːst_me_saːt,w eː s t + m e + s aː t,,hindukush,,,^ w eː s t _ m e _ s aː t $,default,
aee_at-Numerals-28-1,,aee_at,Numerals-28,weːst me aːʃt,weːst_me_aːʃt,w eː s t + m e + aː ʃ t,,hindukush,,,^ w eː s t _ m e _ aː ʃ t $,default,
aee_at-Numerals-29-1,,aee_at,Numerals-29,weːst me naw,weːst_me_naw,w eː s t + m e + n a w,,hindukush,,,^ w eː s t _ m e _ n a w $,default,
aee_at-Numerals-30-1,,aee_at,Numerals-30,weːst me daːe,weːst_me_daːe,w eː s t + m e + d aː e,,hindukush,,,^ w eː s t _ m e _ d aːe $,default,
aee_at-Numerals-31-1,,aee_at,Numerals-31,weːst me juːj,weːst_me_juːj,w eː s t + m e + j uː j,,hindukush,,,^ w eː s t _ m e _ j uː j $,default,
aee_at-Numerals-32-1,,aee_at,Numerals-32,weːst me duːj,weːst_me_duːj,w eː s t + m e + d uː j,,hindukush,,,^ w eː s t _ m e _ d uː j $,default,
aee_at-Numerals-33-1,,aee_at,Numerals-33,weːst me truj,weːst_me_truj,w eː s t + m e + t r u j,,hindukush,,,^ w eː s t _ m e _ t r u j $,default,
aee_at-Numerals-34-1,,aee_at,Numerals-34,weːst me t͡ʃadaj,weːst_me_t͡ʃadaj,w eː s t + m e + tʃ a d a j,,hindukush,,,^ w eː s t _ m e _ t͡ʃ a d a j $,default,
aee_at-Numerals-35-1,,aee_at,Numerals-35,weːst me paːnju,weːst_me_paːnju,w eː s t + m e + p aː n j u,,hindukush,,,^ w eː s t _ m e _ p aː n j u $,default,
aee_at-Numerals-36-1,,aee_at,Numerals-36,weːst me ʃiɽ,weːst_me_ʃiɽ,w eː s t + m e + ʃ i ɽ,,hindukush,,,^ w eː s t _ m e _ ʃ i ɽ $,default,
aee_at-Numerals-37-1,,aee_at,Numerals-37,weːst me satiju,weːst_me_satiju,w eː s t + m e + s a t i j u,,hindukush,,,^ w eː s t _ m e _ s a t i j u $,default,
aee_at-Numerals-38-1,,aee_at,Numerals-38,weːst me aʃʈiju,weːst_me_aʃʈiju,w eː s t + m e + a ʃ ʈ i j u,,hindukush,,,^ w eː s t _ m e _ a ʃ ʈ i j u $,default,
aee_at-Numerals-39-1,,aee_at,Numerals-39,weːst me nawijaw,weːst_me_nawijaw,w eː s t + m e + n a w i j a w,,hindukush,,,^ w eː s t _ m e _ n a w i j a w $,default,
aee_at-Numerals-40-1,,aee_at,Numerals-40,duwija,duwija,d u w i j a,,hindukush,,,^ d u w i j a $,default,
aee_at-Numerals-41-1,,aee_at,Numerals-41,duwija me iː,duwija_me_iː,d u w i j a + m e + iː,,hindukush,,,^ d u w i j a _ m e _ iː $,default,
aee_at-Numerals-42-1,,aee_at,Numerals-42,duwija me duː,duwija_me_duː,d u w i j a + m e + d uː,,hindukush,,,^ d u w i j a _ m e _ d uː $,default,
aee_at-Numerals-43-1,,aee_at,Numerals-43,duwija me trəː,duwija_me_trəː,d u w i j a + m e + t r əː,,hindukush,,,^ d u w i j a _ m e _ t r əː $,default,
aee_at-Numerals-44-1,,aee_at,Numerals-44,duwija me t͡ʃoːr,duwija_me_t͡ʃoːr,d u w i j a + m e + tʃ oː r,,hindukush,,,^ d u w i j a _ m e _ t͡ʃ oː r $,default,
aee_at-Numerals-45-1,,aee_at,Numerals-45,duwija me paːnj,duwija_me_paːnj,d u w i j a + m e + p aː n j,,hindukush,,,^ d u w i j a _ m e _ p aː n j $,default,
aee_at-Numerals-46-1,,aee_at,Numerals-46,duwija me t͡ʃəː,duwija_me_t͡ʃəː,d u w i j a + m e + tʃ əː,,hindukush,,,^ d u w i j a _ m e _ t͡ʃ əː $,default,
aee_at-Numerals-47-1,,aee_at,Numerals-47,duwija me saːt,duwija_me_saːt,d u w i j a + m e + s aː t,,hindukush,,,^ d u w i j a _ m e _ s aː t $,default,
aee_at-Numerals-48-1,,aee_at,Numerals-48,duwija me aːʃt,duwija_me_aːʃt,d u w i j a + m e + aː ʃ t,,hindukush,,,^ d u w i j a _ m e _ aː ʃ t $,default,
aee_at-Numerals-49-1,,aee_at,Numerals-49,duwija me naw,duwija_me_naw,d u w i j a + m e + n a w,,hindukush,,,^ d u w i j a _ m e _ n a w $,default,
aee_at-Numerals-50-1,,aee_at,Numerals-50,duwija me daːe,duwija_me_daːe,d u w i j a + m e + d aː e,,hindukush,,,^ d u w i j a _ m e _ d aːe $,default,
aee_at-Numerals-60-1,,aee_at,Numerals-60,trewija,trewija,t r e w i j a,,hindukush,,,^ t r e w i j a $,default,
aee_at-Numerals-70-1,,aee_at,Numerals-70,trewija me daːe,trewija_me_daːe,t r e w i j a + m e + d aː e,,hindukush,,,^ t r e w i j a _ m e _ d aːe $,default,
aee_at-Numerals-80-1,,aee_at,Numerals-80,t͡ʃoːrwija,t͡ʃoːrwija,tʃ oː r w i j a,,hindukush,,,^ t͡ʃ oː rw i j a $,default,
aee_at-Numerals-90-1,,aee_at,Numerals-90,t͡ʃoːrwija me daːe,t͡ʃoːrwija_me_daːe,tʃ oː r w i j a + m e + d aː e,,hindukush,,,^ t͡ʃ oː rw i j a _ m e _ d aːe $,default,
aee_at-Numerals-100-1,,aee_at,Numerals-100,faːnjuwija,faːnjuwija,f aː n j u w i j a,,hindukush,,,^ f aː n j u w i j a $,default,
aee_at-Numerals-110-1,,aee_at,Numerals-110,faːnjuwija meː daːe,faːnjuwija_meː_daːe,f aː n j u w i j a + m eː + d aː e,,hindukush,,,^ f aː n j u w i j a _ m eː _ d aːe $,default,
aee_at-Numerals-120-1,,aee_at,Numerals-120,faːnjuwija meː weːst,faːnjuwija_meː_weːst,f aː n j u w i j a + m eː + w eː s t,,hindukush,,,^ f aː n j u w i j a _ m eː _ w eː s t $,default,
aee_at-Numerals-200-1,,aee_at,Numerals-200,daːewija,daːewija,d aː e w i j a,,hindukush,,,^ d aːe w i j a $,default,
aee_at-Numerals-1000-1,,aee_at,Numerals-1000,zər,zər,z ə r,,hindukush,,,^ z ə r $,default,
aee_ch-Numerals-1-1,,aee_ch,Numerals-1,je,je,j e,,hindukush,,,^ j e $,default,
aee_ch-Numerals-2-1,,aee_ch,Numerals-2,du,du,d u,,hindukush,,,^ d u $,default,
aee_ch-Numerals-3-1,,aee_ch,Numerals-3,ɬə,ɬə,ɬ ə,,hindukush,,,^ ɬ ə $,default,
aee_ch-Numerals-4-1,,aee_ch,Numerals-4,t͡sor,t͡sor,ts o r,,hindukush,,,^ t͡s o r $,default,
aee_ch-Numerals-5-1,,aee_ch,Numerals-5,paːjn,paːjn,p aː j n,,hindukush,,,^ p aː j n $,default,
aee_ch-Numerals-6-1,,aee_ch,Numerals-6,t͡ʃə,t͡ʃə,tʃ ə,,hindukush,,,^ t͡ʃ ə $,default,
aee_ch-Numerals-7-1,,aee_ch,Numerals-7,saːt,saːt,s aː t,,hindukush,,,^ s aː t $,default,
aee_ch-Numerals-8-1,,aee_ch,Numerals-8,aːʃ,aːʃ,aː ʃ,,hindukush,,,^ aː ʃ $,default,
aee_ch-Numerals-9-1,,aee_ch,Numerals-9,naːw,naːw,n aː w,,hindukush,,,^ n aː w $,default,
aee_ch-Numerals-10-1,,aee_ch,Numerals-10,daːj,daːj,d aː j,,hindukush,,,^ d aː j $,default,
aee_ch-Numerals-11-1,,aee_ch,Numerals-11,juwoːj,juwoːj,j u w oː j,,hindukush,,,^ j u w oː j $,default,
aee_ch-Numerals-12-1,,aee_ch,Numerals-12,duwoːj,duwoːj,d u w oː j,,hindukush,,,^ d u w oː j $,default,
aee_ch-Numerals-13-1,,aee_ch,Numerals-13,ɬəj,ɬəj,ɬ ə j,,hindukush,,,^ ɬ ə j $,default,
aee_ch-Numerals-14-1,,aee_ch,Numerals-14,t͡saːdaːj,t͡saːdaːj,ts aː d aː j,,hindukush,,,^ t͡s aː d aː j $,default,
aee_ch-Numerals-15-1,,aee_ch,Numerals-15,paːziw,paːziw,p aː z i w,,hindukush,,,^ p aː z i w $,default,
aee_ch-Numerals-16-1,,aee_ch,Numerals-16,ʃuːɽ,ʃuːɽ,ʃ uː ɽ,,hindukush,,,^ ʃ uː ɽ $,default,
aee_ch-Numerals-17-1,,aee_ch,Numerals-17,satiw,satiw,s a t i w,,hindukush,,,^ s a t i w $,default,
aee_ch-Numerals-18-1,,aee_ch,Numerals-18,aʃʈiw,aʃʈiw,a ʃ ʈ i w,,hindukush,,,^ a ʃ ʈ i w $,default,
aee_ch-Numerals-19-1,,aee_ch,Numerals-19,nawiw,nawiw,n a w i w,,hindukush,,,^ n a w i w $,default,
aee_ch-Numerals-20-1,,aee_ch,Numerals-20,wist,wist,w i s t,,hindukush,,,^ w i s t $,default,
aee_ch-Numerals-21-1,,aee_ch,Numerals-21,wista bi je,wista_bi_je,w i s t a + b i + j e,,hindukush,,,^ w i s t a _ b i _ j e $,default,
aee_ch-Numerals-22-1,,aee_ch,Numerals-22,wista bi du,wista_bi_du,w i s t a + b i + d u,,hindukush,,,^ w i s t a _ b i _ d u $,default,
aee_ch-Numerals-23-1,,aee_ch,Numerals-23,wista bi ɬə,wista_bi_ɬə,w i s t a + b i + ɬ ə,,hindukush,,,^ w i s t a _ b i _ ɬ ə $,default,
aee_ch-Numerals-24-1,,aee_ch,Numerals-24,wista bi t͡sor,wista_bi_t͡sor,w i s t a + b i + ts o r,,hindukush,,,^ w i s t a _ b i _ t͡s o r $,default,
aee_ch-Numerals-25-1,,aee_ch,Numerals-25,wista bi paːjn,wista_bi_paːjn,w i s t a + b i + p aː j n,,hindukush,,,^ w i s t a _ b i _ p aː j n $,default,
aee_ch-Numerals-26-1,,aee_ch,Numerals-26,wista bi t͡ʃə,wista_bi_t͡ʃə,w i s t a + b i + tʃ ə,,hindukush,,,^ w i s t a _ b i _ t͡ʃ ə $,default,
aee_ch-Numerals-27-1,,aee_ch,Numerals-27,wista bi saːt,wista_bi_saːt,w i s t a + b i + s aː t,,hindukush,,,^ w i s t a _ b i _ s aː t $,default,
aee_ch-Numerals-28-1,,aee_ch,Numerals-28,wista bi aːʃ,wista_bi_aːʃ,w i s t a + b i + aː ʃ,,hindukush,,,^ w i s t a _ b i _ aː ʃ $,default,
aee_ch-Numerals-29-1,,aee_ch,Numerals-29,wista bi naːw,wista_bi_naːw,w i s t a + b i + n aː w,,hindukush,,,^ w i s t a _ b i _ n aː w $,default,
aee_ch-Numerals-30-1,,aee_ch,Numerals-30,wista bi daːj,wista_bi_daːj,w i s t a + b i + d aː j,,hindukush,,,^ w i s t a _ b i _ d aː j $,default,
aee_ch-Numerals-31-1,,aee_ch,Numerals-31,wista bi juwoːj,wista_bi_juwoːj,w i s t a + b i + j u w oː j,,hindukush,,,^ w i s t a _ b i _ j u w oː j $,default,
aee_ch-Numerals-32-1,,aee_ch,Numerals-32,wista bi duwoːj,wista_bi_duwoːj,w i s t a + b i + d u w oː j,,hindukush,,,^ w i s t a _ b i _ d u w oː j $,default,
aee_ch-Numerals-33-1,,aee_ch,Numerals-33,wista bi ɬəj,wista_bi_ɬəj,w i s t a + b i + ɬ ə j,,hindukush,,,^ w i s t a _ b i _ ɬ ə j $,default,
aee_ch-Numerals-34-1,,aee_ch,Numerals-34,wista bi t͡saːdaːj,wista_bi_t͡saːdaːj,w i s t a + b i + ts aː d aː j,,hindukush,,,^ w i s t a _ b i _ t͡s aː d aː j $,default,
aee_ch-Numerals-35-1,,aee_ch,Numerals-35,wista bi paːziw,wista_bi_paːziw,w i s t a + b i + p aː z i w,,hindukush,,,^ w i s t a _ b i _ p aː z i w $,default,
aee_ch-Numerals-36-1,,aee_ch,Numerals-36,wista bi ʃuːɽ,wista_bi_ʃuːɽ,w i s t a + b i + ʃ uː ɽ,,hindukush,,,^ w i s t a _ b i _ ʃ uː ɽ $,default,
aee_ch-Numerals-37-1,,aee_ch,Numerals-37,wista bi satiw,wista_bi_satiw,w i s t a + b i + s a t i w,,hindukush,,,^ w i s t a _ b i _ s a t i w $,default,
aee_ch-Numerals-38-1,,aee_ch,Numerals-38,wista bi aʃʈiw,wista_bi_aʃʈiw,w i s t a + b i + a ʃ ʈ i w,,hindukush,,,^ w i s t a _ b i _ a ʃ ʈ i w $,default,
aee_ch-Numerals-39-1,,aee_ch,Numerals-39,wista bi nawiw,wista_bi_nawiw,w i s t a + b i + n a w i w,,hindukush,,,^ w i s t a _ b i _ n a w i w $,default,
aee_ch-Numerals-40-1,,aee_ch,Numerals-40,dijo,dijo,d i j o,,hindukush,,,^ d i j o $,default,
aee_ch-Numerals-41-1,,aee_ch,Numerals-41,dija bi je,dija_bi_je,d i j a + b i + j e,,hindukush,,,^ d i j a _ b i _ j e $,default,
aee_ch-Numerals-42-1,,aee_ch,Numerals-42,dija bi du,dija_bi_du,d i j a + b i + d u,,hindukush,,,^ d i j a _ b i _ d u $,default,
aee_ch-Numerals-43-1,,aee_ch,Numerals-43,dija bi ɬə,dija_bi_ɬə,d i j a + b i + ɬ ə,,hindukush,,,^ d i j a _ b i _ ɬ ə $,default,
aee_ch-Numerals-44-1,,aee_ch,Numerals-44,dija bi t͡sor,dija_bi_t͡sor,d i j a + b i + ts o r,,hindukush,,,^ d i j a _ b i _ t͡s o r $,default,
aee_ch-Numerals-45-1,,aee_ch,Numerals-45,dija bi paːjn,dija_bi_paːjn,d i j a + b i + p aː j n,,hindukush,,,^ d i j a _ b i _ p aː j n $,default,
aee_ch-Numerals-46-1,,aee_ch,Numerals-46,dija bi t͡ʃə,dija_bi_t͡ʃə,d i j a + b i + tʃ ə,,hindukush,,,^ d i j a _ b i _ t͡ʃ ə $,default,
aee_ch-Numerals-47-1,,aee_ch,Numerals-47,dija bi saːt,dija_bi_saːt,d i j a + b i + s aː t,,hindukush,,,^ d i j a _ b i _ s aː t $,default,
aee_ch-Numerals-48-1,,aee_ch,Numerals-48,dija bi aːʃ,dija_bi_aːʃ,d i j a + b i + aː ʃ,,hindukush,,,^ d i j a _ b i _ aː ʃ $,default,
aee_ch-Numerals-49-1,,aee_ch,Numerals-49,dija bi naːw,dija_bi_naːw,d i j a + b i + n aː w,,hindukush,,,^ d i j a _ b i _ n aː w $,default,
aee_ch-Numerals-50-1,,aee_ch,Numerals-50,dija bi daːj,dija_bi_daːj,d i j a + b i + d aː j,,hindukush,,,^ d i j a _ b i _ d aː j $,default,
aee_ch-Numerals-60-1,,aee_ch,Numerals-60,ɬəjo,ɬəjo,ɬ ə j o,,hindukush,,,^ ɬ ə j o $,default,
aee_ch-Numerals-70-1,,aee_ch,Numerals-70,ɬəja bi daːj,ɬəja_bi_daːj,ɬ ə j a + b i + d aː j,,hindukush,,,^ ɬ ə j a _ b i _ d aː j $,default,
aee_ch-Numerals-80-1,,aee_ch,Numerals-80,t͡soːrijo,t͡soːrijo,ts oː r i j o,,hindukush,,,^ t͡s oː r i j o $,default,
aee_ch-Numerals-90-1,,aee_ch,Numerals-90,t͡soːrija bi daːj,t͡soːrija_bi_daːj,ts oː r i j a + b i + d aː j,,hindukush,,,^ t͡s oː r i j a _ b i _ d aː j $,default,
aee_ch-Numerals-100-1,,aee_ch,Numerals-100,paːjnijo,paːjnijo,p aː j n i j o,,hindukush,,,^ p aː j n i j o $,default,
aee_ch-Numerals-110-1,,aee_ch,Numerals-110,paːjnija bi daːj,paːjnija_bi_daːj,p aː j n i j a + b i + d aː j,,hindukush,,,^ p aː j n i j a _ b i _ d aː j $,default,
aee_ch-Numerals-120-1,,aee_ch,Numerals-120,paːjnija bi wist,paːjnija_bi_wist,p aː j n i j a + b i + w i s t,,hindukush,,,^ p aː j n i j a _ b i _ w i s t $,default,
aee_ch-Numerals-200-1,,aee_ch,Numerals-200,daːjijo,daːjijo,d aː j i j o,,hindukush,,,^ d aː j i j o $,default,
aee_ch-Numerals-1000-1,,aee_ch,Numerals-1000,zər,zər,z ə r,,hindukush,,,^ z ə r $,default,
aee_kg-Numerals-1-1,,aee_kg,Numerals-1,je,je,j e,,hindukush,,,^ j e $,default,
aee_kg-Numerals-2-1,,aee_kg,Numerals-2,du,du,d u,,hindukush,,,^ d u $,default,
aee_kg-Numerals-3-1,,aee_kg,Numerals-3,ɬe,ɬe,ɬ e,,hindukush,,,^ ɬ e $,default,
aee_kg-Numerals-4-1,,aee_kg,Numerals-4,t͡soːr,t͡soːr,ts oː r,,hindukush,,,^ t͡s oː r $,default,
aee_kg-Numerals-5-1,,aee_kg,Numerals-5,paːjn,paːjn,p aː j n,,hindukush,,,^ p aː j n $,default,
aee_kg-Numerals-6-1,,aee_kg,Numerals-6,t͡ʃe,t͡ʃe,tʃ e,,hindukush,,,^ t͡ʃ e $,default,
aee_kg-Numerals-7-1,,aee_kg,Numerals-7,saːt,saːt,s aː t,,hindukush,,,^ s aː t $,default,
aee_kg-Numerals-8-1,,aee_kg,Numerals-8,aːʃ,aːʃ,aː ʃ,,hindukush,,,^ aː ʃ $,default,
aee_kg-Numerals-9-1,,aee_kg,Numerals-9,naːw,naːw,n aː w,,hindukush,,,^ n aː w $,default,
aee_kg-Numerals-10-1,,aee_kg,Numerals-10,daːj,daːj,d aː j,,hindukush,,,^ d aː j $,default,
aee_kg-Numerals-11-1,,aee_kg,Numerals-11,juːj,juːj,j uː j,,hindukush,,,^ j uː j $,default,
aee_kg-Numerals-12-1,,aee_kg,Numerals-12,duːj,duːj,d uː j,,hindukush,,,^ d uː j $,default,
aee_kg-Numerals-13-1,,aee_kg,Numerals-13,ɬej,ɬej,ɬ e j,,hindukush,,,^ ɬ e j $,default,
aee_kg-Numerals-14-1,,aee_kg,Numerals-14,t͡saːdaj,t͡saːdaj,ts aː d a j,,hindukush,,,^ t͡s aː d a j $,default,
aee_kg-Numerals-15-1,,aee_kg,Numerals-15,pant͡siːw,pant͡siːw,p a n ts iː w,,hindukush,,,^ p a n t͡s iː w $,default,
aee_kg-Numerals-16-1,,aee_kg,Numerals-16,ʃuj,ʃuj,ʃ u j,,hindukush,,,^ ʃ u j $,default,
aee_kg-Numerals-17-1,,aee_kg,Numerals-17,satiːw,satiːw,s a t iː w,,hindukush,,,^ s a t iː w $,default,
aee_kg-Numerals-18-1,,aee_kg,Numerals-18,aʃʈiːw,aʃʈiːw,a ʃ ʈ iː w,,hindukush,,,^ a ʃ ʈ iː w $,default,
aee_kg-Numerals-19-1,,aee_kg,Numerals-19,nawiːw,nawiːw,n a w iː w,,hindukush,,,^ n a w iː w $,default,
aee_kg-Numerals-20-1,,aee_kg,Numerals-20,wist,wist,w i s t,,hindukush,,,^ w i s t $,default,
aee_kg-Numerals-21-1,,aee_kg,Numerals-21,je bi wist,je_bi_wist,j e + b i + w i s t,,hindukush,,,^ j e _ b i _ w i s t $,default,
aee_kg-Numerals-22-1,,aee_kg,Numerals-22,du bi wist,du_bi_wist,d u + b i + w i s t,,hindukush,,,^ d u _ b i _ w i s t $,default,
aee_kg-Numerals-23-1,,aee_kg,Numerals-23,ɬe bi wist,ɬe_bi_wist,ɬ e + b i + w i s t,,hindukush,,,^ ɬ e _ b i _ w i s t $,default,
aee_kg-Numerals-24-1,,aee_kg,Numerals-24,t͡soːre bi wist,t͡soːre_bi_wist,ts oː r e + b i + w i s t,,hindukush,,,^ t͡s oː r e _ b i _ w i s t $,default,
aee_kg-Numerals-25-1,,aee_kg,Numerals-25,paːjne bi wist,paːjne_bi_wist,p aː j n e + b i + w i s t,,hindukush,,,^ p aː j n e _ b i _ w i s t $,default,
aee_kg-Numerals-26-1,,aee_kg,Numerals-26,t͡ʃe bi wist,t͡ʃe_bi_wist,tʃ e + b i + w i s t,,hindukush,,,^ t͡ʃ e _ b i _ w i s t $,default,
aee_kg-Numerals-27-1,,aee_kg,Numerals-27,saːte bi wist,saːte_bi_wist,s aː t e + b i + w i s t,,hindukush,,,^ s aː t e _ b i _ w i s t $,default,
aee_kg-Numerals-28-1,,aee_kg,Numerals-28,aːʃe bi wist,aːʃe_bi_wist,aː ʃ e + b i + w i s t,,hindukush,,,^ aː ʃ e _ b i _ w i s t $,default,
aee_kg-Numerals-29-1,,aee_kg,Numerals-29,naːw bi wist,naːw_bi_wist,n aː w + b i + w i s t,,hindukush,,,^ n aː w _ b i _ w i s t $,default,
aee_kg-Numerals-30-1,,aee_kg,Numerals-30,daːje bi wist,daːje_bi_wist,d aː j e + b i + w i s t,,hindukush,,,^ d aː j e _ b i _ w i s t $,default,
aee_kg-Numerals-31-1,,aee_kg,Numerals-31,juːje bi wist,juːje_bi_wist,j uː j e + b i + w i s t,,hindukush,,,^ j uː j e _ b i _ w i s t $,default,
aee_kg-Numerals-32-1,,aee_kg,Numerals-32,duːje bi wist,duːje_bi_wist,d uː j e + b i + w i s t,,hindukush,,,^ d uː j e _ b i _ w i s t $,default,
aee_kg-Numerals-33-1,,aee_kg,Numerals-33,ɬeje bi wist,ɬeje_bi_wist,ɬ e j e + b i + w i s t,,hindukush,,,^ ɬ e j e _ b i _ w i s t $,default,
aee_kg-Numerals-34-1,,aee_kg,Numerals-34,t͡saːdaje bi wist,t͡saːdaje_bi_wist,ts aː d a j e + b i + w i s t,,hindukush,,,^ t͡s aː d a j e _ b i _ w i s t $,default,
aee_kg-Numerals-35-1,,aee_kg,Numerals-35,pant͡siːwe bi wist,pant͡siːwe_bi_wist,p a n ts iː w e + b i + w i s t,,hindukush,,,^ p a n t͡s iː w e _ b i _ w i s t $,default,
aee_kg-Numerals-36-1,,aee_kg,Numerals-36,ʃuje bi wist,ʃuje_bi_wist,ʃ u j e + b i + w i s t,,hindukush,,,^ ʃ u j e _ b i _ w i s t $,default,
aee_kg-Numerals-37-1,,aee_kg,Numerals-37,satiːwe bi wist,satiːwe_bi_wist,s a t iː w e + b i + w i s t,,hindukush,,,^ s a t iː w e _ b i _ w i s t $,default,
aee_kg-Numerals-38-1,,aee_kg,Numerals-38,aʃʈiːwe bi wist,aʃʈiːwe_bi_wist,a ʃ ʈ iː w e + b i + w i s t,,hindukush,,,^ a ʃ ʈ iː w e _ b i _ w i s t $,default,
aee_kg-Numerals-39-1,,aee_kg,Numerals-39,nawiːwe bi wist,nawiːwe_bi_wist,n a w iː w e + b i + w i s t,,hindukush,,,^ n a w iː w e _ b i _ w i s t $,default,
aee_kg-Numerals-40-1,,aee_kg,Numerals-40,dujo,dujo,d u j o,,hindukush,,,^ d u j o $,default,
aee_kg-Numerals-41-1,,aee_kg,Numerals-41,je bi dujo,je_bi_dujo,j e + b i + d u j o,,hindukush,,,^ j e _ b i _ d u j o $,default,
aee_kg-Numerals-42-1,,aee_kg,Numerals-42,du bi dujo,du_bi_dujo,d u + b i + d u j o,,hindukush,,,^ d u _ b i _ d u j o $,default,
aee_kg-Numerals-43-1,,aee_kg,Numerals-43,ɬe bi dujo,ɬe_bi_dujo,ɬ e + b i + d u j o,,hindukush,,,^ ɬ e _ b i _ d u j o $,default,
aee_kg-Numerals-44-1,,aee_kg,Numerals-44,t͡soːre bi dujo,t͡soːre_bi_dujo,ts oː r e + b i + d u j o,,hindukush,,,^ t͡s oː r e _ b i _ d u j o $,default,
aee_kg-Numerals-45-1,,aee_kg,Numerals-45,paːjne bi dujo,paːjne_bi_dujo,p aː j n e + b i + d u j o,,hindukush,,,^ p aː j n e _ b i _ d u j o $,default,
aee_kg-Numerals-46-1,,aee_kg,Numerals-46,t͡ʃe bi dujo,t͡ʃe_bi_dujo,tʃ e + b i + d u j o,,hindukush,,,^ t͡ʃ e _ b i _ d u j o $,default,
aee_kg-Numerals-47-1,,aee_kg,Numerals-47,saːte bi dujo,saːte_bi_dujo,s aː t e + b i + d u j o,,hindukush,,,^ s aː t e _ b i _ d u j o $,default,
aee_kg-Numerals-48-1,,aee_kg,Numerals-48,aːʃe bi dujo,aːʃe_bi_dujo,aː ʃ e + b i + d u j o,,hindukush,,,^ aː ʃ e _ b i _ d u j o $,default,
aee_kg-Numerals-49-1,,aee_kg,Numerals-49,naːw bi dujo,naːw_bi_dujo,n aː w + b i + d u j o,,hindukush,,,^ n aː w _ b i _ d u j o $,default,
aee_kg-Numerals-50-1,,aee_kg,Numerals-50,daːje bi dujo,daːje_bi_dujo,d aː j e + b i + d u j o,,hindukush,,,^ d aː j e _ b i _ d u j o $,default,
aee_kg-Numerals-60-1,,aee_kg,Numerals-60,ɬəjo,ɬəjo,ɬ ə j o,,hindukush,,,^ ɬ ə j o $,default,
aee_kg-Numerals-70-1,,aee_kg,Numerals-70,daːj bi ɬəjo,daːj_bi_ɬəjo,d aː j + b i + ɬ ə j o,,hindukush,,,^ d aː j _ b i _ ɬ ə j o $,default,
aee_kg-Numerals-80-1,,aee_kg,Numerals-80,t͡soːrijo,t͡soːrijo,ts oː r i j o,,hindukush,,,^ t͡s oː r i j o $,default,
aee_kg-Numerals-90-1,,aee_kg,Numerals-90,daːj bi t͡soːrijo,daːj_bi_t͡soːrijo,d aː j + b i + ts oː r i j o,,hindukush,,,^ d aː j _ b i _ t͡s oː r i j o $,default,
aee_kg-Numerals-100-1,,aee_kg,Numerals-100,paːjnijo,paːjnijo,p aː j n i j o,,hindukush,,,^ p aː j n i j o $,default,
aee_kg-Numerals-110-1,,aee_kg,Numerals-110,daːj bi paːjnijo,daːj_bi_paːjnijo,d aː j + b i + p aː j n i j o,,hindukush,,,^ d aː j _ b i _ p aː j n i j o $,default,
aee_kg-Numerals-120-1,,aee_kg,Numerals-120,wiste bi paːjnijo,wiste_bi_paːjnijo,w i s t e + b i + p aː j n i j o,,hindukush,,,^ w i s t e _ b i _ p aː j n i j o $,default,
aee_kg-Numerals-200-1,,aee_kg,Numerals-200,du sawa,du_sawa,d u + s a w a,,hindukush,,,^ d u _ s a w a $,default,
aee_kg-Numerals-1000-1,,aee_kg,Numerals-1000,zər,zər,z ə r,,hindukush,,,^ z ə r $,default,
glh_sn-Numerals-1-1,,glh_sn,Numerals-1,juwal,juwal,j u w a l,,hindukush,,,^ j u w a l $,default,
glh_sn-Numerals-2-1,,glh_sn,Numerals-2,dowal,dowal,d o w a l,,hindukush,,,^ d o w a l $,default,
glh_sn-Numerals-3-1,,glh_sn,Numerals-3,tra,tra,t r a,,hindukush,,,^ t r a $,default,
glh_sn-Numerals-4-1,,glh_sn,Numerals-4,t͡ʃur,t͡ʃur,tʃ u r,,hindukush,,,^ t͡ʃ u r $,default,
glh_sn-Numerals-5-1,,glh_sn,Numerals-5,pɑːnd͡ʒe,pɑːnd͡ʒe,p ɑː n dʒ e,,hindukush,,,^ p ɑː n d͡ʒ e $,default,
glh_sn-Numerals-6-1,,glh_sn,Numerals-6,ʂe,ʂe,ʂ e,,hindukush,,,^ ʂ e $,default,
glh_sn-Numerals-7-1,,glh_sn,Numerals-7,sɑːta,sɑːta,s ɑː t a,,hindukush,,,^ s ɑː t a $,default,
glh_sn-Numerals-8-1,,glh_sn,Numerals-8,ɑːʃta,ɑːʃta,ɑː ʃ t a,,hindukush,,,^ ɑː ʃ t a $,default,
glh_sn-Numerals-9-1,,glh_sn,Numerals-9,nɑːwa,nɑːwa,n ɑː w a,,hindukush,,,^ n ɑː w a $,default,
glh_sn-Numerals-10-1,,glh_sn,Numerals-10,dɑː,dɑː,d ɑː,,hindukush,,,^ d ɑː $,default,
glh_sn-Numerals-11-1,,glh_sn,Numerals-11,ʒuj,ʒuj,ʒ u j,,hindukush,,,^ ʒ u j $,default,
glh_sn-Numerals-12-1,,glh_sn,Numerals-12,duj,duj,d u j,,hindukush,,,^ d u j $,default,
glh_sn-Numerals-13-1,,glh_sn,Numerals-13,duj triju,duj_triju,d u j + t r i j u,,hindukush,,,^ d u j _ t r i j u $,default,
glh_sn-Numerals-14-1,,glh_sn,Numerals-14,t͡ʃadɑː,t͡ʃadɑː,tʃ a d ɑː,,hindukush,,,^ t͡ʃ a d ɑː $,default,
glh_sn-Numerals-15-1,,glh_sn,Numerals-15,pand͡ʒi,pand͡ʒi,p a n dʒ i,,hindukush,,,^ p a n d͡ʒ i $,default,
glh_sn-Numerals-16-1,,glh_sn,Numerals-16,ʂuj,ʂuj,ʂ u j,,hindukush,,,^ ʂ u j $,default,
glh_sn-Numerals-17-1,,glh_sn,Numerals-17,satiː,satiː,s a t iː,,hindukush,,,^ s a t iː $,default,
glh_sn-Numerals-18-1,,glh_sn,Numerals-18,aʃʈiː,aʃʈiː,a ʃ ʈ iː,,hindukush,,,^ a ʃ ʈ iː $,default,
glh_sn-Numerals-19-1,,glh_sn,Numerals-19,nawiː,nawiː,n a w iː,,hindukush,,,^ n a w iː $,default,
glh_sn-Numerals-20-1,,glh_sn,Numerals-20,wəst,wəst,w ə s t,,hindukush,,,^ w ə s t $,default,
glh_sn-Numerals-21-1,,glh_sn,Numerals-21,wəstə iː,wəstə_iː,w ə s t ə + iː,,hindukush,,,^ w ə s t ə _ iː $,default,
glh_sn-Numerals-22-1,,glh_sn,Numerals-22,wəstə do,wəstə_do,w ə s t ə + d o,,hindukush,,,^ w ə s t ə _ d o $,default,
glh_sn-Numerals-23-1,,glh_sn,Numerals-23,wəstə tra,wəstə_tra,w ə s t ə + t r a,,hindukush,,,^ w ə s t ə _ t r a $,default,
glh_sn-Numerals-24-1,,glh_sn,Numerals-24,wəstə t͡ʃur,wəstə_t͡ʃur,w ə s t ə + tʃ u r,,hindukush,,,^ w ə s t ə _ t͡ʃ u r $,default,
glh_sn-Numerals-25-1,,glh_sn,Numerals-25,wəstə pɑːnd͡ʒe,wəstə_pɑːnd͡ʒe,w ə s t ə + p ɑː n dʒ e,,hindukush,,,^ w ə s t ə _ p ɑː n d͡ʒ e $,default,
glh_sn-Numerals-26-1,,glh_sn,Numerals-26,wəstə ʂe,wəstə_ʂe,w ə s t ə + ʂ e,,hindukush,,,^ w ə s t ə _ ʂ e $,default,
glh_sn-Numerals-27-1,,glh_sn,Numerals-27,wəstə sɑːta,wəstə_sɑːta,w ə s t ə + s ɑː t a,,hindukush,,,^ w ə s t ə _ s ɑː t a $,default,
glh_sn-Numerals-28-1,,glh_sn,Numerals-28,wəstə ɑːʃta,wəstə_ɑːʃta,w ə s t ə + ɑː ʃ t a,,hindukush,,,^ w ə s t ə _ ɑː ʃ t a $,default,
glh_sn-Numerals-29-1,,glh_sn,Numerals-29,wəstə nɑːwa,wəstə_nɑːwa,w ə s t ə + n ɑː w a,,hindukush,,,^ w ə s t ə _ n ɑː w a $,default,
glh_sn-Numerals-30-1,,glh_sn,Numerals-30,triju,triju,t r i j u,,hindukush,,,^ t r i j u $,default,
glh_sn-Numerals-31-1,,glh_sn,Numerals-31,triju iː,triju_iː,t r i j u + iː,,hindukush,,,^ t r i j u _ iː $,default,
glh_sn-Numerals-32-1,,glh_sn,Numerals-32,triju do,triju_do,t r i j u + d o,,hindukush,,,^ t r i j u _ d o $,default,
glh_sn-Numerals-33-1,,glh_sn,Numerals-33,triju tra,triju_tra,t r i j u + t r a,,hindukush,,,^ t r i j u _ t r a $,default,
glh_sn-Numerals-34-1,,glh_sn,Numerals-34,triju t͡ʃur,triju_t͡ʃur,t r i j u + tʃ u r,,hindukush,,,^ t r i j u _ t͡ʃ u r $,default,
glh_sn-Numerals-35-1,,glh_sn,Numerals-35,triju pɑːnd͡ʒe,triju_pɑːnd͡ʒe,t r i j u + p ɑː n dʒ e,,hindukush,,,^ t r i j u _ p ɑː n d͡ʒ e $,default,
glh_sn-Numerals-36-1,,glh_sn,Numerals-36,triju ʂe,triju_ʂe,t r i j u + ʂ e,,hindukush,,,^ t r i j u _ ʂ e $,default,
glh_sn-Numerals-37-1,,glh_sn,Numerals-37,triju sɑːta,triju_sɑːta,t r i j u + s ɑː t a,,hindukush,,,^ t r i j u _ s ɑː t a $,default,
glh_sn-Numerals-38-1,,glh_sn,Numerals-38,triju ɑːʃta,triju_ɑːʃta,t r i j u + ɑː ʃ t a,,hindukush,,,^ t r i j u _ ɑː ʃ t a $,default,
glh_sn-Numerals-39-1,,glh_sn,Numerals-39,triju nɑːwa,triju_nɑːwa,t r i j u + n ɑː w a,,hindukush,,,^ t r i j u _ n ɑː w a $,default,
glh_sn-Numerals-40-1,,glh_sn,Numerals-40,t͡ʃel,t͡ʃel,tʃ e l,,hindukush,,,^ t͡ʃ e l $,default,
glh_sn-Numerals-41-1,,glh_sn,Numerals-41,t͡ʃele iː,t͡ʃele_iː,tʃ e l e + iː,,hindukush,,,^ t͡ʃ e l e _ iː $,default,
glh_sn-Numerals-42-1,,glh_sn,Numerals-42,t͡ʃele do,t͡ʃele_do,tʃ e l e + d o,,hindukush,,,^ t͡ʃ e l e _ d o $,default,
glh_sn-Numerals-43-1,,glh_sn,Numerals-43,t͡ʃele tra,t͡ʃele_tra,tʃ e l e + t r a,,hindukush,,,^ t͡ʃ e l e _ t r a $,default,
glh_sn-Numerals-44-1,,glh_sn,Numerals-44,t͡ʃele t͡ʃur,t͡ʃele_t͡ʃur,tʃ e l e + tʃ u r,,hindukush,,,^ t͡ʃ e l e _ t͡ʃ u r $,default,
glh_sn-Numerals-45-1,,glh_sn,Numerals-45,t͡ʃele pɑːnd͡ʒe,t͡ʃele_pɑːnd͡ʒe,tʃ e l e + p ɑː n dʒ e,,hindukush,,,^ t͡ʃ e l e _ p ɑː n d͡ʒ e $,default,
glh_sn-Numerals-46-1,,glh_sn,Numerals-46,t͡ʃele ʂe,t͡ʃele_ʂe,tʃ e l e + ʂ e,,hindukush,,,^ t͡ʃ e l e _ ʂ e $,default,
glh_sn-Numerals-47-1,,glh_sn,Numerals-47,t͡ʃele sɑːta,t͡ʃele_sɑːta,tʃ e l e + s ɑː t a,,hindukush,,,^ t͡ʃ e l e _ s ɑː t a $,default,
glh_sn-Numerals-48-1,,glh_sn,Numerals-48,t͡ʃele ɑːʃta,t͡ʃele_ɑːʃta,tʃ e l e + ɑː ʃ t a,,hindukush,,,^ t͡ʃ e l e _ ɑː ʃ t a $,default,
glh_sn-Numerals-49-1,,glh_sn,Numerals-49,t͡ʃele nɑːwa,t͡ʃele_nɑːwa,tʃ e l e + n ɑː w a,,hindukush,,,^ t͡ʃ e l e _ n ɑː w a $,default,
glh_sn-Numerals-50-1,,glh_sn,Numerals-50,pend͡ʒɑː,pend͡ʒɑː,p e n dʒ ɑː,,hindukush,,,^ p e n d͡ʒ ɑː $,default,
glh_sn-Numerals-60-1,,glh_sn,Numerals-60,ʃaːst,ʃaːst,ʃ aː s t,,hindukush,,,^ ʃ aː s t $,default,
glh_sn-Numerals-70-1,,glh_sn,Numerals-70,haːftɑːd,haːftɑːd,h aː f t ɑː d,,hindukush,,,^ h aː f t ɑː d $,default,
glh_sn-Numerals-80-1,,glh_sn,Numerals-80,haːʃtɑːd,haːʃtɑːd,h aː ʃ t ɑː d,,hindukush,,,^ h aː ʃ t ɑː d $,default,
glh_sn-Numerals-90-1,,glh_sn,Numerals-90,nawad,nawad,n a w a d,,hindukush,,,^ n a w a d $,default,
glh_sn-Numerals-100-1,,glh_sn,Numerals-100,sad,sad,s a d,,hindukush,,,^ s a d $,default,
glh_sn-Numerals-110-1,,glh_sn,Numerals-110,iː sadu da,iː_sadu_da,iː + s a d u + d a,,hindukush,,,^ iː _ s a d u _ d a $,default,
glh_sn-Numerals-120-1,,glh_sn,Numerals-120,iː sadu wəst,iː_sadu_wəst,iː + s a d u + w ə s t,,hindukush,,,^ iː _ s a d u _ w ə s t $,default,
glh_sn-Numerals-200-1,,glh_sn,Numerals-200,do sad,do_sad,d o + s a d,,hindukush,,,^ d o _ s a d $,default,
glh_sn-Numerals-1000-1,,glh_sn,Numerals-1000,iː hazɑːr,iː_hazɑːr,iː + h a z ɑː r,,hindukush,,,^ iː _ h a z ɑː r $,default,
aee_sh-Numerals-1-1,,aee_sh,Numerals-1,je,je,j e,,hindukush,,,^ j e $,default,
aee_sh-Numerals-2-1,,aee_sh,Numerals-2,duː,duː,d uː,,hindukush,,,^ d uː $,default,
aee_sh-Numerals-3-1,,aee_sh,Numerals-3,ɬeː,ɬeː,ɬ eː,,hindukush,,,^ ɬ eː $,default,
aee_sh-Numerals-4-1,,aee_sh,Numerals-4,t͡soːr,t͡soːr,ts oː r,,hindukush,,,^ t͡s oː r $,default,
aee_sh-Numerals-5-1,,aee_sh,Numerals-5,pɑːjn,pɑːjn,p ɑː j n,,hindukush,,,^ p ɑː j n $,default,
aee_sh-Numerals-6-1,,aee_sh,Numerals-6,t͡ʃə,t͡ʃə,tʃ ə,,hindukush,,,^ t͡ʃ ə $,default,
aee_sh-Numerals-7-1,,aee_sh,Numerals-7,saːt,saːt,s aː t,,hindukush,,,^ s aː t $,default,
aee_sh-Numerals-8-1,,aee_sh,Numerals-8,aːʃt,aːʃt,aː ʃ t,,hindukush,,,^ aː ʃ t $,default,
aee_sh-Numerals-9-1,,aee_sh,Numerals-9,naːw,naːw,n aː w,,hindukush,,,^ n aː w $,default,
aee_sh-Numerals-10-1,,aee_sh,Numerals-10,daːj,daːj,d aː j,,hindukush,,,^ d aː j $,default,
aee_sh-Numerals-11-1,,aee_sh,Numerals-11,joːj,joːj,j oː j,,hindukush,,,^ j oː j $,default,
aee_sh-Numerals-12-1,,aee_sh,Numerals-12,duwoj,duwoj,d u w o j,,hindukush,,,^ d u w o j $,default,
aee_sh-Numerals-13-1,,aee_sh,Numerals-13,ɬiː,ɬiː,ɬ iː,,hindukush,,,^ ɬ iː $,default,
aee_sh-Numerals-14-1,,aee_sh,Numerals-14,t͡sandaːj,t͡sandaːj,ts a n d aː j,,hindukush,,,^ t͡s a n d aː j $,default,
aee_sh-Numerals-15-1,,aee_sh,Numerals-15,paziju,paziju,p a z i j u,,hindukush,,,^ p a z i j u $,default,
aee_sh-Numerals-16-1,,aee_sh,Numerals-16,səɽ,səɽ,s ə ɽ,,hindukush,,,^ s ə ɽ $,default,
aee_sh-Numerals-17-1,,aee_sh,Numerals-17,satiju,satiju,s a t i j u,,hindukush,,,^ s a t i j u $,default,
aee_sh-Numerals-18-1,,aee_sh,Numerals-18,aʃʈiju,aʃʈiju,a ʃ ʈ i j u,,hindukush,,,^ a ʃ ʈ i j u $,default,
aee_sh-Numerals-19-1,,aee_sh,Numerals-19,nawiju,nawiju,n a w i j u,,hindukush,,,^ n a w i j u $,default,
aee_sh-Numerals-20-1,,aee_sh,Numerals-20,wist,wist,w i s t,,hindukush,,,^ w i s t $,default,
aee_sh-Numerals-21-1,,aee_sh,Numerals-21,wistə je,wistə_je,w i s t ə + j e,,hindukush,,,^ w i s t ə _ j e $,default,
aee_sh-Numerals-22-1,,aee_sh,Numerals-22,wistə duː,wistə_duː,w i s t ə + d uː,,hindukush,,,^ w i s t ə _ d uː $,default,
aee_sh-Numerals-23-1,,aee_sh,Numerals-23,wistə ɬeː,wistə_ɬeː,w i s t ə + ɬ eː,,hindukush,,,^ w i s t ə _ ɬ eː $,default,
aee_sh-Numerals-24-1,,aee_sh,Numerals-24,wistə t͡soːr,wistə_t͡soːr,w i s t ə + ts oː r,,hindukush,,,^ w i s t ə _ t͡s oː r $,default,
aee_sh-Numerals-25-1,,aee_sh,Numerals-25,wistə pɑːjn,wistə_pɑːjn,w i s t ə + p ɑː j n,,hindukush,,,^ w i s t ə _ p ɑː j n $,default,
aee_sh-Numerals-26-1,,aee_sh,Numerals-26,wistə t͡ʃə,wistə_t͡ʃə,w i s t ə + tʃ ə,,hindukush,,,^ w i s t ə _ t͡ʃ ə $,default,
aee_sh-Numerals-27-1,,aee_sh,Numerals-27,wistə saːt,wistə_saːt,w i s t ə + s aː t,,hindukush,,,^ w i s t ə _ s aː t $,default,
aee_sh-Numerals-28-1,,aee_sh,Numerals-28,wistə aːʃt,wistə_aːʃt,w i s t ə + aː ʃ t,,hindukush,,,^ w i s t ə _ aː ʃ t $,default,
aee_sh-Numerals-29-1,,aee_sh,Numerals-29,wistə naːw,wistə_naːw,w i s t ə + n aː w,,hindukush,,,^ w i s t ə _ n aː w $,default,
aee_sh-Numerals-30-1,,aee_sh,Numerals-30,wistə daːj,wistə_daːj,w i s t ə + d aː j,,hindukush,,,^ w i s t ə _ d aː j $,default,
aee_sh-Numerals-31-1,,aee_sh,Numerals-31,wistə joːj,wistə_joːj,w i s t ə + j oː j,,hindukush,,,^ w i s t ə _ j oː j $,default,
aee_sh-Numerals-32-1,,aee_sh,Numerals-32,wistə duwoj,wistə_duwoj,w i s t ə + d u w o j,,hindukush,,,^ w i s t ə _ d u w o j $,default,
aee_sh-Numerals-33-1,,aee_sh,Numerals-33,wistə ɬiː,wistə_ɬiː,w i s t ə + ɬ iː,,hindukush,,,^ w i s t ə _ ɬ iː $,default,
aee_sh-Numerals-34-1,,aee_sh,Numerals-34,wistə t͡sandaːj,wistə_t͡sandaːj,w i s t ə + ts a n d aː j,,hindukush,,,^ w i s t ə _ t͡s a n d aː j $,default,
aee_sh-Numerals-35-1,,aee_sh,Numerals-35,wistə paziju,wistə_paziju,w i s t ə + p a z i j u,,hindukush,,,^ w i s t ə _ p a z i j u $,default,
aee_sh-Numerals-36-1,,aee_sh,Numerals-36,wistə səɽ,wistə_səɽ,w i s t ə + s ə ɽ,,hindukush,,,^ w i s t ə _ s ə ɽ $,default,
aee_sh-Numerals-37-1,,aee_sh,Numerals-37,wistə satiju,wistə_satiju,w i s t ə + s a t i j u,,hindukush,,,^ w i s t ə _ s a t i j u $,default,
aee_sh-Numerals-38-1,,aee_sh,Numerals-38,wistə aʃʈiju,wistə_aʃʈiju,w i s t ə + a ʃ ʈ i j u,,hindukush,,,^ w i s t ə _ a ʃ ʈ i j u $,default,
aee_sh-Numerals-39-1,,aee_sh,Numerals-39,wistə nawiju,wistə_nawiju,w i s t ə + n a w i j u,,hindukush,,,^ w i s t ə _ n a w i j u $,default,
aee_sh-Numerals-40-1,,aee_sh,Numerals-40,dijɑː,dijɑː,d i j ɑː,,hindukush,,,^ d i j ɑː $,default,
aee_sh-Numerals-41-1,,aee_sh,Numerals-41,dijɑː bi je,dijɑː_bi_je,d i j ɑː + b i + j e,,hindukush,,,^ d i j ɑː _ b i _ j e $,default,
aee_sh-Numerals-42-1,,aee_sh,Numerals-42,dijɑː bi duː,dijɑː_bi_duː,d i j ɑː + b i + d uː,,hindukush,,,^ d i j ɑː _ b i _ d uː $,default,
aee_sh-Numerals-43-1,,aee_sh,Numerals-43,dijɑː bi ɬeː,dijɑː_bi_ɬeː,d i j ɑː + b i + ɬ eː,,hindukush,,,^ d i j ɑː _ b i _ ɬ eː $,default,
aee_sh-Numerals-44-1,,aee_sh,Numerals-44,dijɑː bi t͡soːr,dijɑː_bi_t͡soːr,d i j ɑː + b i + ts oː r,,hindukush,,,^ d i j ɑː _ b i _ t͡s oː r $,default,
aee_sh-Numerals-45-1,,aee_sh,Numerals-45,dijɑː bi pɑːjn,dijɑː_bi_pɑːjn,d i j ɑː + b i + p ɑː j n,,hindukush,,,^ d i j ɑː _ b i _ p ɑː j n $,default,
aee_sh-Numerals-46-1,,aee_sh,Numerals-46,dijɑː bi t͡ʃə,dijɑː_bi_t͡ʃə,d i j ɑː + b i + tʃ ə,,hindukush,,,^ d i j ɑː _ b i _ t͡ʃ ə $,default,
aee_sh-Numerals-47-1,,aee_sh,Numerals-47,dijɑː bi saːt,dijɑː_bi_saːt,d i j ɑː + b i + s aː t,,hindukush,,,^ d i j ɑː _ b i _ s aː t $,default,
aee_sh-Numerals-48-1,,aee_sh,Numerals-48,dijɑː bi aːʃt,dijɑː_bi_aːʃt,d i j ɑː + b i + aː ʃ t,,hindukush,,,^ d i j ɑː _ b i _ aː ʃ t $,default,
aee_sh-Numerals-49-1,,aee_sh,Numerals-49,dijɑː bi naːw,dijɑː_bi_naːw,d i j ɑː + b i + n aː w,,hindukush,,,^ d i j ɑː _ b i _ n aː w $,default,
aee_sh-Numerals-50-1,,aee_sh,Numerals-50,dijɑː bi daːj,dijɑː_bi_daːj,d i j ɑː + b i + d aː j,,hindukush,,,^ d i j ɑː _ b i _ d aː j $,default,
aee_sh-Numerals-60-1,,aee_sh,Numerals-60,ɬejɑː,ɬejɑː,ɬ e j ɑː,,hindukush,,,^ ɬ e j ɑː $,default,
aee_sh-Numerals-70-1,,aee_sh,Numerals-70,ɬejɑː bi daːj,ɬejɑː_bi_daːj,ɬ e j ɑː + b i + d aː j,,hindukush,,,^ ɬ e j ɑː _ b i _ d aː j $,default,
aee_sh-Numerals-80-1,,aee_sh,Numerals-80,t͡soːrijɑː,t͡soːrijɑː,ts oː r i j ɑː,,hindukush,,,^ t͡s oː r i j ɑː $,default,
aee_sh-Numerals-90-1,,aee_sh,Numerals-90,t͡soːrijɑː bi daːj,t͡soːrijɑː_bi_daːj,ts oː r i j ɑː + b i + d aː j,,hindukush,,,^ t͡s oː r i j ɑː _ b i _ d aː j $,default,
aee_sh-Numerals-100-1,,aee_sh,Numerals-100,paːnijɑː,paːnijɑː,p aː n i j ɑː,,hindukush,,,^ p aː n i j ɑː $,default,
aee_sh-Numerals-110-1,,aee_sh,Numerals-110,paːnijɑː bi daːj,paːnijɑː_bi_daːj,p aː n i j ɑː + b i + d aː j,,hindukush,,,^ p aː n i j ɑː _ b i _ d aː j $,default,
aee_sh-Numerals-120-1,,aee_sh,Numerals-120,t͡ʃejɑː bi daːj,t͡ʃejɑː_bi_daːj,tʃ e j ɑː + b i + d aː j,,hindukush,,,^ t͡ʃ e j ɑː _ b i _ d aː j $,default,
aee_sh-Numerals-200-1,,aee_sh,Numerals-200,duː saw,duː_saw,d uː + s a w,,hindukush,,,^ d uː _ s a w $,default,
aee_sh-Numerals-1000-1,,aee_sh,Numerals-1000,azɑːr,azɑːr,a z ɑː r,,hindukush,,,^ a z ɑː r $,default,
pbu_a-Numerals-1-1,,pbu_a,Numerals-1,jaw,jaw,j a w,,hindukush,,,^ j a w $,default,
pbu_a-Numerals-2-1,,pbu_a,Numerals-2,dwaː,dwaː,d w aː,,hindukush,,,^ dw aː $,default,
pbu_a-Numerals-3-1,,pbu_a,Numerals-3,dreː,dreː,d r eː,,hindukush,,,^ d r eː $,default,
pbu_a-Numerals-4-1,,pbu_a,Numerals-4,t͡saloːr,t͡saloːr,ts a l oː r,,hindukush,,,^ t͡s a l oː r $,default,
pbu_a-Numerals-5-1,,pbu_a,Numerals-5,pinzəː,pinzəː,p i n z əː,,hindukush,,,^ p i n z əː $,default,
pbu_a-Numerals-6-1,,pbu_a,Numerals-6,ʃpag,ʃpag,ʃ p a g,,hindukush,,,^ ʃ p a g $,default,
pbu_a-Numerals-7-1,,pbu_a,Numerals-7,wə,wə,w ə,,hindukush,,,^ w ə $,default,
pbu_a-Numerals-8-1,,pbu_a,Numerals-8,atə,atə,a t ə,,hindukush,,,^ a t ə $,default,
pbu_a-Numerals-9-1,,pbu_a,Numerals-9,nəh,nəh,n ə h,,hindukush,,,^ n ə h $,default,
pbu_a-Numerals-10-1,,pbu_a,Numerals-10,las,las,l a s,,hindukush,,,^ l a s $,default,
pbu_a-Numerals-11-1,,pbu_a,Numerals-11,jauːlas,jauːlas,j a uː l a s,,hindukush,,,^ j auː l a s $,default,
pbu_a-Numerals-12-1,,pbu_a,Numerals-12,duːlas,duːlas,d uː l a s,,hindukush,,,^ d uː l a s $,default,
pbu_a-Numerals-13-1,,pbu_a,Numerals-13,djaːrlas,djaːrlas,d j aː r l a s,,hindukush,,,^ d j aː r l a s $,default,
pbu_a-Numerals-14-1,,pbu_a,Numerals-14,t͡swaːrlas,t͡swaːrlas,ts w aː r l a s,,hindukush,,,^ t͡sw aː r l a s $,default,
pbu_a-Numerals-15-1,,pbu_a,Numerals-15,pinzələs,pinzələs,p i n z ə l ə s,,hindukush,,,^ p i n z ə l ə s $,default,
pbu_a-Numerals-16-1,,pbu_a,Numerals-16,ʃpaːɽəs,ʃpaːɽəs,ʃ p aː ɽ ə s,,hindukush,,,^ ʃ p aː ɽ ə s $,default,
pbu_a-Numerals-17-1,,pbu_a,Numerals-17,wələs,wələs,w ə l ə s,,hindukush,,,^ w ə l ə s $,default,
pbu_a-Numerals-18-1,,pbu_a,Numerals-18,atələs,atələs,a t ə l ə s,,hindukush,,,^ a t ə l ə s $,default,
pbu_a-Numerals-19-1,,pbu_a,Numerals-19,nuləs,nuləs,n u l ə s,,hindukush,,,^ n u l ə s $,default,
pbu_a-Numerals-20-1,,pbu_a,Numerals-20,ʃəl,ʃəl,ʃ ə l,,hindukush,,,^ ʃ ə l $,default,
pbu_a-Numerals-21-1,,pbu_a,Numerals-21,jawiʃt,jawiʃt,j a w i ʃ t,,hindukush,,,^ j a w i ʃ t $,default,
pbu_a-Numerals-22-1,,pbu_a,Numerals-22,dwawiʃt,dwawiʃt,d w a w i ʃ t,,hindukush,,,^ dw a w i ʃ t $,default,
pbu_a-Numerals-23-1,,pbu_a,Numerals-23,drəwiʃt,drəwiʃt,d r ə w i ʃ t,,hindukush,,,^ d r ə w i ʃ t $,default,
pbu_a-Numerals-24-1,,pbu_a,Numerals-24,t͡salorwiʃt,t͡salorwiʃt,ts a l o r w i ʃ t,,hindukush,,,^ t͡s a l o rw i ʃ t $,default,
pbu_a-Numerals-25-1,,pbu_a,Numerals-25,pinzəwiʃt,pinzəwiʃt,p i n z ə w i ʃ t,,hindukush,,,^ p i n z ə w i ʃ t $,default,
pbu_a-Numerals-26-1,,pbu_a,Numerals-26,ʃpəgwiʃt,ʃpəgwiʃt,ʃ p ə g w i ʃ t,,hindukush,,,^ ʃ p ə gw i ʃ t $,default,
pbu_a-Numerals-27-1,,pbu_a,Numerals-27,wəwiʃt,wəwiʃt,w ə w i ʃ t,,hindukush,,,^ w ə w i ʃ t $,default,
pbu_a-Numerals-28-1,,pbu_a,Numerals-28,atəwiʃt,atəwiʃt,a t ə w i ʃ t,,hindukush,,,^ a t ə w i ʃ t $,default,
pbu_a-Numerals-29-1,,pbu_a,Numerals-29,nəhwiʃt,nəhwiʃt,n ə h w i ʃ t,,hindukush,,,^ n ə hw i ʃ t $,default,
pbu_a-Numerals-30-1,,pbu_a,Numerals-30,deːrʃ,deːrʃ,d eː r ʃ,,hindukush,,,^ d eː rʃ $,default,
pbu_a-Numerals-31-1,,pbu_a,Numerals-31,jawdeːrʃ,jawdeːrʃ,j a w d eː r ʃ,,hindukush,,,^ j a w d eː rʃ $,default,
pbu_a-Numerals-32-1,,pbu_a,Numerals-32,dwadeːrʃ,dwadeːrʃ,d w a d eː r ʃ,,hindukush,,,^ dw a d eː rʃ $,default,
pbu_a-Numerals-33-1,,pbu_a,Numerals-33,drədeːrʃ,drədeːrʃ,d r ə d eː r ʃ,,hindukush,,,^ d r ə d eː rʃ $,default,
pbu_a-Numerals-34-1,,pbu_a,Numerals-34,t͡saloːrdeːrʃ,t͡saloːrdeːrʃ,ts a l oː r d eː r ʃ,,hindukush,,,^ t͡s a l oː r d eː rʃ $,default,
pbu_a-Numerals-35-1,,pbu_a,Numerals-35,pinzədeːrʃ,pinzədeːrʃ,p i n z ə d eː r ʃ,,hindukush,,,^ p i n z ə d eː rʃ $,default,
pbu_a-Numerals-36-1,,pbu_a,Numerals-36,ʃpəgdeːrʃ,ʃpəgdeːrʃ,ʃ p ə g d eː r ʃ,,hindukush,,,^ ʃ p ə g d eː rʃ $,default,
pbu_a-Numerals-37-1,,pbu_a,Numerals-37,wədeːrʃ,wədeːrʃ,w ə d eː r ʃ,,hindukush,,,^ w ə d eː rʃ $,default,
pbu_a-Numerals-38-1,,pbu_a,Numerals-38,atədeːrʃ,atədeːrʃ,a t ə d eː r ʃ,,hindukush,,,^ a t ə d eː rʃ $,default,
pbu_a-Numerals-39-1,,pbu_a,Numerals-39,nəhdeːrʃ,nəhdeːrʃ,n ə h d eː r ʃ,,hindukush,,,^ n ə h d eː rʃ $,default,
pbu_a-Numerals-40-1,,pbu_a,Numerals-40,t͡salweːxt,t͡salweːxt,ts a l w eː x t,,hindukush,,,^ t͡s a lw eː x t $,default,
pbu_a-Numerals-41-1,,pbu_a,Numerals-41,jawt͡salweːxt,jawt͡salweːxt,j a w ts a l w eː x t,,hindukush,,,^ j a w t͡s a lw eː x t $,default,
pbu_a-Numerals-42-1,,pbu_a,Numerals-42,dwat͡salweːxt,dwat͡salweːxt,d w a ts a l w eː x t,,hindukush,,,^ dw a t͡s a lw eː x t $,default,
pbu_a-Numerals-43-1,,pbu_a,Numerals-43,drət͡salweːxt,drət͡salweːxt,d r ə ts a l w eː x t,,hindukush,,,^ d r ə t͡s a lw eː x t $,default,
pbu_a-Numerals-44-1,,pbu_a,Numerals-44,t͡saloːrt͡salweːxt,t͡saloːrt͡salweːxt,ts a l oː r ts a l w eː x t,,hindukush,,,^ t͡s a l oː r t͡s a lw eː x t $,default,
pbu_a-Numerals-45-1,,pbu_a,Numerals-45,pinzət͡salweːxt,pinzət͡salweːxt,p i n z ə ts a l w eː x t,,hindukush,,,^ p i n z ə t͡s a lw eː x t $,default,
pbu_a-Numerals-46-1,,pbu_a,Numerals-46,ʃpagt͡salweːxt,ʃpagt͡salweːxt,ʃ p a g ts a l w eː x t,,hindukush,,,^ ʃ p a g t͡s a lw eː x t $,default,
pbu_a-Numerals-47-1,,pbu_a,Numerals-47,wət͡salweːxt,wət͡salweːxt,w ə ts a l w eː x t,,hindukush,,,^ w ə t͡s a lw eː x t $,default,
pbu_a-Numerals-48-1,,pbu_a,Numerals-48,atət͡salweːxt,atət͡salweːxt,a t ə ts a l w eː x t,,hindukush,,,^ a t ə t͡s a lw eː x t $,default,
pbu_a-Numerals-49-1,,pbu_a,Numerals-49,naht͡salweːxt,naht͡salweːxt,n a h ts a l w eː x t,,hindukush,,,^ n a h t͡s a lw eː x t $,default,
pbu_a-Numerals-50-1,,pbu_a,Numerals-50,panzoːs,panzoːs,p a n z oː s,,hindukush,,,^ p a n z oː s $,default,
pbu_a-Numerals-60-1,,pbu_a,Numerals-60,ʃpeːtə,ʃpeːtə,ʃ p eː t ə,,hindukush,,,^ ʃ p eː t ə $,default,
pbu_a-Numerals-70-1,,pbu_a,Numerals-70,awijaː,awijaː,a w i j aː,,hindukush,,,^ a w i j aː $,default,
pbu_a-Numerals-80-1,,pbu_a,Numerals-80,atijaː,atijaː,a t i j aː,,hindukush,,,^ a t i j aː $,default,
pbu_a-Numerals-90-1,,pbu_a,Numerals-90,nawi,nawi,n a w i,,hindukush,,,^ n a w i $,default,
pbu_a-Numerals-100-1,,pbu_a,Numerals-100,səl,səl,s ə l,,hindukush,,,^ s ə l $,default,
pbu_a-Numerals-110-1,,pbu_a,Numerals-110,jaw səl las,jaw_səl_las,j a w + s ə l + l a s,,hindukush,,,^ j a w _ s ə l _ l a s $,default,
pbu_a-Numerals-120-1,,pbu_a,Numerals-120,jaw səl ʃəl,jaw_səl_ʃəl,j a w + s ə l + ʃ ə l,,hindukush,,,^ j a w _ s ə l _ ʃ ə l $,default,
pbu_a-Numerals-200-1,,pbu_a,Numerals-200,dwa sawa,dwa_sawa,d w a + s a w a,,hindukush,,,^ dw a _ s a w a $,default,
pbu_a-Numerals-1000-1,,pbu_a,Numerals-1000,zər,zər,z ə r,,hindukush,,,^ z ə r $,default,
pbu_i-Numerals-1-1,,pbu_i,Numerals-1,jaw,jaw,j a w,,hindukush,,,^ j a w $,default,
pbu_i-Numerals-2-1,,pbu_i,Numerals-2,dwaː,dwaː,d w aː,,hindukush,,,^ dw aː $,default,
pbu_i-Numerals-3-1,,pbu_i,Numerals-3,dreː,dreː,d r eː,,hindukush,,,^ d r eː $,default,
pbu_i-Numerals-4-1,,pbu_i,Numerals-4,t͡saloːr,t͡saloːr,ts a l oː r,,hindukush,,,^ t͡s a l oː r $,default,
pbu_i-Numerals-5-1,,pbu_i,Numerals-5,pinzə,pinzə,p i n z ə,,hindukush,,,^ p i n z ə $,default,
pbu_i-Numerals-6-1,,pbu_i,Numerals-6,ʃpag,ʃpag,ʃ p a g,,hindukush,,,^ ʃ p a g $,default,
pbu_i-Numerals-7-1,,pbu_i,Numerals-7,wə,wə,w ə,,hindukush,,,^ w ə $,default,
pbu_i-Numerals-8-1,,pbu_i,Numerals-8,atə,atə,a t ə,,hindukush,,,^ a t ə $,default,
pbu_i-Numerals-9-1,,pbu_i,Numerals-9,naha,naha,n a h a,,hindukush,,,^ n a h a $,default,
pbu_i-Numerals-10-1,,pbu_i,Numerals-10,las,las,l a s,,hindukush,,,^ l a s $,default,
pbu_i-Numerals-11-1,,pbu_i,Numerals-11,jaoːlas,jaoːlas,j a oː l a s,,hindukush,,,^ j aoː l a s $,default,
pbu_i-Numerals-12-1,,pbu_i,Numerals-12,doːlas,doːlas,d oː l a s,,hindukush,,,^ d oː l a s $,default,
pbu_i-Numerals-13-1,,pbu_i,Numerals-13,djaːrlas,djaːrlas,d j aː r l a s,,hindukush,,,^ d j aː r l a s $,default,
pbu_i-Numerals-14-1,,pbu_i,Numerals-14,t͡swaːrlas,t͡swaːrlas,ts w aː r l a s,,hindukush,,,^ t͡sw aː r l a s $,default,
pbu_i-Numerals-15-1,,pbu_i,Numerals-15,pinzəlas,pinzəlas,p i n z ə l a s,,hindukush,,,^ p i n z ə l a s $,default,
pbu_i-Numerals-16-1,,pbu_i,Numerals-16,ʃpaːɖlas,ʃpaːɖlas,ʃ p aː ɖ l a s,,hindukush,,,^ ʃ p aː ɖ l a s $,default,
pbu_i-Numerals-17-1,,pbu_i,Numerals-17,wərlas,wərlas,w ə r l a s,,hindukush,,,^ w ə r l a s $,default,
pbu_i-Numerals-18-1,,pbu_i,Numerals-18,atəlas,atəlas,a t ə l a s,,hindukush,,,^ a t ə l a s $,default,
pbu_i-Numerals-19-1,,pbu_i,Numerals-19,nurlas,nurlas,n u r l a s,,hindukush,,,^ n u r l a s $,default,
pbu_i-Numerals-20-1,,pbu_i,Numerals-20,ʃəl,ʃəl,ʃ ə l,,hindukush,,,^ ʃ ə l $,default,
pbu_i-Numerals-21-1,,pbu_i,Numerals-21,jawiʃ,jawiʃ,j a w i ʃ,,hindukush,,,^ j a w i ʃ $,default,
pbu_i-Numerals-22-1,,pbu_i,Numerals-22,dwiʃ,dwiʃ,d w i ʃ,,hindukush,,,^ dw i ʃ $,default,
pbu_i-Numerals-23-1,,pbu_i,Numerals-23,diriʃ,diriʃ,d i r i ʃ,,hindukush,,,^ d i r i ʃ $,default,
pbu_i-Numerals-24-1,,pbu_i,Numerals-24,t͡saleːrwiʃ,t͡saleːrwiʃ,ts a l eː r w i ʃ,,hindukush,,,^ t͡s a l eː rw i ʃ $,default,
pbu_i-Numerals-25-1,,pbu_i,Numerals-25,pinziːʃ,pinziːʃ,p i n z iː ʃ,,hindukush,,,^ p i n z iː ʃ $,default,
pbu_i-Numerals-26-1,,pbu_i,Numerals-26,ʃpəgiːʃ,ʃpəgiːʃ,ʃ p ə g iː ʃ,,hindukush,,,^ ʃ p ə g iː ʃ $,default,
pbu_i-Numerals-27-1,,pbu_i,Numerals-27,wiːʃ,wiːʃ,w iː ʃ,,hindukush,,,^ w iː ʃ $,default,
pbu_i-Numerals-28-1,,pbu_i,Numerals-28,atiːʃ,atiːʃ,a t iː ʃ,,hindukush,,,^ a t iː ʃ $,default,
pbu_i-Numerals-29-1,,pbu_i,Numerals-29,jaw kam deːrʃ,jaw_kam_deːrʃ,j a w + k a m + d eː r ʃ,,hindukush,,,^ j a w _ k a m _ d eː rʃ $,default,
pbu_i-Numerals-30-1,,pbu_i,Numerals-30,deːrʃ,deːrʃ,d eː r ʃ,,hindukush,,,^ d eː rʃ $,default,
pbu_i-Numerals-31-1,,pbu_i,Numerals-31,jawadeːrʃ,jawadeːrʃ,j a w a d eː r ʃ,,hindukush,,,^ j a w a d eː rʃ $,default,
pbu_i-Numerals-32-1,,pbu_i,Numerals-32,dwaːdeːrʃ,dwaːdeːrʃ,d w aː d eː r ʃ,,hindukush,,,^ dw aː d eː rʃ $,default,
pbu_i-Numerals-33-1,,pbu_i,Numerals-33,drejaːdeːrʃ,drejaːdeːrʃ,d r e j aː d eː r ʃ,,hindukush,,,^ d r e j aː d eː rʃ $,default,
pbu_i-Numerals-34-1,,pbu_i,Numerals-34,t͡saloːradeːrʃ,t͡saloːradeːrʃ,ts a l oː r a d eː r ʃ,,hindukush,,,^ t͡s a l oː r a d eː rʃ $,default,
pbu_i-Numerals-35-1,,pbu_i,Numerals-35,pinzaːdeːrʃ,pinzaːdeːrʃ,p i n z aː d eː r ʃ,,hindukush,,,^ p i n z aː d eː rʃ $,default,
pbu_i-Numerals-36-1,,pbu_i,Numerals-36,ʃpəgadeːrʃ,ʃpəgadeːrʃ,ʃ p ə g a d eː r ʃ,,hindukush,,,^ ʃ p ə g a d eː rʃ $,default,
pbu_i-Numerals-37-1,,pbu_i,Numerals-37,wuwaːdeːrʃ,wuwaːdeːrʃ,w u w aː d eː r ʃ,,hindukush,,,^ w u w aː d eː rʃ $,default,
pbu_i-Numerals-38-1,,pbu_i,Numerals-38,ataːdeːrʃ,ataːdeːrʃ,a t aː d eː r ʃ,,hindukush,,,^ a t aː d eː rʃ $,default,
pbu_i-Numerals-39-1,,pbu_i,Numerals-39,jaw kam t͡saleːχ,jaw_kam_t͡saleːχ,j a w + k a m + ts a l eː χ,,hindukush,,,^ j a w _ k a m _ t͡s a l eː χ $,default,
pbu_i-Numerals-40-1,,pbu_i,Numerals-40,t͡saleːχ,t͡saleːχ,ts a l eː χ,,hindukush,,,^ t͡s a l eː χ $,default,
pbu_i-Numerals-41-1,,pbu_i,Numerals-41,jawat͡saleːχ,jawat͡saleːχ,j a w a ts a l eː χ,,hindukush,,,^ j a w a t͡s a l eː χ $,default,
pbu_i-Numerals-42-1,,pbu_i,Numerals-42,dwaːt͡saleːχ,dwaːt͡saleːχ,d w aː ts a l eː χ,,hindukush,,,^ dw aː t͡s a l eː χ $,default,
pbu_i-Numerals-43-1,,pbu_i,Numerals-43,drejaːt͡saleːχ,drejaːt͡saleːχ,d r e j aː ts a l eː χ,,hindukush,,,^ d r e j aː t͡s a l eː χ $,default,
pbu_i-Numerals-44-1,,pbu_i,Numerals-44,t͡saloːrat͡saleːχ,t͡saloːrat͡saleːχ,ts a l oː r a ts a l eː χ,,hindukush,,,^ t͡s a l oː r a t͡s a l eː χ $,default,
pbu_i-Numerals-45-1,,pbu_i,Numerals-45,pinzaːt͡saleːχ,pinzaːt͡saleːχ,p i n z aː ts a l eː χ,,hindukush,,,^ p i n z aː t͡s a l eː χ $,default,
pbu_i-Numerals-46-1,,pbu_i,Numerals-46,ʃpəgat͡saleːχ,ʃpəgat͡saleːχ,ʃ p ə g a ts a l eː χ,,hindukush,,,^ ʃ p ə g a t͡s a l eː χ $,default,
pbu_i-Numerals-47-1,,pbu_i,Numerals-47,wuwaːt͡saleːχ,wuwaːt͡saleːχ,w u w aː ts a l eː χ,,hindukush,,,^ w u w aː t͡s a l eː χ $,default,
pbu_i-Numerals-48-1,,pbu_i,Numerals-48,ataːt͡saleːχ,ataːt͡saleːχ,a t aː ts a l eː χ,,hindukush,,,^ a t aː t͡s a l eː χ $,default,
pbu_i-Numerals-49-1,,pbu_i,Numerals-49,jaw kam panzoːs,jaw_kam_panzoːs,j a w + k a m + p a n z oː s,,hindukush,,,^ j a w _ k a m _ p a n z oː s $,default,
pbu_i-Numerals-50-1,,pbu_i,Numerals-50,panzoːs,panzoːs,p a n z oː s,,hindukush,,,^ p a n z oː s $,default,
pbu_i-Numerals-60-1,,pbu_i,Numerals-60,ʃpeːtə,ʃpeːtə,ʃ p eː t ə,,hindukush,,,^ ʃ p eː t ə $,default,
pbu_i-Numerals-70-1,,pbu_i,Numerals-70,lasa ʃpeːtə,lasa_ʃpeːtə,l a s a + ʃ p eː t ə,,hindukush,,,^ l a s a _ ʃ p eː t ə $,default,
pbu_i-Numerals-80-1,,pbu_i,Numerals-80,atijaː,atijaː,a t i j aː,,hindukush,,,^ a t i j aː $,default,
pbu_i-Numerals-90-1,,pbu_i,Numerals-90,lasa atijaː,lasa_atijaː,l a s a + a t i j aː,,hindukush,,,^ l a s a _ a t i j aː $,default,
pbu_i-Numerals-100-1,,pbu_i,Numerals-100,səl,səl,s ə l,,hindukush,,,^ s ə l $,default,
pbu_i-Numerals-110-1,,pbu_i,Numerals-110,jaw səl las,jaw_səl_las,j a w + s ə l + l a s,,hindukush,,,^ j a w _ s ə l _ l a s $,default,
pbu_i-Numerals-120-1,,pbu_i,Numerals-120,jaw səl ʃəl,jaw_səl_ʃəl,j a w + s ə l + ʃ ə l,,hindukush,,,^ j a w _ s ə l _ ʃ ə l $,default,
pbu_i-Numerals-200-1,,pbu_i,Numerals-200,dwasawa,dwasawa,d w a s a w a,,hindukush,,,^ dw a s a w a $,default,
pbu_i-Numerals-1000-1,,pbu_i,Numerals-1000,zər,zər,z ə r,,hindukush,,,^ z ə r $,default,
pbu_p-Numerals-1-1,,pbu_p,Numerals-1,jaw,jaw,j a w,,hindukush,,,^ j a w $,default,
pbu_p-Numerals-2-1,,pbu_p,Numerals-2,dwaː,dwaː,d w aː,,hindukush,,,^ dw aː $,default,
pbu_p-Numerals-3-1,,pbu_p,Numerals-3,dreː,dreː,d r eː,,hindukush,,,^ d r eː $,default,
pbu_p-Numerals-4-1,,pbu_p,Numerals-4,t͡saloːr,t͡saloːr,ts a l oː r,,hindukush,,,^ t͡s a l oː r $,default,
pbu_p-Numerals-5-1,,pbu_p,Numerals-5,pinzə,pinzə,p i n z ə,,hindukush,,,^ p i n z ə $,default,
pbu_p-Numerals-6-1,,pbu_p,Numerals-6,ʃpag,ʃpag,ʃ p a g,,hindukush,,,^ ʃ p a g $,default,
pbu_p-Numerals-7-1,,pbu_p,Numerals-7,wə,wə,w ə,,hindukush,,,^ w ə $,default,
pbu_p-Numerals-8-1,,pbu_p,Numerals-8,atə,atə,a t ə,,hindukush,,,^ a t ə $,default,
pbu_p-Numerals-9-1,,pbu_p,Numerals-9,nəhə,nəhə,n ə h ə,,hindukush,,,^ n ə h ə $,default,
pbu_p-Numerals-10-1,,pbu_p,Numerals-10,las,las,l a s,,hindukush,,,^ l a s $,default,
pbu_p-Numerals-11-1,,pbu_p,Numerals-11,jawləs,jawləs,j a w l ə s,,hindukush,,,^ j a w l ə s $,default,
pbu_p-Numerals-12-1,,pbu_p,Numerals-12,doːləs,doːləs,d oː l ə s,,hindukush,,,^ d oː l ə s $,default,
pbu_p-Numerals-13-1,,pbu_p,Numerals-13,djaːrləs,djaːrləs,d j aː r l ə s,,hindukush,,,^ d j aː r l ə s $,default,
pbu_p-Numerals-14-1,,pbu_p,Numerals-14,t͡swaːrləs,t͡swaːrləs,ts w aː r l ə s,,hindukush,,,^ t͡sw aː r l ə s $,default,
pbu_p-Numerals-15-1,,pbu_p,Numerals-15,pinzələs,pinzələs,p i n z ə l ə s,,hindukush,,,^ p i n z ə l ə s $,default,
pbu_p-Numerals-16-1,,pbu_p,Numerals-16,ʃpaːɽəs,ʃpaːɽəs,ʃ p aː ɽ ə s,,hindukush,,,^ ʃ p aː ɽ ə s $,default,
pbu_p-Numerals-17-1,,pbu_p,Numerals-17,wələs,wələs,w ə l ə s,,hindukush,,,^ w ə l ə s $,default,
pbu_p-Numerals-18-1,,pbu_p,Numerals-18,atələs,atələs,a t ə l ə s,,hindukush,,,^ a t ə l ə s $,default,
pbu_p-Numerals-19-1,,pbu_p,Numerals-19,nuləs,nuləs,n u l ə s,,hindukush,,,^ n u l ə s $,default,
pbu_p-Numerals-20-1,,pbu_p,Numerals-20,ʃəl,ʃəl,ʃ ə l,,hindukush,,,^ ʃ ə l $,default,
pbu_p-Numerals-21-1,,pbu_p,Numerals-21,jawiʃ,jawiʃ,j a w i ʃ,,hindukush,,,^ j a w i ʃ $,default,
pbu_p-Numerals-22-1,,pbu_p,Numerals-22,dwawiʃ,dwawiʃ,d w a w i ʃ,,hindukush,,,^ dw a w i ʃ $,default,
pbu_p-Numerals-23-1,,pbu_p,Numerals-23,diriʃ,diriʃ,d i r i ʃ,,hindukush,,,^ d i r i ʃ $,default,
pbu_p-Numerals-24-1,,pbu_p,Numerals-24,t͡saliːriʃ,t͡saliːriʃ,ts a l iː r i ʃ,,hindukush,,,^ t͡s a l iː r i ʃ $,default,
pbu_p-Numerals-25-1,,pbu_p,Numerals-25,pinzəwiʃ,pinzəwiʃ,p i n z ə w i ʃ,,hindukush,,,^ p i n z ə w i ʃ $,default,
pbu_p-Numerals-26-1,,pbu_p,Numerals-26,ʃpəgiʃ,ʃpəgiʃ,ʃ p ə g i ʃ,,hindukush,,,^ ʃ p ə g i ʃ $,default,
pbu_p-Numerals-27-1,,pbu_p,Numerals-27,wəiʃ,wəiʃ,w ə i ʃ,,hindukush,,,^ w əi ʃ $,default,
pbu_p-Numerals-28-1,,pbu_p,Numerals-28,atəwiʃ,atəwiʃ,a t ə w i ʃ,,hindukush,,,^ a t ə w i ʃ $,default,
pbu_p-Numerals-29-1,,pbu_p,Numerals-29,jawkam deːrʃ,jawkam_deːrʃ,j a w k a m + d eː r ʃ,,hindukush,,,^ j a w k a m _ d eː rʃ $,default,
pbu_p-Numerals-30-1,,pbu_p,Numerals-30,deːrʃ,deːrʃ,d eː r ʃ,,hindukush,,,^ d eː rʃ $,default,
pbu_p-Numerals-31-1,,pbu_p,Numerals-31,jawdeːrʃ,jawdeːrʃ,j a w d eː r ʃ,,hindukush,,,^ j a w d eː rʃ $,default,
pbu_p-Numerals-32-1,,pbu_p,Numerals-32,dwadeːrʃ,dwadeːrʃ,d w a d eː r ʃ,,hindukush,,,^ dw a d eː rʃ $,default,
pbu_p-Numerals-33-1,,pbu_p,Numerals-33,dreːdeːrʃ,dreːdeːrʃ,d r eː d eː r ʃ,,hindukush,,,^ d r eː d eː rʃ $,default,
pbu_p-Numerals-34-1,,pbu_p,Numerals-34,t͡saloːrdeːrʃ,t͡saloːrdeːrʃ,ts a l oː r d eː r ʃ,,hindukush,,,^ t͡s a l oː r d eː rʃ $,default,
pbu_p-Numerals-35-1,,pbu_p,Numerals-35,pinzədeːrʃ,pinzədeːrʃ,p i n z ə d eː r ʃ,,hindukush,,,^ p i n z ə d eː rʃ $,default,
pbu_p-Numerals-36-1,,pbu_p,Numerals-36,ʃpəgdeːrʃ,ʃpəgdeːrʃ,ʃ p ə g d eː r ʃ,,hindukush,,,^ ʃ p ə g d eː rʃ $,default,
pbu_p-Numerals-37-1,,pbu_p,Numerals-37,wədeːrʃ,wədeːrʃ,w ə d eː r ʃ,,hindukush,,,^ w ə d eː rʃ $,default,
pbu_p-Numerals-38-1,,pbu_p,Numerals-38,atədeːrʃ,atədeːrʃ,a t ə d eː r ʃ,,hindukush,,,^ a t ə d eː rʃ $,default,
pbu_p-Numerals-39-1,,pbu_p,Numerals-39,jawkam t͡salweːχ,jawkam_t͡salweːχ,j a w k a m + ts a l w eː χ,,hindukush,,,^ j a w k a m _ t͡s a lw eː χ $,default,
pbu_p-Numerals-40-1,,pbu_p,Numerals-40,t͡salweːχ,t͡salweːχ,ts a l w eː χ,,hindukush,,,^ t͡s a lw eː χ $,default,
pbu_p-Numerals-41-1,,pbu_p,Numerals-41,jawt͡salweːχ,jawt͡salweːχ,j a w ts a l w eː χ,,hindukush,,,^ j a w t͡s a lw eː χ $,default,
pbu_p-Numerals-42-1,,pbu_p,Numerals-42,dwat͡salweːχ,dwat͡salweːχ,d w a ts a l w eː χ,,hindukush,,,^ dw a t͡s a lw eː χ $,default,
pbu_p-Numerals-43-1,,pbu_p,Numerals-43,dreːt͡salweːχ,dreːt͡salweːχ,d r eː ts a l w eː χ,,hindukush,,,^ d r eː t͡s a lw eː χ $,default,
pbu_p-Numerals-44-1,,pbu_p,Numerals-44,t͡saloːrt͡salweːχ,t͡saloːrt͡salweːχ,ts a l oː r ts a l w eː χ,,hindukush,,,^ t͡s a l oː r t͡s a lw eː χ $,default,
pbu_p-Numerals-45-1,,pbu_p,Numerals-45,pinzət͡salweːχ,pinzət͡salweːχ,p i n z ə ts a l w eː χ,,hindukush,,,^ p i n z ə t͡s a lw eː χ $,default,
pbu_p-Numerals-46-1,,pbu_p,Numerals-46,ʃpagt͡salweːχ,ʃpagt͡salweːχ,ʃ p a g ts a l w eː χ,,hindukush,,,^ ʃ p a g t͡s a lw eː χ $,default,
pbu_p-Numerals-47-1,,pbu_p,Numerals-47,wət͡salweːχ,wət͡salweːχ,w ə ts a l w eː χ,,hindukush,,,^ w ə t͡s a lw eː χ $,default,
pbu_p-Numerals-48-1,,pbu_p,Numerals-48,atət͡salweːχ,atət͡salweːχ,a t ə ts a l w eː χ,,hindukush,,,^ a t ə t͡s a lw eː χ $,default,
pbu_p-Numerals-49-1,,pbu_p,Numerals-49,jawkam panzoːs,jawkam_panzoːs,j a w k a m + p a n z oː s,,hindukush,,,^ j a w k a m _ p a n z oː s $,default,
pbu_p-Numerals-50-1,,pbu_p,Numerals-50,panzoːs,panzoːs,p a n z oː s,,hindukush,,,^ p a n z oː s $,default,
pbu_p-Numerals-60-1,,pbu_p,Numerals-60,ʃpeːtə,ʃpeːtə,ʃ p eː t ə,,hindukush,,,^ ʃ p eː t ə $,default,
pbu_p-Numerals-70-1,,pbu_p,Numerals-70,awijaː,awijaː,a w i j aː,,hindukush,,,^ a w i j aː $,default,
pbu_p-Numerals-80-1,,pbu_p,Numerals-80,atijaː,atijaː,a t i j aː,,hindukush,,,^ a t i j aː $,default,
pbu_p-Numerals-90-1,,pbu_p,Numerals-90,t͡saloːr nimi ʃəleː,t͡saloːr_nimi_ʃəleː,ts a l oː r + n i m i + ʃ ə l eː,,hindukush,,,^ t͡s a l oː r _ n i m i _ ʃ ə l eː $,default,
pbu_p-Numerals-100-1,,pbu_p,Numerals-100,səl,səl,s ə l,,hindukush,,,^ s ə l $,default,
pbu_p-Numerals-110-1,,pbu_p,Numerals-110,ləs də paːsa səl,ləs_də_paːsa_səl,l ə s + d ə + p aː s a + s ə l,,hindukush,,,^ l ə s _ d ə _ p aː s a _ s ə l $,default,
pbu_p-Numerals-120-1,,pbu_p,Numerals-120,ʃəl də paːsa səl,ʃəl_də_paːsa_səl,ʃ ə l + d ə + p aː s a + s ə l,,hindukush,,,^ ʃ ə l _ d ə _ p aː s a _ s ə l $,default,
pbu_p-Numerals-200-1,,pbu_p,Numerals-200,dwa sawa,dwa_sawa,d w a + s a w a,,hindukush,,,^ dw a _ s a w a $,default,
pbu_p-Numerals-1000-1,,pbu_p,Numerals-1000,zər,zər,z ə r,,hindukush,,,^ z ə r $,default,
prn-Numerals-1-1,,prn,Numerals-1,ipiːn,ipiːn,i p iː n,,hindukush,,,^ i p iː n $,default,
prn-Numerals-2-1,,prn,Numerals-2,il liː,il_liː,i l + l iː,,hindukush,,,^ i l _ l iː $,default,
prn-Numerals-3-1,,prn,Numerals-3,t͡ʃi̥ʃ ʃiː,t͡ʃi̥ʃ_ʃiː,tʃ i̥ ʃ + ʃ iː,,hindukush,,,^ t͡ʃ i̥ ʃ _ ʃ iː $,default,
prn-Numerals-4-1,,prn,Numerals-4,t͡ʃu̥p pu,t͡ʃu̥p_pu,tʃ u̥ p + p u,,hindukush,,,^ t͡ʃ u̥ p _ p u $,default,
prn-Numerals-5-1,,prn,Numerals-5,wut͡ʃ t͡ʃə,wut͡ʃ_t͡ʃə,w u tʃ + tʃ ə,,hindukush,,,^ w u t͡ʃ _ t͡ʃ ə $,default,
prn-Numerals-6-1,,prn,Numerals-6,wuʂ ʂə,wuʂ_ʂə,w u ʂ + ʂ ə,,hindukush,,,^ w u ʂ _ ʂ ə $,default,
prn-Numerals-7-1,,prn,Numerals-7,sətə,sətə,s ə t ə,,hindukush,,,^ s ə t ə $,default,
prn-Numerals-8-1,,prn,Numerals-8,aːstə,aːstə,aː s t ə,,hindukush,,,^ aː s t ə $,default,
prn-Numerals-9-1,,prn,Numerals-9,nuju,nuju,n u j u,,hindukush,,,^ n u j u $,default,
prn-Numerals-10-1,,prn,Numerals-10,ləːz zə,ləːz_zə,l əː z + z ə,,hindukush,,,^ l əː z _ z ə $,default,
prn-Numerals-11-1,,prn,Numerals-11,d͡ʒiːz zə,d͡ʒiːz_zə,dʒ iː z + z ə,,hindukush,,,^ d͡ʒ iː z _ z ə $,default,
prn-Numerals-12-1,,prn,Numerals-12,wiːz zə,wiːz_zə,w iː z + z ə,,hindukush,,,^ w iː z _ z ə $,default,
prn-Numerals-13-1,,prn,Numerals-13,t͡ʃi̥ʃiːz zə,t͡ʃi̥ʃiːz_zə,tʃ i̥ ʃ iː z + z ə,,hindukush,,,^ t͡ʃ i̥ ʃ iː z _ z ə $,default,
prn-Numerals-14-1,,prn,Numerals-14,t͡ʃu̥pluz,t͡ʃu̥pluz,tʃ u̥ p l u z,,hindukush,,,^ t͡ʃ u̥ p l u z $,default,
prn-Numerals-15-1,,prn,Numerals-15,wəʃliz,wəʃliz,w ə ʃ l i z,,hindukush,,,^ w ə ʃ l i z $,default,
prn-Numerals-16-1,,prn,Numerals-16,wəʂluz,wəʂluz,w ə ʂ l u z,,hindukush,,,^ w ə ʂ l u z $,default,
prn-Numerals-17-1,,prn,Numerals-17,sətliz,sətliz,s ə t l i z,,hindukush,,,^ s ə t l i z $,default,
prn-Numerals-18-1,,prn,Numerals-18,aʃliz,aʃliz,a ʃ l i z,,hindukush,,,^ a ʃ l i z $,default,
prn-Numerals-19-1,,prn,Numerals-19,naːləz,naːləz,n aː l ə z,,hindukush,,,^ n aː l ə z $,default,
prn-Numerals-20-1,,prn,Numerals-20,zu,zu,z u,,hindukush,,,^ z u $,default,
prn-Numerals-21-1,,prn,Numerals-21,ikeːʒ,ikeːʒ,i k eː ʒ,,hindukush,,,^ i k eː ʒ $,default,
prn-Numerals-22-1,,prn,Numerals-22,ileːʒ,ileːʒ,i l eː ʒ,,hindukush,,,^ i l eː ʒ $,default,
prn-Numerals-23-1,,prn,Numerals-23,t͡ʃi̥ʃeːʒ,t͡ʃi̥ʃeːʒ,tʃ i̥ ʃ eː ʒ,,hindukush,,,^ t͡ʃ i̥ ʃ eː ʒ $,default,
prn-Numerals-24-1,,prn,Numerals-24,t͡ʃu̥pːeːʒ,t͡ʃu̥pːeːʒ,tʃ u̥ pː eː ʒ,,hindukush,,,^ t͡ʃ u̥ pː eː ʒ $,default,
prn-Numerals-25-1,,prn,Numerals-25,wət͡ʃːeːʒ,wət͡ʃːeːʒ,w ə tʃː eː ʒ,,hindukush,,,^ w ə t͡ʃː eː ʒ $,default,
prn-Numerals-26-1,,prn,Numerals-26,wəʂːeːʒ,wəʂːeːʒ,w ə ʂː eː ʒ,,hindukush,,,^ w ə ʂː eː ʒ $,default,
prn-Numerals-27-1,,prn,Numerals-27,sətːeːʒ,sətːeːʒ,s ə tː eː ʒ,,hindukush,,,^ s ə tː eː ʒ $,default,
prn-Numerals-28-1,,prn,Numerals-28,astːeːʒ,astːeːʒ,a s tː eː ʒ,,hindukush,,,^ a s tː eː ʒ $,default,
prn-Numerals-29-1,,prn,Numerals-29,nuwːeːʒ,nuwːeːʒ,n u wː eː ʒ,,hindukush,,,^ n u wː eː ʒ $,default,
prn-Numerals-30-1,,prn,Numerals-30,ləz zeːʃ,ləz_zeːʃ,l ə z + z eː ʃ,,hindukush,,,^ l ə z _ z eː ʃ $,default,
prn-Numerals-31-1,,prn,Numerals-31,d͡ʒiz zeːʃ,d͡ʒiz_zeːʃ,dʒ i z + z eː ʃ,,hindukush,,,^ d͡ʒ i z _ z eː ʃ $,default,
prn-Numerals-32-1,,prn,Numerals-32,wiz zeːʃ,wiz_zeːʃ,w i z + z eː ʃ,,hindukush,,,^ w i z _ z eː ʃ $,default,
prn-Numerals-33-1,,prn,Numerals-33,t͡ʃi̥ʃiz zeːʃ,t͡ʃi̥ʃiz_zeːʃ,tʃ i̥ ʃ i z + z eː ʃ,,hindukush,,,^ t͡ʃ i̥ ʃ i z _ z eː ʃ $,default,
prn-Numerals-34-1,,prn,Numerals-34,t͡ʃu̥pluzeːʃ,t͡ʃu̥pluzeːʃ,tʃ u̥ p l u z eː ʃ,,hindukush,,,^ t͡ʃ u̥ p l u z eː ʃ $,default,
prn-Numerals-35-1,,prn,Numerals-35,wəʃlizeːʃ,wəʃlizeːʃ,w ə ʃ l i z eː ʃ,,hindukush,,,^ w ə ʃ l i z eː ʃ $,default,
prn-Numerals-36-1,,prn,Numerals-36,wəʂluzeːʃ,wəʂluzeːʃ,w ə ʂ l u z eː ʃ,,hindukush,,,^ w ə ʂ l u z eː ʃ $,default,
prn-Numerals-37-1,,prn,Numerals-37,sətːlizeːʃ,sətːlizeːʃ,s ə tː l i z eː ʃ,,hindukush,,,^ s ə tː l i z eː ʃ $,default,
prn-Numerals-38-1,,prn,Numerals-38,aʃlizeːʃ,aʃlizeːʃ,a ʃ l i z eː ʃ,,hindukush,,,^ a ʃ l i z eː ʃ $,default,
prn-Numerals-39-1,,prn,Numerals-39,naːlizeːʃ,naːlizeːʃ,n aː l i z eː ʃ,,hindukush,,,^ n aː l i z eː ʃ $,default,
prn-Numerals-40-1,,prn,Numerals-40,d͡ʒibəz,d͡ʒibəz,dʒ i b ə z,,hindukush,,,^ d͡ʒ i b ə z $,default,
prn-Numerals-41-1,,prn,Numerals-41,ikiː d͡ʒibəz,ikiː_d͡ʒibəz,i k iː + dʒ i b ə z,,hindukush,,,^ i k iː _ d͡ʒ i b ə z $,default,
prn-Numerals-42-1,,prn,Numerals-42,iliː d͡ʒibəz,iliː_d͡ʒibəz,i l iː + dʒ i b ə z,,hindukush,,,^ i l iː _ d͡ʒ i b ə z $,default,
prn-Numerals-43-1,,prn,Numerals-43,t͡ʃi̥ʃiː d͡ʒibəz,t͡ʃi̥ʃiː_d͡ʒibəz,tʃ i̥ ʃ iː + dʒ i b ə z,,hindukush,,,^ t͡ʃ i̥ ʃ iː _ d͡ʒ i b ə z $,default,
prn-Numerals-44-1,,prn,Numerals-44,t͡ʃu̥pu d͡ʒibəz,t͡ʃu̥pu_d͡ʒibəz,tʃ u̥ p u + dʒ i b ə z,,hindukush,,,^ t͡ʃ u̥ p u _ d͡ʒ i b ə z $,default,
prn-Numerals-45-1,,prn,Numerals-45,wut͡ʃ d͡ʒibəz,wut͡ʃ_d͡ʒibəz,w u tʃ + dʒ i b ə z,,hindukush,,,^ w u t͡ʃ _ d͡ʒ i b ə z $,default,
prn-Numerals-46-1,,prn,Numerals-46,wuʂ d͡ʒibəz,wuʂ_d͡ʒibəz,w u ʂ + dʒ i b ə z,,hindukush,,,^ w u ʂ _ d͡ʒ i b ə z $,default,
prn-Numerals-47-1,,prn,Numerals-47,sət d͡ʒibəz,sət_d͡ʒibəz,s ə t + dʒ i b ə z,,hindukush,,,^ s ə t _ d͡ʒ i b ə z $,default,
prn-Numerals-48-1,,prn,Numerals-48,aːst d͡ʒibəz,aːst_d͡ʒibəz,aː s t + dʒ i b ə z,,hindukush,,,^ aː s t _ d͡ʒ i b ə z $,default,
prn-Numerals-49-1,,prn,Numerals-49,nu d͡ʒibəz,nu_d͡ʒibəz,n u + dʒ i b ə z,,hindukush,,,^ n u _ d͡ʒ i b ə z $,default,
prn-Numerals-50-1,,prn,Numerals-50,ləːz d͡ʒibəz,ləːz_d͡ʒibəz,l əː z + dʒ i b ə z,,hindukush,,,^ l əː z _ d͡ʒ i b ə z $,default,
prn-Numerals-60-1,,prn,Numerals-60,t͡ʃi̥ʃegzu,t͡ʃi̥ʃegzu,tʃ i̥ ʃ e g z u,,hindukush,,,^ t͡ʃ i̥ ʃ e g z u $,default,
prn-Numerals-70-1,,prn,Numerals-70,t͡ʃi̥ʃegzaː ləːz,t͡ʃi̥ʃegzaː_ləːz,tʃ i̥ ʃ e g z aː + l əː z,,hindukush,,,^ t͡ʃ i̥ ʃ e g z aː _ l əː z $,default,
prn-Numerals-80-1,,prn,Numerals-80,t͡ʃu̥pegzu,t͡ʃu̥pegzu,tʃ u̥ p e g z u,,hindukush,,,^ t͡ʃ u̥ p e g z u $,default,
prn-Numerals-90-1,,prn,Numerals-90,t͡ʃu̥pegzaː ləːz,t͡ʃu̥pegzaː_ləːz,tʃ u̥ p e g z aː + l əː z,,hindukush,,,^ t͡ʃ u̥ p e g z aː _ l əː z $,default,
prn-Numerals-100-1,,prn,Numerals-100,wət͡ʃegzu,wət͡ʃegzu,w ə tʃ e g z u,,hindukush,,,^ w ə t͡ʃ e g z u $,default,
prn-Numerals-110-1,,prn,Numerals-110,wət͡ʃegzaː ləːz,wət͡ʃegzaː_ləːz,w ə tʃ e g z aː + l əː z,,hindukush,,,^ w ə t͡ʃ e g z aː _ l əː z $,default,
prn-Numerals-120-1,,prn,Numerals-120,wət͡ʃegzaː zu,wət͡ʃegzaː_zu,w ə tʃ e g z aː + z u,,hindukush,,,^ w ə t͡ʃ e g z aː _ z u $,default,
prn-Numerals-200-1,,prn,Numerals-200,li wət͡ʃegzu,li_wət͡ʃegzu,l i + w ə tʃ e g z u,,hindukush,,,^ l i _ w ə t͡ʃ e g z u $,default,
prn-Numerals-1000-1,,prn,Numerals-1000,azaːr,azaːr,a z aː r,,hindukush,,,^ a z aː r $,default,
prx-Numerals-1-1,,prx,Numerals-1,t͡ʃik,t͡ʃik,tʃ i k,,hindukush,,,^ t͡ʃ i k $,default,
prx-Numerals-2-1,,prx,Numerals-2,ŋis,ŋis,ŋ i s,,hindukush,,,^ ŋ i s $,default,
prx-Numerals-3-1,,prx,Numerals-3,sum,sum,s u m,,hindukush,,,^ s u m $,default,
prx-Numerals-4-1,,prx,Numerals-4,d͡ʒbjiː,d͡ʒbjiː,dʒ b j iː,,hindukush,,,^ d͡ʒ b j iː $,default,
prx-Numerals-5-1,,prx,Numerals-5,ʁa,ʁa,ʁ a,,hindukush,,,^ ʁ a $,default,
prx-Numerals-6-1,,prx,Numerals-6,truk,truk,t r u k,,hindukush,,,^ t r u k $,default,
prx-Numerals-7-1,,prx,Numerals-7,hr̥dun,hr̥dun,h r̥ d u n,,hindukush,,,^ h r̥ d u n $,default,
prx-Numerals-8-1,,prx,Numerals-8,rgjad,rgjad,r g j a d,,hindukush,,,^ r g j a d $,default,
prx-Numerals-9-1,,prx,Numerals-9,rguː,rguː,r g uː,,hindukush,,,^ r g uː $,default,
prx-Numerals-10-1,,prx,Numerals-10,hr̥t͡ʃuː,hr̥t͡ʃuː,h r̥ tʃ uː,,hindukush,,,^ h r̥ t͡ʃ uː $,default,
prx-Numerals-11-1,,prx,Numerals-11,t͡ʃukʃik,t͡ʃukʃik,tʃ u k ʃ i k,,hindukush,,,^ t͡ʃ u kʃ i k $,default,
prx-Numerals-12-1,,prx,Numerals-12,t͡ʃuŋis,t͡ʃuŋis,tʃ u ŋ i s,,hindukush,,,^ t͡ʃ u ŋ i s $,default,
prx-Numerals-13-1,,prx,Numerals-13,t͡ʃuksum,t͡ʃuksum,tʃ u k s u m,,hindukush,,,^ t͡ʃ u ks u m $,default,
prx-Numerals-14-1,,prx,Numerals-14,t͡ʃud͡ʒbjiː,t͡ʃud͡ʒbjiː,tʃ u dʒ b j iː,,hindukush,,,^ t͡ʃ u d͡ʒ b j iː $,default,
prx-Numerals-15-1,,prx,Numerals-15,t͡ʃuʁa,t͡ʃuʁa,tʃ u ʁ a,,hindukush,,,^ t͡ʃ u ʁ a $,default,
prx-Numerals-16-1,,prx,Numerals-16,t͡ʃuzdrug,t͡ʃuzdrug,tʃ u z d r u g,,hindukush,,,^ t͡ʃ u z d r u g $,default,
prx-Numerals-17-1,,prx,Numerals-17,t͡ʃubdun,t͡ʃubdun,tʃ u b d u n,,hindukush,,,^ t͡ʃ u b d u n $,default,
prx-Numerals-18-1,,prx,Numerals-18,t͡ʃubgjad,t͡ʃubgjad,tʃ u b g j a d,,hindukush,,,^ t͡ʃ u b g j a d $,default,
prx-Numerals-19-1,,prx,Numerals-19,t͡ʃurguː,t͡ʃurguː,tʃ u r g uː,,hindukush,,,^ t͡ʃ u r g uː $,default,
prx-Numerals-20-1,,prx,Numerals-20,ŋiʃuː,ŋiʃuː,ŋ i ʃ uː,,hindukush,,,^ ŋ i ʃ uː $,default,
prx-Numerals-21-1,,prx,Numerals-21,ŋiʃuː hr̥t͡saq t͡ʃik,ŋiʃuː_hr̥t͡saq_t͡ʃik,ŋ i ʃ uː + h r̥ ts a q + tʃ i k,,hindukush,,,^ ŋ i ʃ uː _ h r̥ t͡s a q _ t͡ʃ i k $,default,
prx-Numerals-22-1,,prx,Numerals-22,ŋiʃuː hr̥t͡saq ŋis,ŋiʃuː_hr̥t͡saq_ŋis,ŋ i ʃ uː + h r̥ ts a q + ŋ i s,,hindukush,,,^ ŋ i ʃ uː _ h r̥ t͡s a q _ ŋ i s $,default,
prx-Numerals-23-1,,prx,Numerals-23,ŋiʃuː hr̥t͡saq sum,ŋiʃuː_hr̥t͡saq_sum,ŋ i ʃ uː + h r̥ ts a q + s u m,,hindukush,,,^ ŋ i ʃ uː _ h r̥ t͡s a q _ s u m $,default,
prx-Numerals-24-1,,prx,Numerals-24,ŋiʃuː hr̥t͡sa d͡ʒbjiː,ŋiʃuː_hr̥t͡sa_d͡ʒbjiː,ŋ i ʃ uː + h r̥ ts a + dʒ b j iː,,hindukush,,,^ ŋ i ʃ uː _ h r̥ t͡s a _ d͡ʒ b j iː $,default,
prx-Numerals-25-1,,prx,Numerals-25,ŋiʃuː hr̥t͡sa ʁa,ŋiʃuː_hr̥t͡sa_ʁa,ŋ i ʃ uː + h r̥ ts a + ʁ a,,hindukush,,,^ ŋ i ʃ uː _ h r̥ t͡s a _ ʁ a $,default,
prx-Numerals-26-1,,prx,Numerals-26,ŋiʃuː hr̥t͡sa truk,ŋiʃuː_hr̥t͡sa_truk,ŋ i ʃ uː + h r̥ ts a + t r u k,,hindukush,,,^ ŋ i ʃ uː _ h r̥ t͡s a _ t r u k $,default,
prx-Numerals-27-1,,prx,Numerals-27,ŋiʃuː hr̥t͡sa bdun,ŋiʃuː_hr̥t͡sa_bdun,ŋ i ʃ uː + h r̥ ts a + b d u n,,hindukush,,,^ ŋ i ʃ uː _ h r̥ t͡s a _ b d u n $,default,
prx-Numerals-28-1,,prx,Numerals-28,ŋiʃuː hr̥t͡sa bgjad,ŋiʃuː_hr̥t͡sa_bgjad,ŋ i ʃ uː + h r̥ ts a + b g j a d,,hindukush,,,^ ŋ i ʃ uː _ h r̥ t͡s a _ b g j a d $,default,
prx-Numerals-29-1,,prx,Numerals-29,ŋiʃuː hr̥t͡sa rguː,ŋiʃuː_hr̥t͡sa_rguː,ŋ i ʃ uː + h r̥ ts a + r g uː,,hindukush,,,^ ŋ i ʃ uː _ h r̥ t͡s a _ r g uː $,default,
prx-Numerals-30-1,,prx,Numerals-30,sumt͡ʃuː,sumt͡ʃuː,s u m tʃ uː,,hindukush,,,^ s u m t͡ʃ uː $,default,
prx-Numerals-31-1,,prx,Numerals-31,sumt͡ʃuː naː t͡ʃik,sumt͡ʃuː_naː_t͡ʃik,s u m tʃ uː + n aː + tʃ i k,,hindukush,,,^ s u m t͡ʃ uː _ n aː _ t͡ʃ i k $,default,
prx-Numerals-32-1,,prx,Numerals-32,sumt͡ʃuː naː ŋis,sumt͡ʃuː_naː_ŋis,s u m tʃ uː + n aː + ŋ i s,,hindukush,,,^ s u m t͡ʃ uː _ n aː _ ŋ i s $,default,
prx-Numerals-33-1,,prx,Numerals-33,sumt͡ʃuː naː sum,sumt͡ʃuː_naː_sum,s u m tʃ uː + n aː + s u m,,hindukush,,,^ s u m t͡ʃ uː _ n aː _ s u m $,default,
prx-Numerals-34-1,,prx,Numerals-34,sumt͡ʃuː naː d͡ʒbjiː,sumt͡ʃuː_naː_d͡ʒbjiː,s u m tʃ uː + n aː + dʒ b j iː,,hindukush,,,^ s u m t͡ʃ uː _ n aː _ d͡ʒ b j iː $,default,
prx-Numerals-35-1,,prx,Numerals-35,sumt͡ʃuː naː ʁa,sumt͡ʃuː_naː_ʁa,s u m tʃ uː + n aː + ʁ a,,hindukush,,,^ s u m t͡ʃ uː _ n aː _ ʁ a $,default,
prx-Numerals-36-1,,prx,Numerals-36,sumt͡ʃuː naː truk,sumt͡ʃuː_naː_truk,s u m tʃ uː + n aː + t r u k,,hindukush,,,^ s u m t͡ʃ uː _ n aː _ t r u k $,default,
prx-Numerals-37-1,,prx,Numerals-37,sumt͡ʃuː naː rdun,sumt͡ʃuː_naː_rdun,s u m tʃ uː + n aː + r d u n,,hindukush,,,^ s u m t͡ʃ uː _ n aː _ r d u n $,default,
prx-Numerals-38-1,,prx,Numerals-38,sumt͡ʃuː naː rgjad,sumt͡ʃuː_naː_rgjad,s u m tʃ uː + n aː + r g j a d,,hindukush,,,^ s u m t͡ʃ uː _ n aː _ r g j a d $,default,
prx-Numerals-39-1,,prx,Numerals-39,sumt͡ʃuː naː rguː,sumt͡ʃuː_naː_rguː,s u m tʃ uː + n aː + r g uː,,hindukush,,,^ s u m t͡ʃ uː _ n aː _ r g uː $,default,
prx-Numerals-40-1,,prx,Numerals-40,ŋiʃuːŋis,ŋiʃuːŋis,ŋ i ʃ uː ŋ i s,,hindukush,,,^ ŋ i ʃ uː ŋ i s $,default,
prx-Numerals-41-1,,prx,Numerals-41,ŋiʃuːŋis naː t͡ʃik,ŋiʃuːŋis_naː_t͡ʃik,ŋ i ʃ uː ŋ i s + n aː + tʃ i k,,hindukush,,,^ ŋ i ʃ uː ŋ i s _ n aː _ t͡ʃ i k $,default,
prx-Numerals-42-1,,prx,Numerals-42,ŋiʃuːŋis naː ŋis,ŋiʃuːŋis_naː_ŋis,ŋ i ʃ uː ŋ i s + n aː + ŋ i s,,hindukush,,,^ ŋ i ʃ uː ŋ i s _ n aː _ ŋ i s $,default,
prx-Numerals-43-1,,prx,Numerals-43,ŋiʃuːŋis naː sum,ŋiʃuːŋis_naː_sum,ŋ i ʃ uː ŋ i s + n aː + s u m,,hindukush,,,^ ŋ i ʃ uː ŋ i s _ n aː _ s u m $,default,
prx-Numerals-44-1,,prx,Numerals-44,ŋiʃuːŋis naː d͡ʒbjiː,ŋiʃuːŋis_naː_d͡ʒbjiː,ŋ i ʃ uː ŋ i s + n aː + dʒ b j iː,,hindukush,,,^ ŋ i ʃ uː ŋ i s _ n aː _ d͡ʒ b j iː $,default,
prx-Numerals-45-1,,prx,Numerals-45,ŋiʃuːŋis naː ʁa,ŋiʃuːŋis_naː_ʁa,ŋ i ʃ uː ŋ i s + n aː + ʁ a,,hindukush,,,^ ŋ i ʃ uː ŋ i s _ n aː _ ʁ a $,default,
prx-Numerals-46-1,,prx,Numerals-46,ŋiʃuːŋis naː truk,ŋiʃuːŋis_naː_truk,ŋ i ʃ uː ŋ i s + n aː + t r u k,,hindukush,,,^ ŋ i ʃ uː ŋ i s _ n aː _ t r u k $,default,
prx-Numerals-47-1,,prx,Numerals-47,ŋiʃuːŋis naː rdun,ŋiʃuːŋis_naː_rdun,ŋ i ʃ uː ŋ i s + n aː + r d u n,,hindukush,,,^ ŋ i ʃ uː ŋ i s _ n aː _ r d u n $,default,
prx-Numerals-48-1,,prx,Numerals-48,ŋiʃuːŋis naː rgijad,ŋiʃuːŋis_naː_rgijad,ŋ i ʃ uː ŋ i s + n aː + r g i j a d,,hindukush,,,^ ŋ i ʃ uː ŋ i s _ n aː _ r g i j a d $,default,
prx-Numerals-49-1,,prx,Numerals-49,ŋiʃuːŋis naː rguː,ŋiʃuːŋis_naː_rguː,ŋ i ʃ uː ŋ i s + n aː + r g uː,,hindukush,,,^ ŋ i ʃ uː ŋ i s _ n aː _ r g uː $,default,
prx-Numerals-50-1,,prx,Numerals-50,ʁabt͡ʃuː,ʁabt͡ʃuː,ʁ a b tʃ uː,,hindukush,,,^ ʁ a b t͡ʃ uː $,default,
prx-Numerals-60-1,,prx,Numerals-60,trukt͡ʃuː,trukt͡ʃuː,t r u k tʃ uː,,hindukush,,,^ t r u k t͡ʃ uː $,default,
prx-Numerals-70-1,,prx,Numerals-70,rdunt͡ʃuː,rdunt͡ʃuː,r d u n tʃ uː,,hindukush,,,^ r d u n t͡ʃ uː $,default,
prx-Numerals-80-1,,prx,Numerals-80,ŋiʃuː d͡ʒbjiː,ŋiʃuː_d͡ʒbjiː,ŋ i ʃ uː + dʒ b j iː,,hindukush,,,^ ŋ i ʃ uː _ d͡ʒ b j iː $,default,
prx-Numerals-90-1,,prx,Numerals-90,ŋiʃuː d͡ʒbjiː naːzt͡ʃuː,ŋiʃuː_d͡ʒbjiː_naːzt͡ʃuː,ŋ i ʃ uː + dʒ b j iː + n aː z tʃ uː,,hindukush,,,^ ŋ i ʃ uː _ d͡ʒ b j iː _ n aː z t͡ʃ uː $,default,
prx-Numerals-100-1,,prx,Numerals-100,rgjaː,rgjaː,r g j aː,,hindukush,,,^ r g j aː $,default,
prx-Numerals-110-1,,prx,Numerals-110,rgjaː naːzt͡ʃuː,rgjaː_naːzt͡ʃuː,r g j aː + n aː z tʃ uː,,hindukush,,,^ r g j aː _ n aː z t͡ʃ uː $,default,
prx-Numerals-120-1,,prx,Numerals-120,rgjaː naː ŋiʃuː,rgjaː_naː_ŋiʃuː,r g j aː + n aː + ŋ i ʃ uː,,hindukush,,,^ r g j aː _ n aː _ ŋ i ʃ uː $,default,
prx-Numerals-200-1,,prx,Numerals-200,ŋibgjaː,ŋibgjaː,ŋ i b g j aː,,hindukush,,,^ ŋ i b g j aː $,default,
prx-Numerals-1000-1,,prx,Numerals-1000,stõːt͡ʃik,stõːt͡ʃik,s t õː tʃ i k,,hindukush,,,^ s t õː t͡ʃ i k $,default,
sgh_r-Numerals-1-1,,sgh_r,Numerals-1,iːw,iːw,iː w,,hindukush,,,^ iː w $,default,
sgh_r-Numerals-2-1,,sgh_r,Numerals-2,ðaw,ðaw,ð a w,,hindukush,,,^ ð a w $,default,
sgh_r-Numerals-3-1,,sgh_r,Numerals-3,araj,araj,a r a j,,hindukush,,,^ a r a j $,default,
sgh_r-Numerals-4-1,,sgh_r,Numerals-4,t͡savuːr,t͡savuːr,ts a v uː r,,hindukush,,,^ t͡s a v uː r $,default,
sgh_r-Numerals-5-1,,sgh_r,Numerals-5,piːnd͡z,piːnd͡z,p iː n dz,,hindukush,,,^ p iː n d͡z $,default,
sgh_r-Numerals-6-1,,sgh_r,Numerals-6,χuː,χuː,χ uː,,hindukush,,,^ χ uː $,default,
sgh_r-Numerals-7-1,,sgh_r,Numerals-7,uːvd,uːvd,uː v d,,hindukush,,,^ uː v d $,default,
sgh_r-Numerals-8-1,,sgh_r,Numerals-8,waxt,waxt,w a x t,,hindukush,,,^ w a x t $,default,
sgh_r-Numerals-9-1,,sgh_r,Numerals-9,naːw,naːw,n aː w,,hindukush,,,^ n aː w $,default,
sgh_r-Numerals-10-1,,sgh_r,Numerals-10,ðos,ðos,ð o s,,hindukush,,,^ ð o s $,default,
sgh_r-Numerals-11-1,,sgh_r,Numerals-11,joːzda,joːzda,j oː z d a,,hindukush,,,^ j oː z d a $,default,
sgh_r-Numerals-12-1,,sgh_r,Numerals-12,duwoːzda,duwoːzda,d u w oː z d a,,hindukush,,,^ d u w oː z d a $,default,
sgh_r-Numerals-13-1,,sgh_r,Numerals-13,siːzda,siːzda,s iː z d a,,hindukush,,,^ s iː z d a $,default,
sgh_r-Numerals-14-1,,sgh_r,Numerals-14,t͡ʃoːrda,t͡ʃoːrda,tʃ oː r d a,,hindukush,,,^ t͡ʃ oː r d a $,default,
sgh_r-Numerals-15-1,,sgh_r,Numerals-15,poːnzda,poːnzda,p oː n z d a,,hindukush,,,^ p oː n z d a $,default,
sgh_r-Numerals-16-1,,sgh_r,Numerals-16,ʃoːnzda,ʃoːnzda,ʃ oː n z d a,,hindukush,,,^ ʃ oː n z d a $,default,
sgh_r-Numerals-17-1,,sgh_r,Numerals-17,avda,avda,a v d a,,hindukush,,,^ a v d a $,default,
sgh_r-Numerals-18-1,,sgh_r,Numerals-18,ad͡ʒda,ad͡ʒda,a dʒ d a,,hindukush,,,^ a d͡ʒ d a $,default,
sgh_r-Numerals-19-1,,sgh_r,Numerals-19,nuːnzda,nuːnzda,n uː n z d a,,hindukush,,,^ n uː n z d a $,default,
sgh_r-Numerals-20-1,,sgh_r,Numerals-20,biːst,biːst,b iː s t,,hindukush,,,^ b iː s t $,default,
sgh_r-Numerals-21-1,,sgh_r,Numerals-21,biːstə jaːk,biːstə_jaːk,b iː s t ə + j aː k,,hindukush,,,^ b iː s t ə _ j aː k $,default,
sgh_r-Numerals-22-1,,sgh_r,Numerals-22,biːstə duː,biːstə_duː,b iː s t ə + d uː,,hindukush,,,^ b iː s t ə _ d uː $,default,
sgh_r-Numerals-23-1,,sgh_r,Numerals-23,biːstə seː,biːstə_seː,b iː s t ə + s eː,,hindukush,,,^ b iː s t ə _ s eː $,default,
sgh_r-Numerals-24-1,,sgh_r,Numerals-24,biːstə t͡ʃoːr,biːstə_t͡ʃoːr,b iː s t ə + tʃ oː r,,hindukush,,,^ b iː s t ə _ t͡ʃ oː r $,default,
sgh_r-Numerals-25-1,,sgh_r,Numerals-25,biːstə paːnd͡ʒ,biːstə_paːnd͡ʒ,b iː s t ə + p aː n dʒ,,hindukush,,,^ b iː s t ə _ p aː n d͡ʒ $,default,
sgh_r-Numerals-26-1,,sgh_r,Numerals-26,biːstə ʃaːʃ,biːstə_ʃaːʃ,b iː s t ə + ʃ aː ʃ,,hindukush,,,^ b iː s t ə _ ʃ aː ʃ $,default,
sgh_r-Numerals-27-1,,sgh_r,Numerals-27,biːstə aːft,biːstə_aːft,b iː s t ə + aː f t,,hindukush,,,^ b iː s t ə _ aː f t $,default,
sgh_r-Numerals-28-1,,sgh_r,Numerals-28,biːstə aːʃt,biːstə_aːʃt,b iː s t ə + aː ʃ t,,hindukush,,,^ b iː s t ə _ aː ʃ t $,default,
sgh_r-Numerals-29-1,,sgh_r,Numerals-29,biːstə nuː,biːstə_nuː,b iː s t ə + n uː,,hindukush,,,^ b iː s t ə _ n uː $,default,
sgh_r-Numerals-30-1,,sgh_r,Numerals-30,siː,siː,s iː,,hindukush,,,^ s iː $,default,
sgh_r-Numerals-31-1,,sgh_r,Numerals-31,siːwə jaːk,siːwə_jaːk,s iː w ə + j aː k,,hindukush,,,^ s iː w ə _ j aː k $,default,
sgh_r-Numerals-32-1,,sgh_r,Numerals-32,siːwə do,siːwə_do,s iː w ə + d o,,hindukush,,,^ s iː w ə _ d o $,default,
sgh_r-Numerals-33-1,,sgh_r,Numerals-33,siːwə seː,siːwə_seː,s iː w ə + s eː,,hindukush,,,^ s iː w ə _ s eː $,default,
sgh_r-Numerals-34-1,,sgh_r,Numerals-34,siːwə t͡ʃoːr,siːwə_t͡ʃoːr,s iː w ə + tʃ oː r,,hindukush,,,^ s iː w ə _ t͡ʃ oː r $,default,
sgh_r-Numerals-35-1,,sgh_r,Numerals-35,siːwə paːnd͡ʒ,siːwə_paːnd͡ʒ,s iː w ə + p aː n dʒ,,hindukush,,,^ s iː w ə _ p aː n d͡ʒ $,default,
sgh_r-Numerals-36-1,,sgh_r,Numerals-36,siːwə ʃaːʃ,siːwə_ʃaːʃ,s iː w ə + ʃ aː ʃ,,hindukush,,,^ s iː w ə _ ʃ aː ʃ $,default,
sgh_r-Numerals-37-1,,sgh_r,Numerals-37,siːwə aːft,siːwə_aːft,s iː w ə + aː f t,,hindukush,,,^ s iː w ə _ aː f t $,default,
sgh_r-Numerals-38-1,,sgh_r,Numerals-38,siːwə aːʃt,siːwə_aːʃt,s iː w ə + aː ʃ t,,hindukush,,,^ s iː w ə _ aː ʃ t $,default,
sgh_r-Numerals-39-1,,sgh_r,Numerals-39,siːwə nuː,siːwə_nuː,s iː w ə + n uː,,hindukush,,,^ s iː w ə _ n uː $,default,
sgh_r-Numerals-40-1,,sgh_r,Numerals-40,t͡ʃel,t͡ʃel,tʃ e l,,hindukush,,,^ t͡ʃ e l $,default,
sgh_r-Numerals-41-1,,sgh_r,Numerals-41,t͡ʃelə jaːk,t͡ʃelə_jaːk,tʃ e l ə + j aː k,,hindukush,,,^ t͡ʃ e l ə _ j aː k $,default,
sgh_r-Numerals-42-1,,sgh_r,Numerals-42,t͡ʃelə duː,t͡ʃelə_duː,tʃ e l ə + d uː,,hindukush,,,^ t͡ʃ e l ə _ d uː $,default,
sgh_r-Numerals-43-1,,sgh_r,Numerals-43,t͡ʃelə seː,t͡ʃelə_seː,tʃ e l ə + s eː,,hindukush,,,^ t͡ʃ e l ə _ s eː $,default,
sgh_r-Numerals-44-1,,sgh_r,Numerals-44,t͡ʃelə t͡ʃoːr,t͡ʃelə_t͡ʃoːr,tʃ e l ə + tʃ oː r,,hindukush,,,^ t͡ʃ e l ə _ t͡ʃ oː r $,default,
sgh_r-Numerals-45-1,,sgh_r,Numerals-45,t͡ʃelə paːnd͡ʒ,t͡ʃelə_paːnd͡ʒ,tʃ e l ə + p aː n dʒ,,hindukush,,,^ t͡ʃ e l ə _ p aː n d͡ʒ $,default,
sgh_r-Numerals-46-1,,sgh_r,Numerals-46,t͡ʃelə ʃaːʃ,t͡ʃelə_ʃaːʃ,tʃ e l ə + ʃ aː ʃ,,hindukush,,,^ t͡ʃ e l ə _ ʃ aː ʃ $,default,
sgh_r-Numerals-47-1,,sgh_r,Numerals-47,t͡ʃelə aːft,t͡ʃelə_aːft,tʃ e l ə + aː f t,,hindukush,,,^ t͡ʃ e l ə _ aː f t $,default,
sgh_r-Numerals-48-1,,sgh_r,Numerals-48,t͡ʃelə aːʃt,t͡ʃelə_aːʃt,tʃ e l ə + aː ʃ t,,hindukush,,,^ t͡ʃ e l ə _ aː ʃ t $,default,
sgh_r-Numerals-49-1,,sgh_r,Numerals-49,t͡ʃelə nuː,t͡ʃelə_nuː,tʃ e l ə + n uː,,hindukush,,,^ t͡ʃ e l ə _ n uː $,default,
sgh_r-Numerals-50-1,,sgh_r,Numerals-50,pind͡ʒoː,pind͡ʒoː,p i n dʒ oː,,hindukush,,,^ p i n d͡ʒ oː $,default,
sgh_r-Numerals-60-1,,sgh_r,Numerals-60,ʃaːst,ʃaːst,ʃ aː s t,,hindukush,,,^ ʃ aː s t $,default,
sgh_r-Numerals-70-1,,sgh_r,Numerals-70,aftoːd,aftoːd,a f t oː d,,hindukush,,,^ a f t oː d $,default,
sgh_r-Numerals-80-1,,sgh_r,Numerals-80,aʃtoːd,aʃtoːd,a ʃ t oː d,,hindukush,,,^ a ʃ t oː d $,default,
sgh_r-Numerals-90-1,,sgh_r,Numerals-90,nawad,nawad,n a w a d,,hindukush,,,^ n a w a d $,default,
sgh_r-Numerals-100-1,,sgh_r,Numerals-100,"jaːk sad, sad",jaːk_sad,j aː k + s a d,,hindukush,,,^ j aː k _ s a d $,default,
sgh_r-Numerals-100-2,,sgh_r,Numerals-100,"jaːk sad, sad",sad,s a d,,hindukush,,,^ s a d $,default,
sgh_r-Numerals-110-1,,sgh_r,Numerals-110,jaːk sadə daː,jaːk_sadə_daː,j aː k + s a d ə + d aː,,hindukush,,,^ j aː k _ s a d ə _ d aː $,default,
sgh_r-Numerals-120-1,,sgh_r,Numerals-120,jaːk sadə biːst,jaːk_sadə_biːst,j aː k + s a d ə + b iː s t,,hindukush,,,^ j aː k _ s a d ə _ b iː s t $,default,
sgh_r-Numerals-200-1,,sgh_r,Numerals-200,du sad,du_sad,d u + s a d,,hindukush,,,^ d u _ s a d $,default,
sgh_r-Numerals-1000-1,,sgh_r,Numerals-1000,"jaːk azoːr, azoːr",jaːk_azoːr,j aː k + a z oː r,,hindukush,,,^ j aː k _ a z oː r $,default,
sgh_r-Numerals-1000-2,,sgh_r,Numerals-1000,"jaːk azoːr, azoːr",azoːr,a z oː r,,hindukush,,,^ a z oː r $,default,
sgy-Numerals-1-1,,sgy,Numerals-1,wɑːk,wɑːk,w ɑː k,,hindukush,,,^ w ɑː k $,default,
sgy-Numerals-2-1,,sgy,Numerals-2,dəːw,dəːw,d əː w,,hindukush,,,^ d əː w $,default,
sgy-Numerals-3-1,,sgy,Numerals-3,roːj,roːj,r oː j,,hindukush,,,^ r oː j $,default,
sgy-Numerals-4-1,,sgy,Numerals-4,t͡safuːr,t͡safuːr,ts a f uː r,,hindukush,,,^ t͡s a f uː r $,default,
sgy-Numerals-5-1,,sgy,Numerals-5,poːnd͡z,poːnd͡z,p oː n dz,,hindukush,,,^ p oː n d͡z $,default,
sgy-Numerals-6-1,,sgy,Numerals-6,χɑːɽ,χɑːɽ,χ ɑː ɽ,,hindukush,,,^ χ ɑː ɽ $,default,
sgy-Numerals-7-1,,sgy,Numerals-7,hoːvd,hoːvd,h oː v d,,hindukush,,,^ h oː v d $,default,
sgy-Numerals-8-1,,sgy,Numerals-8,hɑːt,hɑːt,h ɑː t,,hindukush,,,^ h ɑː t $,default,
sgy-Numerals-9-1,,sgy,Numerals-9,nɑːw,nɑːw,n ɑː w,,hindukush,,,^ n ɑː w $,default,
sgy-Numerals-10-1,,sgy,Numerals-10,dɑːs,dɑːs,d ɑː s,,hindukush,,,^ d ɑː s $,default,
sgy-Numerals-11-1,,sgy,Numerals-11,kədɑːs,kədɑːs,k ə d ɑː s,,hindukush,,,^ k ə d ɑː s $,default,
sgy-Numerals-12-1,,sgy,Numerals-12,diːduːs,diːduːs,d iː d uː s,,hindukush,,,^ d iː d uː s $,default,
sgy-Numerals-13-1,,sgy,Numerals-13,seːzda,seːzda,s eː z d a,,hindukush,,,^ s eː z d a $,default,
sgy-Numerals-14-1,,sgy,Numerals-14,t͡ʃaːrda,t͡ʃaːrda,tʃ aː r d a,,hindukush,,,^ t͡ʃ aː r d a $,default,
sgy-Numerals-15-1,,sgy,Numerals-15,poːnzdɑːs,poːnzdɑːs,p oː n z d ɑː s,,hindukush,,,^ p oː n z d ɑː s $,default,
sgy-Numerals-16-1,,sgy,Numerals-16,χɑːɽdɑːs,χɑːɽdɑːs,χ ɑː ɽ d ɑː s,,hindukush,,,^ χ ɑː ɽ d ɑː s $,default,
sgy-Numerals-17-1,,sgy,Numerals-17,hoːvddɑːs,hoːvddɑːs,h oː v dː ɑː s,,hindukush,,,^ h oː v dd ɑː s $,default,
sgy-Numerals-18-1,,sgy,Numerals-18,hɑːtdɑːs,hɑːtdɑːs,h ɑː t d ɑː s,,hindukush,,,^ h ɑː t d ɑː s $,default,
sgy-Numerals-19-1,,sgy,Numerals-19,nawdɑːs,nawdɑːs,n a w d ɑː s,,hindukush,,,^ n a w d ɑː s $,default,
sgy-Numerals-20-1,,sgy,Numerals-20,wiːʃt,wiːʃt,w iː ʃ t,,hindukush,,,^ w iː ʃ t $,default,
sgy-Numerals-21-1,,sgy,Numerals-21,wiʃtə wɑːk,wiʃtə_wɑːk,w i ʃ t ə + w ɑː k,,hindukush,,,^ w i ʃ t ə _ w ɑː k $,default,
sgy-Numerals-22-1,,sgy,Numerals-22,wiʃtə dəːw,wiʃtə_dəːw,w i ʃ t ə + d əː w,,hindukush,,,^ w i ʃ t ə _ d əː w $,default,
sgy-Numerals-23-1,,sgy,Numerals-23,wiʃtə roːj,wiʃtə_roːj,w i ʃ t ə + r oː j,,hindukush,,,^ w i ʃ t ə _ r oː j $,default,
sgy-Numerals-24-1,,sgy,Numerals-24,wiʃtə t͡safuːr,wiʃtə_t͡safuːr,w i ʃ t ə + ts a f uː r,,hindukush,,,^ w i ʃ t ə _ t͡s a f uː r $,default,
sgy-Numerals-25-1,,sgy,Numerals-25,wiʃtə poːnd͡z,wiʃtə_poːnd͡z,w i ʃ t ə + p oː n dz,,hindukush,,,^ w i ʃ t ə _ p oː n d͡z $,default,
sgy-Numerals-26-1,,sgy,Numerals-26,wiʃtə χɑːɽ,wiʃtə_χɑːɽ,w i ʃ t ə + χ ɑː ɽ,,hindukush,,,^ w i ʃ t ə _ χ ɑː ɽ $,default,
sgy-Numerals-27-1,,sgy,Numerals-27,wiʃtə hoːvd,wiʃtə_hoːvd,w i ʃ t ə + h oː v d,,hindukush,,,^ w i ʃ t ə _ h oː v d $,default,
sgy-Numerals-28-1,,sgy,Numerals-28,wiʃtə hɑːt,wiʃtə_hɑːt,w i ʃ t ə + h ɑː t,,hindukush,,,^ w i ʃ t ə _ h ɑː t $,default,
sgy-Numerals-29-1,,sgy,Numerals-29,wiʃtə nɑːw,wiʃtə_nɑːw,w i ʃ t ə + n ɑː w,,hindukush,,,^ w i ʃ t ə _ n ɑː w $,default,
sgy-Numerals-30-1,,sgy,Numerals-30,rəːs,rəːs,r əː s,,hindukush,,,^ r əː s $,default,
sgy-Numerals-31-1,,sgy,Numerals-31,rəsə wɑːk,rəsə_wɑːk,r ə s ə + w ɑː k,,hindukush,,,^ r ə s ə _ w ɑː k $,default,
sgy-Numerals-32-1,,sgy,Numerals-32,rəsə dəːw,rəsə_dəːw,r ə s ə + d əː w,,hindukush,,,^ r ə s ə _ d əː w $,default,
sgy-Numerals-33-1,,sgy,Numerals-33,rəsə roːj,rəsə_roːj,r ə s ə + r oː j,,hindukush,,,^ r ə s ə _ r oː j $,default,
sgy-Numerals-34-1,,sgy,Numerals-34,rəsə t͡safuːr,rəsə_t͡safuːr,r ə s ə + ts a f uː r,,hindukush,,,^ r ə s ə _ t͡s a f uː r $,default,
sgy-Numerals-35-1,,sgy,Numerals-35,rəsə poːnd͡z,rəsə_poːnd͡z,r ə s ə + p oː n dz,,hindukush,,,^ r ə s ə _ p oː n d͡z $,default,
sgy-Numerals-36-1,,sgy,Numerals-36,rəsə χɑːɽ,rəsə_χɑːɽ,r ə s ə + χ ɑː ɽ,,hindukush,,,^ r ə s ə _ χ ɑː ɽ $,default,
sgy-Numerals-37-1,,sgy,Numerals-37,rəsə hoːvd,rəsə_hoːvd,r ə s ə + h oː v d,,hindukush,,,^ r ə s ə _ h oː v d $,default,
sgy-Numerals-38-1,,sgy,Numerals-38,rəsə hɑːt,rəsə_hɑːt,r ə s ə + h ɑː t,,hindukush,,,^ r ə s ə _ h ɑː t $,default,
sgy-Numerals-39-1,,sgy,Numerals-39,rəsə nɑːw,rəsə_nɑːw,r ə s ə + n ɑː w,,hindukush,,,^ r ə s ə _ n ɑː w $,default,
sgy-Numerals-40-1,,sgy,Numerals-40,t͡ʃəːl,t͡ʃəːl,tʃ əː l,,hindukush,,,^ t͡ʃ əː l $,default,
sgy-Numerals-41-1,,sgy,Numerals-41,t͡ʃələ wɑːk,t͡ʃələ_wɑːk,tʃ ə l ə + w ɑː k,,hindukush,,,^ t͡ʃ ə l ə _ w ɑː k $,default,
sgy-Numerals-42-1,,sgy,Numerals-42,t͡ʃələ dəːw,t͡ʃələ_dəːw,tʃ ə l ə + d əː w,,hindukush,,,^ t͡ʃ ə l ə _ d əː w $,default,
sgy-Numerals-43-1,,sgy,Numerals-43,t͡ʃələ roːj,t͡ʃələ_roːj,tʃ ə l ə + r oː j,,hindukush,,,^ t͡ʃ ə l ə _ r oː j $,default,
sgy-Numerals-44-1,,sgy,Numerals-44,t͡ʃələ t͡safuːr,t͡ʃələ_t͡safuːr,tʃ ə l ə + ts a f uː r,,hindukush,,,^ t͡ʃ ə l ə _ t͡s a f uː r $,default,
sgy-Numerals-45-1,,sgy,Numerals-45,t͡ʃələ poːnd͡z,t͡ʃələ_poːnd͡z,tʃ ə l ə + p oː n dz,,hindukush,,,^ t͡ʃ ə l ə _ p oː n d͡z $,default,
sgy-Numerals-46-1,,sgy,Numerals-46,t͡ʃələ χɑːɽ,t͡ʃələ_χɑːɽ,tʃ ə l ə + χ ɑː ɽ,,hindukush,,,^ t͡ʃ ə l ə _ χ ɑː ɽ $,default,
sgy-Numerals-47-1,,sgy,Numerals-47,t͡ʃələ hoːvd,t͡ʃələ_hoːvd,tʃ ə l ə + h oː v d,,hindukush,,,^ t͡ʃ ə l ə _ h oː v d $,default,
sgy-Numerals-48-1,,sgy,Numerals-48,t͡ʃələ hɑːt,t͡ʃələ_hɑːt,tʃ ə l ə + h ɑː t,,hindukush,,,^ t͡ʃ ə l ə _ h ɑː t $,default,
sgy-Numerals-49-1,,sgy,Numerals-49,t͡ʃələ nɑːw,t͡ʃələ_nɑːw,tʃ ə l ə + n ɑː w,,hindukush,,,^ t͡ʃ ə l ə _ n ɑː w $,default,
sgy-Numerals-50-1,,sgy,Numerals-50,pand͡ʒaːj,pand͡ʒaːj,p a n dʒ aː j,,hindukush,,,^ p a n d͡ʒ aː j $,default,
sgy-Numerals-60-1,,sgy,Numerals-60,ʂaːst,ʂaːst,ʂ aː s t,,hindukush,,,^ ʂ aː s t $,default,
sgy-Numerals-70-1,,sgy,Numerals-70,aftaːd,aftaːd,a f t aː d,,hindukush,,,^ a f t aː d $,default,
sgy-Numerals-80-1,,sgy,Numerals-80,aʂtaːd,aʂtaːd,a ʂ t aː d,,hindukush,,,^ a ʂ t aː d $,default,
sgy-Numerals-90-1,,sgy,Numerals-90,nawad,nawad,n a w a d,,hindukush,,,^ n a w a d $,default,
sgy-Numerals-100-1,,sgy,Numerals-100,sad,sad,s a d,,hindukush,,,^ s a d $,default,
sgy-Numerals-110-1,,sgy,Numerals-110,wɑːk sadə wɑːk,wɑːk_sadə_wɑːk,w ɑː k + s a d ə + w ɑː k,,hindukush,,,^ w ɑː k _ s a d ə _ w ɑː k $,default,
sgy-Numerals-120-1,,sgy,Numerals-120,wɑːk sadə wiːʃt,wɑːk_sadə_wiːʃt,w ɑː k + s a d ə + w iː ʃ t,,hindukush,,,^ w ɑː k _ s a d ə _ w iː ʃ t $,default,
sgy-Numerals-200-1,,sgy,Numerals-200,du sad,du_sad,d u + s a d,,hindukush,,,^ d u _ s a d $,default,
sgy-Numerals-1000-1,,sgy,Numerals-1000,wɑːk azaːr,wɑːk_azaːr,w ɑː k + a z aː r,,hindukush,,,^ w ɑː k _ a z aː r $,default,
sdg-Numerals-1-1,,sdg,Numerals-1,jak,jak,j a k,,hindukush,,,^ j a k $,default,
sdg-Numerals-2-1,,sdg,Numerals-2,duː,duː,d uː,,hindukush,,,^ d uː $,default,
sdg-Numerals-3-1,,sdg,Numerals-3,ɬɑː,ɬɑː,ɬ ɑː,,hindukush,,,^ ɬ ɑː $,default,
sdg-Numerals-4-1,,sdg,Numerals-4,t͡ʃuːr,t͡ʃuːr,tʃ uː r,,hindukush,,,^ t͡ʃ uː r $,default,
sdg-Numerals-5-1,,sdg,Numerals-5,paːnd͡ʒ,paːnd͡ʒ,p aː n dʒ,,hindukush,,,^ p aː n d͡ʒ $,default,
sdg-Numerals-6-1,,sdg,Numerals-6,ʂo,ʂo,ʂ o,,hindukush,,,^ ʂ o $,default,
sdg-Numerals-7-1,,sdg,Numerals-7,saːt,saːt,s aː t,,hindukush,,,^ s aː t $,default,
sdg-Numerals-8-1,,sdg,Numerals-8,aːʃ,aːʃ,aː ʃ,,hindukush,,,^ aː ʃ $,default,
sdg-Numerals-9-1,,sdg,Numerals-9,nu,nu,n u,,hindukush,,,^ n u $,default,
sdg-Numerals-10-1,,sdg,Numerals-10,deʃ,deʃ,d e ʃ,,hindukush,,,^ d e ʃ $,default,
sdg-Numerals-11-1,,sdg,Numerals-11,jakɑːʃ,jakɑːʃ,j a k ɑː ʃ,,hindukush,,,^ j a k ɑː ʃ $,default,
sdg-Numerals-12-1,,sdg,Numerals-12,bɑːʃ,bɑːʃ,b ɑː ʃ,,hindukush,,,^ b ɑː ʃ $,default,
sdg-Numerals-13-1,,sdg,Numerals-13,trojiʃ,trojiʃ,t r o j i ʃ,,hindukush,,,^ t r o j i ʃ $,default,
sdg-Numerals-14-1,,sdg,Numerals-14,t͡ʃadiʃ,t͡ʃadiʃ,tʃ a d i ʃ,,hindukush,,,^ t͡ʃ a d i ʃ $,default,
sdg-Numerals-15-1,,sdg,Numerals-15,pand͡ʒiʃ,pand͡ʒiʃ,p a n dʒ i ʃ,,hindukush,,,^ p a n d͡ʒ i ʃ $,default,
sdg-Numerals-16-1,,sdg,Numerals-16,ʂuɽaʃ,ʂuɽaʃ,ʂ u ɽ a ʃ,,hindukush,,,^ ʂ u ɽ a ʃ $,default,
sdg-Numerals-17-1,,sdg,Numerals-17,satijɑːʃ,satijɑːʃ,s a t i j ɑː ʃ,,hindukush,,,^ s a t i j ɑː ʃ $,default,
sdg-Numerals-18-1,,sdg,Numerals-18,aʃtijɑːʃ,aʃtijɑːʃ,a ʃ t i j ɑː ʃ,,hindukush,,,^ a ʃ t i j ɑː ʃ $,default,
sdg-Numerals-19-1,,sdg,Numerals-19,uːɽiʃ,uːɽiʃ,uː ɽ i ʃ,,hindukush,,,^ uː ɽ i ʃ $,default,
sdg-Numerals-20-1,,sdg,Numerals-20,biʃ,biʃ,b i ʃ,,hindukush,,,^ b i ʃ $,default,
sdg-Numerals-21-1,,sdg,Numerals-21,jakɑːn biʃ,jakɑːn_biʃ,j a k ɑː n + b i ʃ,,hindukush,,,^ j a k ɑː n _ b i ʃ $,default,
sdg-Numerals-22-1,,sdg,Numerals-22,duwɑːn biʃ,duwɑːn_biʃ,d u w ɑː n + b i ʃ,,hindukush,,,^ d u w ɑː n _ b i ʃ $,default,
sdg-Numerals-23-1,,sdg,Numerals-23,ɬɑːwɑːn biʃ,ɬɑːwɑːn_biʃ,ɬ ɑː w ɑː n + b i ʃ,,hindukush,,,^ ɬ ɑː w ɑː n _ b i ʃ $,default,
sdg-Numerals-24-1,,sdg,Numerals-24,t͡ʃuːrɑːn biʃ,t͡ʃuːrɑːn_biʃ,tʃ uː r ɑː n + b i ʃ,,hindukush,,,^ t͡ʃ uː r ɑː n _ b i ʃ $,default,
sdg-Numerals-25-1,,sdg,Numerals-25,paːnd͡ʒɑːn biʃ,paːnd͡ʒɑːn_biʃ,p aː n dʒ ɑː n + b i ʃ,,hindukush,,,^ p aː n d͡ʒ ɑː n _ b i ʃ $,default,
sdg-Numerals-26-1,,sdg,Numerals-26,ʂuwɑːn biʃ,ʂuwɑːn_biʃ,ʂ u w ɑː n + b i ʃ,,hindukush,,,^ ʂ u w ɑː n _ b i ʃ $,default,
sdg-Numerals-27-1,,sdg,Numerals-27,saːtɑːn biʃ,saːtɑːn_biʃ,s aː t ɑː n + b i ʃ,,hindukush,,,^ s aː t ɑː n _ b i ʃ $,default,
sdg-Numerals-28-1,,sdg,Numerals-28,aːʃɑːn biʃ,aːʃɑːn_biʃ,aː ʃ ɑː n + b i ʃ,,hindukush,,,^ aː ʃ ɑː n _ b i ʃ $,default,
sdg-Numerals-29-1,,sdg,Numerals-29,nuwɑːn biʃ,nuwɑːn_biʃ,n u w ɑː n + b i ʃ,,hindukush,,,^ n u w ɑː n _ b i ʃ $,default,
sdg-Numerals-30-1,,sdg,Numerals-30,daʃɑːn biʃ,daʃɑːn_biʃ,d a ʃ ɑː n + b i ʃ,,hindukush,,,^ d a ʃ ɑː n _ b i ʃ $,default,
sdg-Numerals-31-1,,sdg,Numerals-31,jakɑːʃɑːn biʃ,jakɑːʃɑːn_biʃ,j a k ɑː ʃ ɑː n + b i ʃ,,hindukush,,,^ j a k ɑː ʃ ɑː n _ b i ʃ $,default,
sdg-Numerals-32-1,,sdg,Numerals-32,bɑːʃɑːn biʃ,bɑːʃɑːn_biʃ,b ɑː ʃ ɑː n + b i ʃ,,hindukush,,,^ b ɑː ʃ ɑː n _ b i ʃ $,default,
sdg-Numerals-33-1,,sdg,Numerals-33,trojiʃɑːn biʃ,trojiʃɑːn_biʃ,t r o j i ʃ ɑː n + b i ʃ,,hindukush,,,^ t r o j i ʃ ɑː n _ b i ʃ $,default,
sdg-Numerals-34-1,,sdg,Numerals-34,t͡ʃadiʃɑːn biʃ,t͡ʃadiʃɑːn_biʃ,tʃ a d i ʃ ɑː n + b i ʃ,,hindukush,,,^ t͡ʃ a d i ʃ ɑː n _ b i ʃ $,default,
sdg-Numerals-35-1,,sdg,Numerals-35,pand͡ʒiʃɑːn biʃ,pand͡ʒiʃɑːn_biʃ,p a n dʒ i ʃ ɑː n + b i ʃ,,hindukush,,,^ p a n d͡ʒ i ʃ ɑː n _ b i ʃ $,default,
sdg-Numerals-36-1,,sdg,Numerals-36,ʂuɽaʃɑːn biʃ,ʂuɽaʃɑːn_biʃ,ʂ u ɽ a ʃ ɑː n + b i ʃ,,hindukush,,,^ ʂ u ɽ a ʃ ɑː n _ b i ʃ $,default,
sdg-Numerals-37-1,,sdg,Numerals-37,satijɑːʃɑːn biʃ,satijɑːʃɑːn_biʃ,s a t i j ɑː ʃ ɑː n + b i ʃ,,hindukush,,,^ s a t i j ɑː ʃ ɑː n _ b i ʃ $,default,
sdg-Numerals-38-1,,sdg,Numerals-38,aʃtijɑːʃɑːn biʃ,aʃtijɑːʃɑːn_biʃ,a ʃ t i j ɑː ʃ ɑː n + b i ʃ,,hindukush,,,^ a ʃ t i j ɑː ʃ ɑː n _ b i ʃ $,default,
sdg-Numerals-39-1,,sdg,Numerals-39,uːɽiʃɑːn biʃ,uːɽiʃɑːn_biʃ,uː ɽ i ʃ ɑː n + b i ʃ,,hindukush,,,^ uː ɽ i ʃ ɑː n _ b i ʃ $,default,
sdg-Numerals-40-1,,sdg,Numerals-40,dubiʃa,dubiʃa,d u b i ʃ a,,hindukush,,,^ d u b i ʃ a $,default,
sdg-Numerals-41-1,,sdg,Numerals-41,jakɑːn dubiʃa,jakɑːn_dubiʃa,j a k ɑː n + d u b i ʃ a,,hindukush,,,^ j a k ɑː n _ d u b i ʃ a $,default,
sdg-Numerals-42-1,,sdg,Numerals-42,duwɑːn dubiʃa,duwɑːn_dubiʃa,d u w ɑː n + d u b i ʃ a,,hindukush,,,^ d u w ɑː n _ d u b i ʃ a $,default,
sdg-Numerals-43-1,,sdg,Numerals-43,ɬɑːwɑːn dubiʃa,ɬɑːwɑːn_dubiʃa,ɬ ɑː w ɑː n + d u b i ʃ a,,hindukush,,,^ ɬ ɑː w ɑː n _ d u b i ʃ a $,default,
sdg-Numerals-44-1,,sdg,Numerals-44,t͡ʃuːrɑːn dubiʃa,t͡ʃuːrɑːn_dubiʃa,tʃ uː r ɑː n + d u b i ʃ a,,hindukush,,,^ t͡ʃ uː r ɑː n _ d u b i ʃ a $,default,
sdg-Numerals-45-1,,sdg,Numerals-45,paːnd͡ʒɑːn dubiʃa,paːnd͡ʒɑːn_dubiʃa,p aː n dʒ ɑː n + d u b i ʃ a,,hindukush,,,^ p aː n d͡ʒ ɑː n _ d u b i ʃ a $,default,
sdg-Numerals-46-1,,sdg,Numerals-46,ʂuwɑːn dubiʃa,ʂuwɑːn_dubiʃa,ʂ u w ɑː n + d u b i ʃ a,,hindukush,,,^ ʂ u w ɑː n _ d u b i ʃ a $,default,
sdg-Numerals-47-1,,sdg,Numerals-47,saːtɑːn dubiʃa,saːtɑːn_dubiʃa,s aː t ɑː n + d u b i ʃ a,,hindukush,,,^ s aː t ɑː n _ d u b i ʃ a $,default,
sdg-Numerals-48-1,,sdg,Numerals-48,aːʃɑːn dubiʃa,aːʃɑːn_dubiʃa,aː ʃ ɑː n + d u b i ʃ a,,hindukush,,,^ aː ʃ ɑː n _ d u b i ʃ a $,default,
sdg-Numerals-49-1,,sdg,Numerals-49,nuwɑːn dubiʃa,nuwɑːn_dubiʃa,n u w ɑː n + d u b i ʃ a,,hindukush,,,^ n u w ɑː n _ d u b i ʃ a $,default,
sdg-Numerals-50-1,,sdg,Numerals-50,daʃɑːn dubiʃa,daʃɑːn_dubiʃa,d a ʃ ɑː n + d u b i ʃ a,,hindukush,,,^ d a ʃ ɑː n _ d u b i ʃ a $,default,
sdg-Numerals-60-1,,sdg,Numerals-60,ɬɑːbiʃa,ɬɑːbiʃa,ɬ ɑː b i ʃ a,,hindukush,,,^ ɬ ɑː b i ʃ a $,default,
sdg-Numerals-70-1,,sdg,Numerals-70,daʃɑːn ɬɑːbiʃa,daʃɑːn_ɬɑːbiʃa,d a ʃ ɑː n + ɬ ɑː b i ʃ a,,hindukush,,,^ d a ʃ ɑː n _ ɬ ɑː b i ʃ a $,default,
sdg-Numerals-80-1,,sdg,Numerals-80,t͡ʃuːrbiʃa,t͡ʃuːrbiʃa,tʃ uː r b i ʃ a,,hindukush,,,^ t͡ʃ uː r b i ʃ a $,default,
sdg-Numerals-90-1,,sdg,Numerals-90,daʃɑːn t͡ʃuːrbiʃa,daʃɑːn_t͡ʃuːrbiʃa,d a ʃ ɑː n + tʃ uː r b i ʃ a,,hindukush,,,^ d a ʃ ɑː n _ t͡ʃ uː r b i ʃ a $,default,
sdg-Numerals-100-1,,sdg,Numerals-100,paːnd͡ʒbiʃa,paːnd͡ʒbiʃa,p aː n dʒ b i ʃ a,,hindukush,,,^ p aː n d͡ʒ b i ʃ a $,default,
sdg-Numerals-110-1,,sdg,Numerals-110,daʃɑːn paːnd͡ʒbiʃa,daʃɑːn_paːnd͡ʒbiʃa,d a ʃ ɑː n + p aː n dʒ b i ʃ a,,hindukush,,,^ d a ʃ ɑː n _ p aː n d͡ʒ b i ʃ a $,default,
sdg-Numerals-120-1,,sdg,Numerals-120,ʂubiʃa,ʂubiʃa,ʂ u b i ʃ a,,hindukush,,,^ ʂ u b i ʃ a $,default,
sdg-Numerals-200-1,,sdg,Numerals-200,du sawa,du_sawa,d u + s a w a,,hindukush,,,^ d u _ s a w a $,default,
sdg-Numerals-1000-1,,sdg,Numerals-1000,zər,zər,z ə r,,hindukush,,,^ z ə r $,default,
scl_p-Numerals-1-1,,scl_p,Numerals-1,ek,ek,e k,,hindukush,,,^ e k $,default,
scl_p-Numerals-2-1,,scl_p,Numerals-2,duː,duː,d uː,,hindukush,,,^ d uː $,default,
scl_p-Numerals-3-1,,scl_p,Numerals-3,t͡ʃe,t͡ʃe,tʃ e,,hindukush,,,^ t͡ʃ e $,default,
scl_p-Numerals-4-1,,scl_p,Numerals-4,t͡ʃaːr,t͡ʃaːr,tʃ aː r,,hindukush,,,^ t͡ʃ aː r $,default,
scl_p-Numerals-5-1,,scl_p,Numerals-5,põʃ,põʃ,p õ ʃ,,hindukush,,,^ p õ ʃ $,default,
scl_p-Numerals-6-1,,scl_p,Numerals-6,ʂa,ʂa,ʂ a,,hindukush,,,^ ʂ a $,default,
scl_p-Numerals-7-1,,scl_p,Numerals-7,sat,sat,s a t,,hindukush,,,^ s a t $,default,
scl_p-Numerals-8-1,,scl_p,Numerals-8,ãʂ,ãʂ,ã ʂ,,hindukush,,,^ ã ʂ $,default,
scl_p-Numerals-9-1,,scl_p,Numerals-9,naw,naw,n a w,,hindukush,,,^ n a w $,default,
scl_p-Numerals-10-1,,scl_p,Numerals-10,daj,daj,d a j,,hindukush,,,^ d a j $,default,
scl_p-Numerals-11-1,,scl_p,Numerals-11,akaːj,akaːj,a k aː j,,hindukush,,,^ a k aː j $,default,
scl_p-Numerals-12-1,,scl_p,Numerals-12,baːj,baːj,b aː j,,hindukush,,,^ b aː j $,default,
scl_p-Numerals-13-1,,scl_p,Numerals-13,ʈ͡ʂoj,ʈ͡ʂoj,ʈʂ o j,,hindukush,,,^ ʈ͡ʂ o j $,default,
scl_p-Numerals-14-1,,scl_p,Numerals-14,t͡ʃondaj,t͡ʃondaj,tʃ o n d a j,,hindukush,,,^ t͡ʃ o n d a j $,default,
scl_p-Numerals-15-1,,scl_p,Numerals-15,panzaj,panzaj,p a n z a j,,hindukush,,,^ p a n z a j $,default,
scl_p-Numerals-16-1,,scl_p,Numerals-16,ʂoːj,ʂoːj,ʂ oː j,,hindukush,,,^ ʂ oː j $,default,
scl_p-Numerals-17-1,,scl_p,Numerals-17,sataːj,sataːj,s a t aː j,,hindukush,,,^ s a t aː j $,default,
scl_p-Numerals-18-1,,scl_p,Numerals-18,ãʂʈaːj,ãʂʈaːj,ã ʂ ʈ aː j,,hindukush,,,^ ã ʂ ʈ aː j $,default,
scl_p-Numerals-19-1,,scl_p,Numerals-19,koniː,koniː,k o n iː,,hindukush,,,^ k o n iː $,default,
scl_p-Numerals-20-1,,scl_p,Numerals-20,biː,biː,b iː,,hindukush,,,^ b iː $,default,
scl_p-Numerals-21-1,,scl_p,Numerals-21,biːga ek,biːga_ek,b iː g a + e k,,hindukush,,,^ b iː g a _ e k $,default,
scl_p-Numerals-22-1,,scl_p,Numerals-22,biːga duː,biːga_duː,b iː g a + d uː,,hindukush,,,^ b iː g a _ d uː $,default,
scl_p-Numerals-23-1,,scl_p,Numerals-23,biːga t͡ʃe,biːga_t͡ʃe,b iː g a + tʃ e,,hindukush,,,^ b iː g a _ t͡ʃ e $,default,
scl_p-Numerals-24-1,,scl_p,Numerals-24,biːga t͡ʃaːr,biːga_t͡ʃaːr,b iː g a + tʃ aː r,,hindukush,,,^ b iː g a _ t͡ʃ aː r $,default,
scl_p-Numerals-25-1,,scl_p,Numerals-25,biːga põʃ,biːga_põʃ,b iː g a + p õ ʃ,,hindukush,,,^ b iː g a _ p õ ʃ $,default,
scl_p-Numerals-26-1,,scl_p,Numerals-26,biːga ʂa,biːga_ʂa,b iː g a + ʂ a,,hindukush,,,^ b iː g a _ ʂ a $,default,
scl_p-Numerals-27-1,,scl_p,Numerals-27,biːga sat,biːga_sat,b iː g a + s a t,,hindukush,,,^ b iː g a _ s a t $,default,
scl_p-Numerals-28-1,,scl_p,Numerals-28,biːga ãʂ,biːga_ãʂ,b iː g a + ã ʂ,,hindukush,,,^ b iː g a _ ã ʂ $,default,
scl_p-Numerals-29-1,,scl_p,Numerals-29,biːga naw,biːga_naw,b iː g a + n a w,,hindukush,,,^ b iː g a _ n a w $,default,
scl_p-Numerals-30-1,,scl_p,Numerals-30,biːga daj,biːga_daj,b iː g a + d a j,,hindukush,,,^ b iː g a _ d a j $,default,
scl_p-Numerals-31-1,,scl_p,Numerals-31,biːga akaːj,biːga_akaːj,b iː g a + a k aː j,,hindukush,,,^ b iː g a _ a k aː j $,default,
scl_p-Numerals-32-1,,scl_p,Numerals-32,biːga baːj,biːga_baːj,b iː g a + b aː j,,hindukush,,,^ b iː g a _ b aː j $,default,
scl_p-Numerals-33-1,,scl_p,Numerals-33,biːga ʈ͡ʂoj,biːga_ʈ͡ʂoj,b iː g a + ʈʂ o j,,hindukush,,,^ b iː g a _ ʈ͡ʂ o j $,default,
scl_p-Numerals-34-1,,scl_p,Numerals-34,biːga t͡ʃondaj,biːga_t͡ʃondaj,b iː g a + tʃ o n d a j,,hindukush,,,^ b iː g a _ t͡ʃ o n d a j $,default,
scl_p-Numerals-35-1,,scl_p,Numerals-35,biːga panzaj,biːga_panzaj,b iː g a + p a n z a j,,hindukush,,,^ b iː g a _ p a n z a j $,default,
scl_p-Numerals-36-1,,scl_p,Numerals-36,biːga ʂoːj,biːga_ʂoːj,b iː g a + ʂ oː j,,hindukush,,,^ b iː g a _ ʂ oː j $,default,
scl_p-Numerals-37-1,,scl_p,Numerals-37,biːga sataːj,biːga_sataːj,b iː g a + s a t aː j,,hindukush,,,^ b iː g a _ s a t aː j $,default,
scl_p-Numerals-38-1,,scl_p,Numerals-38,biːga ãʂʈaːj,biːga_ãʂʈaːj,b iː g a + ã ʂ ʈ aː j,,hindukush,,,^ b iː g a _ ã ʂ ʈ aː j $,default,
scl_p-Numerals-39-1,,scl_p,Numerals-39,biːga koniː,biːga_koniː,b iː g a + k o n iː,,hindukush,,,^ b iː g a _ k o n iː $,default,
scl_p-Numerals-40-1,,scl_p,Numerals-40,dobio,dobio,d o b i o,,hindukush,,,^ d o b io $,default,
scl_p-Numerals-41-1,,scl_p,Numerals-41,dobioga ek,dobioga_ek,d o b i o g a + e k,,hindukush,,,^ d o b io g a _ e k $,default,
scl_p-Numerals-42-1,,scl_p,Numerals-42,dobioga duː,dobioga_duː,d o b i o g a + d uː,,hindukush,,,^ d o b io g a _ d uː $,default,
scl_p-Numerals-43-1,,scl_p,Numerals-43,dobioga t͡ʃe,dobioga_t͡ʃe,d o b i o g a + tʃ e,,hindukush,,,^ d o b io g a _ t͡ʃ e $,default,
scl_p-Numerals-44-1,,scl_p,Numerals-44,dobioga t͡ʃaːr,dobioga_t͡ʃaːr,d o b i o g a + tʃ aː r,,hindukush,,,^ d o b io g a _ t͡ʃ aː r $,default,
scl_p-Numerals-45-1,,scl_p,Numerals-45,dobioga põʃ,dobioga_põʃ,d o b i o g a + p õ ʃ,,hindukush,,,^ d o b io g a _ p õ ʃ $,default,
scl_p-Numerals-46-1,,scl_p,Numerals-46,dobioga ʂa,dobioga_ʂa,d o b i o g a + ʂ a,,hindukush,,,^ d o b io g a _ ʂ a $,default,
scl_p-Numerals-47-1,,scl_p,Numerals-47,dobioga sat,dobioga_sat,d o b i o g a + s a t,,hindukush,,,^ d o b io g a _ s a t $,default,
scl_p-Numerals-48-1,,scl_p,Numerals-48,dobioga ãʂ,dobioga_ãʂ,d o b i o g a + ã ʂ,,hindukush,,,^ d o b io g a _ ã ʂ $,default,
scl_p-Numerals-49-1,,scl_p,Numerals-49,dobioga naw,dobioga_naw,d o b i o g a + n a w,,hindukush,,,^ d o b io g a _ n a w $,default,
scl_p-Numerals-50-1,,scl_p,Numerals-50,dobioga daj,dobioga_daj,d o b i o g a + d a j,,hindukush,,,^ d o b io g a _ d a j $,default,
scl_p-Numerals-60-1,,scl_p,Numerals-60,ʈ͡ʂabio,ʈ͡ʂabio,ʈʂ a b i o,,hindukush,,,^ ʈ͡ʂ a b io $,default,
scl_p-Numerals-70-1,,scl_p,Numerals-70,ʈ͡ʂabioga daj,ʈ͡ʂabioga_daj,ʈʂ a b i o g a + d a j,,hindukush,,,^ ʈ͡ʂ a b io g a _ d a j $,default,
scl_p-Numerals-80-1,,scl_p,Numerals-80,t͡ʃarbio,t͡ʃarbio,tʃ a r b i o,,hindukush,,,^ t͡ʃ a r b io $,default,
scl_p-Numerals-90-1,,scl_p,Numerals-90,t͡ʃarbioga daj,t͡ʃarbioga_daj,tʃ a r b i o g a + d a j,,hindukush,,,^ t͡ʃ a r b io g a _ d a j $,default,
scl_p-Numerals-100-1,,scl_p,Numerals-100,ʃal,ʃal,ʃ a l,,hindukush,,,^ ʃ a l $,default,
scl_p-Numerals-110-1,,scl_p,Numerals-110,ʃalga daj,ʃalga_daj,ʃ a l g a + d a j,,hindukush,,,^ ʃ a l g a _ d a j $,default,
scl_p-Numerals-120-1,,scl_p,Numerals-120,ʃalga biː,ʃalga_biː,ʃ a l g a + b iː,,hindukush,,,^ ʃ a l g a _ b iː $,default,
scl_p-Numerals-200-1,,scl_p,Numerals-200,duːʃal,duːʃal,d uː ʃ a l,,hindukush,,,^ d uː ʃ a l $,default,
scl_p-Numerals-1000-1,,scl_p,Numerals-1000,hazaːr,hazaːr,h a z aː r,,hindukush,,,^ h a z aː r $,default,
scl_i-Numerals-1-1,,scl_i,Numerals-1,ek,ek,e k,,hindukush,,,^ e k $,default,
scl_i-Numerals-2-1,,scl_i,Numerals-2,dũː,dũː,d ũː,,hindukush,,,^ d ũː $,default,
scl_i-Numerals-3-1,,scl_i,Numerals-3,ʈ͡ʂeː,ʈ͡ʂeː,ʈʂ eː,,hindukush,,,^ ʈ͡ʂ eː $,default,
scl_i-Numerals-4-1,,scl_i,Numerals-4,t͡ʃaːr,t͡ʃaːr,tʃ aː r,,hindukush,,,^ t͡ʃ aː r $,default,
scl_i-Numerals-5-1,,scl_i,Numerals-5,poʃ,poʃ,p o ʃ,,hindukush,,,^ p o ʃ $,default,
scl_i-Numerals-6-1,,scl_i,Numerals-6,ʂa,ʂa,ʂ a,,hindukush,,,^ ʂ a $,default,
scl_i-Numerals-7-1,,scl_i,Numerals-7,satʰ,satʰ,s a tʰ,,hindukush,,,^ s a tʰ $,default,
scl_i-Numerals-8-1,,scl_i,Numerals-8,aːʃʈ,aːʃʈ,aː ʃ ʈ,,hindukush,,,^ aː ʃ ʈ $,default,
scl_i-Numerals-9-1,,scl_i,Numerals-9,naw,naw,n a w,,hindukush,,,^ n a w $,default,
scl_i-Numerals-10-1,,scl_i,Numerals-10,daj,daj,d a j,,hindukush,,,^ d a j $,default,
scl_i-Numerals-11-1,,scl_i,Numerals-11,akaːj,akaːj,a k aː j,,hindukush,,,^ a k aː j $,default,
scl_i-Numerals-12-1,,scl_i,Numerals-12,baːj,baːj,b aː j,,hindukush,,,^ b aː j $,default,
scl_i-Numerals-13-1,,scl_i,Numerals-13,ʈ͡ʂoiː,ʈ͡ʂoiː,ʈʂ o iː,,hindukush,,,^ ʈ͡ʂ oiː $,default,
scl_i-Numerals-14-1,,scl_i,Numerals-14,ʈ͡ʂodiː,ʈ͡ʂodiː,ʈʂ o d iː,,hindukush,,,^ ʈ͡ʂ o d iː $,default,
scl_i-Numerals-15-1,,scl_i,Numerals-15,panzuliː,panzuliː,p a n z u l iː,,hindukush,,,^ p a n z u l iː $,default,
scl_i-Numerals-16-1,,scl_i,Numerals-16,ʂoːj,ʂoːj,ʂ oː j,,hindukush,,,^ ʂ oː j $,default,
scl_i-Numerals-17-1,,scl_i,Numerals-17,sataːj,sataːj,s a t aː j,,hindukush,,,^ s a t aː j $,default,
scl_i-Numerals-18-1,,scl_i,Numerals-18,aʃʈaːj,aʃʈaːj,a ʃ ʈ aː j,,hindukush,,,^ a ʃ ʈ aː j $,default,
scl_i-Numerals-19-1,,scl_i,Numerals-19,kuniː,kuniː,k u n iː,,hindukush,,,^ k u n iː $,default,
scl_i-Numerals-20-1,,scl_i,Numerals-20,biː,biː,b iː,,hindukush,,,^ b iː $,default,
scl_i-Numerals-21-1,,scl_i,Numerals-21,biːgi ek,biːgi_ek,b iː g i + e k,,hindukush,,,^ b iː g i _ e k $,default,
scl_i-Numerals-22-1,,scl_i,Numerals-22,biːgi dũː,biːgi_dũː,b iː g i + d ũː,,hindukush,,,^ b iː g i _ d ũː $,default,
scl_i-Numerals-23-1,,scl_i,Numerals-23,biːgi ʈ͡ʂeː,biːgi_ʈ͡ʂeː,b iː g i + ʈʂ eː,,hindukush,,,^ b iː g i _ ʈ͡ʂ eː $,default,
scl_i-Numerals-24-1,,scl_i,Numerals-24,biːgi t͡ʃaːr,biːgi_t͡ʃaːr,b iː g i + tʃ aː r,,hindukush,,,^ b iː g i _ t͡ʃ aː r $,default,
scl_i-Numerals-25-1,,scl_i,Numerals-25,biːgi poʃ,biːgi_poʃ,b iː g i + p o ʃ,,hindukush,,,^ b iː g i _ p o ʃ $,default,
scl_i-Numerals-26-1,,scl_i,Numerals-26,biːgi ʂa,biːgi_ʂa,b iː g i + ʂ a,,hindukush,,,^ b iː g i _ ʂ a $,default,
scl_i-Numerals-27-1,,scl_i,Numerals-27,biːgi satʰ,biːgi_satʰ,b iː g i + s a tʰ,,hindukush,,,^ b iː g i _ s a tʰ $,default,
scl_i-Numerals-28-1,,scl_i,Numerals-28,biːgi aːʃʈ,biːgi_aːʃʈ,b iː g i + aː ʃ ʈ,,hindukush,,,^ b iː g i _ aː ʃ ʈ $,default,
scl_i-Numerals-29-1,,scl_i,Numerals-29,biːgi naw,biːgi_naw,b iː g i + n a w,,hindukush,,,^ b iː g i _ n a w $,default,
scl_i-Numerals-30-1,,scl_i,Numerals-30,biːgi daj,biːgi_daj,b iː g i + d a j,,hindukush,,,^ b iː g i _ d a j $,default,
scl_i-Numerals-31-1,,scl_i,Numerals-31,biːgi akaːj,biːgi_akaːj,b iː g i + a k aː j,,hindukush,,,^ b iː g i _ a k aː j $,default,
scl_i-Numerals-32-1,,scl_i,Numerals-32,biːgi baːj,biːgi_baːj,b iː g i + b aː j,,hindukush,,,^ b iː g i _ b aː j $,default,
scl_i-Numerals-33-1,,scl_i,Numerals-33,biːgi ʈ͡ʂoiː,biːgi_ʈ͡ʂoiː,b iː g i + ʈʂ o iː,,hindukush,,,^ b iː g i _ ʈ͡ʂ oiː $,default,
scl_i-Numerals-34-1,,scl_i,Numerals-34,biːgi ʈ͡ʂodiː,biːgi_ʈ͡ʂodiː,b iː g i + ʈʂ o d iː,,hindukush,,,^ b iː g i _ ʈ͡ʂ o d iː $,default,
scl_i-Numerals-35-1,,scl_i,Numerals-35,biːgi panzuliː,biːgi_panzuliː,b iː g i + p a n z u l iː,,hindukush,,,^ b iː g i _ p a n z u l iː $,default,
scl_i-Numerals-36-1,,scl_i,Numerals-36,biːgi ʂoːj,biːgi_ʂoːj,b iː g i + ʂ oː j,,hindukush,,,^ b iː g i _ ʂ oː j $,default,
scl_i-Numerals-37-1,,scl_i,Numerals-37,biːgi sataːj,biːgi_sataːj,b iː g i + s a t aː j,,hindukush,,,^ b iː g i _ s a t aː j $,default,
scl_i-Numerals-38-1,,scl_i,Numerals-38,biːgi aʃʈaːj,biːgi_aʃʈaːj,b iː g i + a ʃ ʈ aː j,,hindukush,,,^ b iː g i _ a ʃ ʈ aː j $,default,
scl_i-Numerals-39-1,,scl_i,Numerals-39,biːgi kuniː,biːgi_kuniː,b iː g i + k u n iː,,hindukush,,,^ b iː g i _ k u n iː $,default,
scl_i-Numerals-40-1,,scl_i,Numerals-40,dibiju,dibiju,d i b i j u,,hindukush,,,^ d i b i j u $,default,
scl_i-Numerals-41-1,,scl_i,Numerals-41,dibijugi ek,dibijugi_ek,d i b i j u g i + e k,,hindukush,,,^ d i b i j u g i _ e k $,default,
scl_i-Numerals-42-1,,scl_i,Numerals-42,dibijugi dũː,dibijugi_dũː,d i b i j u g i + d ũː,,hindukush,,,^ d i b i j u g i _ d ũː $,default,
scl_i-Numerals-43-1,,scl_i,Numerals-43,dibijugi ʈ͡ʂeː,dibijugi_ʈ͡ʂeː,d i b i j u g i + ʈʂ eː,,hindukush,,,^ d i b i j u g i _ ʈ͡ʂ eː $,default,
scl_i-Numerals-44-1,,scl_i,Numerals-44,dibijugi t͡ʃaːr,dibijugi_t͡ʃaːr,d i b i j u g i + tʃ aː r,,hindukush,,,^ d i b i j u g i _ t͡ʃ aː r $,default,
scl_i-Numerals-45-1,,scl_i,Numerals-45,dibijugi poʃ,dibijugi_poʃ,d i b i j u g i + p o ʃ,,hindukush,,,^ d i b i j u g i _ p o ʃ $,default,
scl_i-Numerals-46-1,,scl_i,Numerals-46,dibijugi ʂa,dibijugi_ʂa,d i b i j u g i + ʂ a,,hindukush,,,^ d i b i j u g i _ ʂ a $,default,
scl_i-Numerals-47-1,,scl_i,Numerals-47,dibijugi satʰ,dibijugi_satʰ,d i b i j u g i + s a tʰ,,hindukush,,,^ d i b i j u g i _ s a tʰ $,default,
scl_i-Numerals-48-1,,scl_i,Numerals-48,dibijugi aːʃʈ,dibijugi_aːʃʈ,d i b i j u g i + aː ʃ ʈ,,hindukush,,,^ d i b i j u g i _ aː ʃ ʈ $,default,
scl_i-Numerals-49-1,,scl_i,Numerals-49,dibijugi naw,dibijugi_naw,d i b i j u g i + n a w,,hindukush,,,^ d i b i j u g i _ n a w $,default,
scl_i-Numerals-50-1,,scl_i,Numerals-50,dibijugi daji,dibijugi_daji,d i b i j u g i + d a j i,,hindukush,,,^ d i b i j u g i _ d a j i $,default,
scl_i-Numerals-60-1,,scl_i,Numerals-60,ʈ͡ʂeːbiju,ʈ͡ʂeːbiju,ʈʂ eː b i j u,,hindukush,,,^ ʈ͡ʂ eː b i j u $,default,
scl_i-Numerals-70-1,,scl_i,Numerals-70,ʈ͡ʂeːbijugi daji,ʈ͡ʂeːbijugi_daji,ʈʂ eː b i j u g i + d a j i,,hindukush,,,^ ʈ͡ʂ eː b i j u g i _ d a j i $,default,
scl_i-Numerals-80-1,,scl_i,Numerals-80,t͡ʃarbi,t͡ʃarbi,tʃ a r b i,,hindukush,,,^ t͡ʃ a r b i $,default,
scl_i-Numerals-90-1,,scl_i,Numerals-90,t͡ʃarbigi daji,t͡ʃarbigi_daji,tʃ a r b i g i + d a j i,,hindukush,,,^ t͡ʃ a r b i g i _ d a j i $,default,
scl_i-Numerals-100-1,,scl_i,Numerals-100,ʃal,ʃal,ʃ a l,,hindukush,,,^ ʃ a l $,default,
scl_i-Numerals-110-1,,scl_i,Numerals-110,ek ʃal daji,ek_ʃal_daji,e k + ʃ a l + d a j i,,hindukush,,,^ e k _ ʃ a l _ d a j i $,default,
scl_i-Numerals-120-1,,scl_i,Numerals-120,ek ʃal biːiː,ek_ʃal_biːiː,e k + ʃ a l + b iː iː,,hindukush,,,^ e k _ ʃ a l _ b iːiː $,default,
scl_i-Numerals-200-1,,scl_i,Numerals-200,dũːʃal,dũːʃal,d ũː ʃ a l,,hindukush,,,^ d ũː ʃ a l $,default,
scl_i-Numerals-1000-1,,scl_i,Numerals-1000,saːs,saːs,s aː s,,hindukush,,,^ s aː s $,default,
sgh_a-Numerals-1-1,,sgh_a,Numerals-1,jiːw,jiːw,j iː w,,hindukush,,,^ j iː w $,default,
sgh_a-Numerals-2-1,,sgh_a,Numerals-2,ðəjyːn,ðəjyːn,ð ə j yː n,,hindukush,,,^ ð ə j yː n $,default,
sgh_a-Numerals-3-1,,sgh_a,Numerals-3,haraːj,haraːj,h a r aː j,,hindukush,,,^ h a r aː j $,default,
sgh_a-Numerals-4-1,,sgh_a,Numerals-4,t͡savoːr,t͡savoːr,ts a v oː r,,hindukush,,,^ t͡s a v oː r $,default,
sgh_a-Numerals-5-1,,sgh_a,Numerals-5,piːnt͡s,piːnt͡s,p iː n ts,,hindukush,,,^ p iː n t͡s $,default,
sgh_a-Numerals-6-1,,sgh_a,Numerals-6,χoːɣ,χoːɣ,χ oː ɣ,,hindukush,,,^ χ oː ɣ $,default,
sgh_a-Numerals-7-1,,sgh_a,Numerals-7,wuːvd,wuːvd,w uː v d,,hindukush,,,^ w uː v d $,default,
sgh_a-Numerals-8-1,,sgh_a,Numerals-8,waxt,waxt,w a x t,,hindukush,,,^ w a x t $,default,
sgh_a-Numerals-9-1,,sgh_a,Numerals-9,noːw,noːw,n oː w,,hindukush,,,^ n oː w $,default,
sgh_a-Numerals-10-1,,sgh_a,Numerals-10,ðiːs,ðiːs,ð iː s,,hindukush,,,^ ð iː s $,default,
sgh_a-Numerals-11-1,,sgh_a,Numerals-11,ji ðiːsat jiːw,ji_ðiːsat_jiːw,j i + ð iː s a t + j iː w,,hindukush,,,^ j i _ ð iː s a t _ j iː w $,default,
sgh_a-Numerals-12-1,,sgh_a,Numerals-12,ji ðiːsat ðəjyːn,ji_ðiːsat_ðəjyːn,j i + ð iː s a t + ð ə j yː n,,hindukush,,,^ j i _ ð iː s a t _ ð ə j yː n $,default,
sgh_a-Numerals-13-1,,sgh_a,Numerals-13,ji ðiːsat haraːj,ji_ðiːsat_haraːj,j i + ð iː s a t + h a r aː j,,hindukush,,,^ j i _ ð iː s a t _ h a r aː j $,default,
sgh_a-Numerals-14-1,,sgh_a,Numerals-14,ji ðiːsat t͡savoːr,ji_ðiːsat_t͡savoːr,j i + ð iː s a t + ts a v oː r,,hindukush,,,^ j i _ ð iː s a t _ t͡s a v oː r $,default,
sgh_a-Numerals-15-1,,sgh_a,Numerals-15,ji ðiːsat piːnt͡s,ji_ðiːsat_piːnt͡s,j i + ð iː s a t + p iː n ts,,hindukush,,,^ j i _ ð iː s a t _ p iː n t͡s $,default,
sgh_a-Numerals-16-1,,sgh_a,Numerals-16,ji ðiːsat χoːɣ,ji_ðiːsat_χoːɣ,j i + ð iː s a t + χ oː ɣ,,hindukush,,,^ j i _ ð iː s a t _ χ oː ɣ $,default,
sgh_a-Numerals-17-1,,sgh_a,Numerals-17,ji ðiːsat wuːvd,ji_ðiːsat_wuːvd,j i + ð iː s a t + w uː v d,,hindukush,,,^ j i _ ð iː s a t _ w uː v d $,default,
sgh_a-Numerals-18-1,,sgh_a,Numerals-18,ji ðiːsat waxt,ji_ðiːsat_waxt,j i + ð iː s a t + w a x t,,hindukush,,,^ j i _ ð iː s a t _ w a x t $,default,
sgh_a-Numerals-19-1,,sgh_a,Numerals-19,ji ðiːsat noːw,ji_ðiːsat_noːw,j i + ð iː s a t + n oː w,,hindukush,,,^ j i _ ð iː s a t _ n oː w $,default,
sgh_a-Numerals-20-1,,sgh_a,Numerals-20,ðə ðiːs,ðə_ðiːs,ð ə + ð iː s,,hindukush,,,^ ð ə _ ð iː s $,default,
sgh_a-Numerals-21-1,,sgh_a,Numerals-21,ðə ðiːsat jiːw,ðə_ðiːsat_jiːw,ð ə + ð iː s a t + j iː w,,hindukush,,,^ ð ə _ ð iː s a t _ j iː w $,default,
sgh_a-Numerals-22-1,,sgh_a,Numerals-22,ðə ðiːsat ðəjyːn,ðə_ðiːsat_ðəjyːn,ð ə + ð iː s a t + ð ə j yː n,,hindukush,,,^ ð ə _ ð iː s a t _ ð ə j yː n $,default,
sgh_a-Numerals-23-1,,sgh_a,Numerals-23,ðə ðiːsat haraːj,ðə_ðiːsat_haraːj,ð ə + ð iː s a t + h a r aː j,,hindukush,,,^ ð ə _ ð iː s a t _ h a r aː j $,default,
sgh_a-Numerals-24-1,,sgh_a,Numerals-24,ðə ðiːsat t͡savoːr,ðə_ðiːsat_t͡savoːr,ð ə + ð iː s a t + ts a v oː r,,hindukush,,,^ ð ə _ ð iː s a t _ t͡s a v oː r $,default,
sgh_a-Numerals-25-1,,sgh_a,Numerals-25,ðə ðiːsat piːnt͡s,ðə_ðiːsat_piːnt͡s,ð ə + ð iː s a t + p iː n ts,,hindukush,,,^ ð ə _ ð iː s a t _ p iː n t͡s $,default,
sgh_a-Numerals-26-1,,sgh_a,Numerals-26,ðə ðiːsat χoːɣ,ðə_ðiːsat_χoːɣ,ð ə + ð iː s a t + χ oː ɣ,,hindukush,,,^ ð ə _ ð iː s a t _ χ oː ɣ $,default,
sgh_a-Numerals-27-1,,sgh_a,Numerals-27,ðə ðiːsat wuːvd,ðə_ðiːsat_wuːvd,ð ə + ð iː s a t + w uː v d,,hindukush,,,^ ð ə _ ð iː s a t _ w uː v d $,default,
sgh_a-Numerals-28-1,,sgh_a,Numerals-28,ðə ðiːsat waxt,ðə_ðiːsat_waxt,ð ə + ð iː s a t + w a x t,,hindukush,,,^ ð ə _ ð iː s a t _ w a x t $,default,
sgh_a-Numerals-29-1,,sgh_a,Numerals-29,ðə ðiːsat noːw,ðə_ðiːsat_noːw,ð ə + ð iː s a t + n oː w,,hindukush,,,^ ð ə _ ð iː s a t _ n oː w $,default,
sgh_a-Numerals-30-1,,sgh_a,Numerals-30,haraj ðiːs,haraj_ðiːs,h a r a j + ð iː s,,hindukush,,,^ h a r a j _ ð iː s $,default,
sgh_a-Numerals-31-1,,sgh_a,Numerals-31,haraj ðiːsat jiːw,haraj_ðiːsat_jiːw,h a r a j + ð iː s a t + j iː w,,hindukush,,,^ h a r a j _ ð iː s a t _ j iː w $,default,
sgh_a-Numerals-32-1,,sgh_a,Numerals-32,haraj ðiːsat ðəjyːn,haraj_ðiːsat_ðəjyːn,h a r a j + ð iː s a t + ð ə j yː n,,hindukush,,,^ h a r a j _ ð iː s a t _ ð ə j yː n $,default,
sgh_a-Numerals-33-1,,sgh_a,Numerals-33,haraj ðiːsat haraːj,haraj_ðiːsat_haraːj,h a r a j + ð iː s a t + h a r aː j,,hindukush,,,^ h a r a j _ ð iː s a t _ h a r aː j $,default,
sgh_a-Numerals-34-1,,sgh_a,Numerals-34,haraj ðiːsat t͡savoːr,haraj_ðiːsat_t͡savoːr,h a r a j + ð iː s a t + ts a v oː r,,hindukush,,,^ h a r a j _ ð iː s a t _ t͡s a v oː r $,default,
sgh_a-Numerals-35-1,,sgh_a,Numerals-35,haraj ðiːsat piːnt͡s,haraj_ðiːsat_piːnt͡s,h a r a j + ð iː s a t + p iː n ts,,hindukush,,,^ h a r a j _ ð iː s a t _ p iː n t͡s $,default,
sgh_a-Numerals-36-1,,sgh_a,Numerals-36,haraj ðiːsat χoːɣ,haraj_ðiːsat_χoːɣ,h a r a j + ð iː s a t + χ oː ɣ,,hindukush,,,^ h a r a j _ ð iː s a t _ χ oː ɣ $,default,
sgh_a-Numerals-37-1,,sgh_a,Numerals-37,haraj ðiːsat wuːvd,haraj_ðiːsat_wuːvd,h a r a j + ð iː s a t + w uː v d,,hindukush,,,^ h a r a j _ ð iː s a t _ w uː v d $,default,
sgh_a-Numerals-38-1,,sgh_a,Numerals-38,haraj ðiːsat waxt,haraj_ðiːsat_waxt,h a r a j + ð iː s a t + w a x t,,hindukush,,,^ h a r a j _ ð iː s a t _ w a x t $,default,
sgh_a-Numerals-39-1,,sgh_a,Numerals-39,haraj ðiːsat noːw,haraj_ðiːsat_noːw,h a r a j + ð iː s a t + n oː w,,hindukush,,,^ h a r a j _ ð iː s a t _ n oː w $,default,
sgh_a-Numerals-40-1,,sgh_a,Numerals-40,t͡savoːr ðiːs,t͡savoːr_ðiːs,ts a v oː r + ð iː s,,hindukush,,,^ t͡s a v oː r _ ð iː s $,default,
sgh_a-Numerals-41-1,,sgh_a,Numerals-41,t͡savoːr ðiːsat jiːw,t͡savoːr_ðiːsat_jiːw,ts a v oː r + ð iː s a t + j iː w,,hindukush,,,^ t͡s a v oː r _ ð iː s a t _ j iː w $,default,
sgh_a-Numerals-42-1,,sgh_a,Numerals-42,t͡savoːr ðiːsat ðəjyːn,t͡savoːr_ðiːsat_ðəjyːn,ts a v oː r + ð iː s a t + ð ə j yː n,,hindukush,,,^ t͡s a v oː r _ ð iː s a t _ ð ə j yː n $,default,
sgh_a-Numerals-43-1,,sgh_a,Numerals-43,t͡savoːr ðiːsat haraːj,t͡savoːr_ðiːsat_haraːj,ts a v oː r + ð iː s a t + h a r aː j,,hindukush,,,^ t͡s a v oː r _ ð iː s a t _ h a r aː j $,default,
sgh_a-Numerals-44-1,,sgh_a,Numerals-44,t͡savoːr ðiːsat t͡savoːr,t͡savoːr_ðiːsat_t͡savoːr,ts a v oː r + ð iː s a t + ts a v oː r,,hindukush,,,^ t͡s a v oː r _ ð iː s a t _ t͡s a v oː r $,default,
sgh_a-Numerals-45-1,,sgh_a,Numerals-45,t͡savoːr ðiːsat piːnt͡s,t͡savoːr_ðiːsat_piːnt͡s,ts a v oː r + ð iː s a t + p iː n ts,,hindukush,,,^ t͡s a v oː r _ ð iː s a t _ p iː n t͡s $,default,
sgh_a-Numerals-46-1,,sgh_a,Numerals-46,t͡savoːr ðiːsat χoːɣ,t͡savoːr_ðiːsat_χoːɣ,ts a v oː r + ð iː s a t + χ oː ɣ,,hindukush,,,^ t͡s a v oː r _ ð iː s a t _ χ oː ɣ $,default,
sgh_a-Numerals-47-1,,sgh_a,Numerals-47,t͡savoːr ðiːsat wuːvd,t͡savoːr_ðiːsat_wuːvd,ts a v oː r + ð iː s a t + w uː v d,,hindukush,,,^ t͡s a v oː r _ ð iː s a t _ w uː v d $,default,
sgh_a-Numerals-48-1,,sgh_a,Numerals-48,t͡savoːr ðiːsat waxt,t͡savoːr_ðiːsat_waxt,ts a v oː r + ð iː s a t + w a x t,,hindukush,,,^ t͡s a v oː r _ ð iː s a t _ w a x t $,default,
sgh_a-Numerals-49-1,,sgh_a,Numerals-49,t͡savoːr ðiːsat noːw,t͡savoːr_ðiːsat_noːw,ts a v oː r + ð iː s a t + n oː w,,hindukush,,,^ t͡s a v oː r _ ð iː s a t _ n oː w $,default,
sgh_a-Numerals-50-1,,sgh_a,Numerals-50,piːnt͡s ðiːs,piːnt͡s_ðiːs,p iː n ts + ð iː s,,hindukush,,,^ p iː n t͡s _ ð iː s $,default,
sgh_a-Numerals-60-1,,sgh_a,Numerals-60,χoːɣ ðiːs,χoːɣ_ðiːs,χ oː ɣ + ð iː s,,hindukush,,,^ χ oː ɣ _ ð iː s $,default,
sgh_a-Numerals-70-1,,sgh_a,Numerals-70,wuːvd ðiːs,wuːvd_ðiːs,w uː v d + ð iː s,,hindukush,,,^ w uː v d _ ð iː s $,default,
sgh_a-Numerals-80-1,,sgh_a,Numerals-80,waxt ðiːs,waxt_ðiːs,w a x t + ð iː s,,hindukush,,,^ w a x t _ ð iː s $,default,
sgh_a-Numerals-90-1,,sgh_a,Numerals-90,noːw ðiːs,noːw_ðiːs,n oː w + ð iː s,,hindukush,,,^ n oː w _ ð iː s $,default,
sgh_a-Numerals-100-1,,sgh_a,Numerals-100,ðiːs ðiːs,ðiːs_ðiːs,ð iː s + ð iː s,,hindukush,,,^ ð iː s _ ð iː s $,default,
sgh_a-Numerals-110-1,,sgh_a,Numerals-110,ðiːs ðiːsat ðiːs,ðiːs_ðiːsat_ðiːs,ð iː s + ð iː s a t + ð iː s,,hindukush,,,^ ð iː s _ ð iː s a t _ ð iː s $,default,
sgh_a-Numerals-120-1,,sgh_a,Numerals-120,ðiːs ðiːsat ðə ðiːs,ðiːs_ðiːsat_ðə_ðiːs,ð iː s + ð iː s a t + ð ə + ð iː s,,hindukush,,,^ ð iː s _ ð iː s a t _ ð ə _ ð iː s $,default,
sgh_a-Numerals-200-1,,sgh_a,Numerals-200,dəsaːd,dəsaːd,d ə s aː d,,hindukush,,,^ d ə s aː d $,default,
sgh_a-Numerals-1000-1,,sgh_a,Numerals-1000,azoːr,azoːr,a z oː r,,hindukush,,,^ a z oː r $,default,
trw-Numerals-1-1,,trw,Numerals-1,ek,ek,e k,,hindukush,,,^ e k $,default,
trw-Numerals-2-1,,trw,Numerals-2,du,du,d u,,hindukush,,,^ d u $,default,
trw-Numerals-3-1,,trw,Numerals-3,ʈ͡ʂa,ʈ͡ʂa,ʈʂ a,,hindukush,,,^ ʈ͡ʂ a $,default,
trw-Numerals-4-1,,trw,Numerals-4,t͡ʃaw,t͡ʃaw,tʃ a w,,hindukush,,,^ t͡ʃ a w $,default,
trw-Numerals-5-1,,trw,Numerals-5,pãːi,pãːi,p ãː,,hindukush,,,^ p ãːi $,default,
trw-Numerals-6-1,,trw,Numerals-6,ʂoː,ʂoː,ʂ oː,,hindukush,,,^ ʂ oː $,default,
trw-Numerals-7-1,,trw,Numerals-7,saːt,saːt,s aː t,,hindukush,,,^ s aː t $,default,
trw-Numerals-8-1,,trw,Numerals-8,aːʈ,aːʈ,aː ʈ,,hindukush,,,^ aː ʈ $,default,
trw-Numerals-9-1,,trw,Numerals-9,noːm,noːm,n oː m,,hindukush,,,^ n oː m $,default,
trw-Numerals-10-1,,trw,Numerals-10,daʃ,daʃ,d a ʃ,,hindukush,,,^ d a ʃ $,default,
trw-Numerals-11-1,,trw,Numerals-11,agaːʃ,agaːʃ,a g aː ʃ,,hindukush,,,^ a g aː ʃ $,default,
trw-Numerals-12-1,,trw,Numerals-12,duwaːʃ,duwaːʃ,d u w aː ʃ,,hindukush,,,^ d u w aː ʃ $,default,
trw-Numerals-13-1,,trw,Numerals-13,ʈ͡ʂeːʃ,ʈ͡ʂeːʃ,ʈʂ eː ʃ,,hindukush,,,^ ʈ͡ʂ eː ʃ $,default,
trw-Numerals-14-1,,trw,Numerals-14,t͡ʃataʃ,t͡ʃataʃ,tʃ a t a ʃ,,hindukush,,,^ t͡ʃ a t a ʃ $,default,
trw-Numerals-15-1,,trw,Numerals-15,pĩːʃ,pĩːʃ,p ĩː ʃ,,hindukush,,,^ p ĩː ʃ $,default,
trw-Numerals-16-1,,trw,Numerals-16,ʂeːʃ,ʂeːʃ,ʂ eː ʃ,,hindukush,,,^ ʂ eː ʃ $,default,
trw-Numerals-17-1,,trw,Numerals-17,sataːʃ,sataːʃ,s a t aː ʃ,,hindukush,,,^ s a t aː ʃ $,default,
trw-Numerals-18-1,,trw,Numerals-18,aʈʰaːʃ,aʈʰaːʃ,a ʈʰ aː ʃ,,hindukush,,,^ a ʈʰ aː ʃ $,default,
trw-Numerals-19-1,,trw,Numerals-19,ambiʃ,ambiʃ,a m b i ʃ,,hindukush,,,^ a m b i ʃ $,default,
trw-Numerals-20-1,,trw,Numerals-20,biʃ,biʃ,b i ʃ,,hindukush,,,^ b i ʃ $,default,
trw-Numerals-21-1,,trw,Numerals-21,ek o biʃ,ek_o_biʃ,e k + o + b i ʃ,,hindukush,,,^ e k _ o _ b i ʃ $,default,
trw-Numerals-22-1,,trw,Numerals-22,du o biʃ,du_o_biʃ,d u + o + b i ʃ,,hindukush,,,^ d u _ o _ b i ʃ $,default,
trw-Numerals-23-1,,trw,Numerals-23,ʈ͡ʂa o biʃ,ʈ͡ʂa_o_biʃ,ʈʂ a + o + b i ʃ,,hindukush,,,^ ʈ͡ʂ a _ o _ b i ʃ $,default,
trw-Numerals-24-1,,trw,Numerals-24,t͡ʃaw o biʃ,t͡ʃaw_o_biʃ,tʃ a w + o + b i ʃ,,hindukush,,,^ t͡ʃ a w _ o _ b i ʃ $,default,
trw-Numerals-25-1,,trw,Numerals-25,pãːji o biʃ,pãːji_o_biʃ,p ãː j i + o + b i ʃ,,hindukush,,,^ p ãː j i _ o _ b i ʃ $,default,
trw-Numerals-26-1,,trw,Numerals-26,ʂoː o biʃ,ʂoː_o_biʃ,ʂ oː + o + b i ʃ,,hindukush,,,^ ʂ oː _ o _ b i ʃ $,default,
trw-Numerals-27-1,,trw,Numerals-27,saːt o biʃ,saːt_o_biʃ,s aː t + o + b i ʃ,,hindukush,,,^ s aː t _ o _ b i ʃ $,default,
trw-Numerals-28-1,,trw,Numerals-28,aːʈ o biʃ,aːʈ_o_biʃ,aː ʈ + o + b i ʃ,,hindukush,,,^ aː ʈ _ o _ b i ʃ $,default,
trw-Numerals-29-1,,trw,Numerals-29,noːm o biʃ,noːm_o_biʃ,n oː m + o + b i ʃ,,hindukush,,,^ n oː m _ o _ b i ʃ $,default,
trw-Numerals-30-1,,trw,Numerals-30,daʃ o biʃ,daʃ_o_biʃ,d a ʃ + o + b i ʃ,,hindukush,,,^ d a ʃ _ o _ b i ʃ $,default,
trw-Numerals-31-1,,trw,Numerals-31,agaːʃ o biʃ,agaːʃ_o_biʃ,a g aː ʃ + o + b i ʃ,,hindukush,,,^ a g aː ʃ _ o _ b i ʃ $,default,
trw-Numerals-32-1,,trw,Numerals-32,duwaːʃ o biʃ,duwaːʃ_o_biʃ,d u w aː ʃ + o + b i ʃ,,hindukush,,,^ d u w aː ʃ _ o _ b i ʃ $,default,
trw-Numerals-33-1,,trw,Numerals-33,ʈ͡ʂeːʃ o biʃ,ʈ͡ʂeːʃ_o_biʃ,ʈʂ eː ʃ + o + b i ʃ,,hindukush,,,^ ʈ͡ʂ eː ʃ _ o _ b i ʃ $,default,
trw-Numerals-34-1,,trw,Numerals-34,t͡ʃataʃ o biʃ,t͡ʃataʃ_o_biʃ,tʃ a t a ʃ + o + b i ʃ,,hindukush,,,^ t͡ʃ a t a ʃ _ o _ b i ʃ $,default,
trw-Numerals-35-1,,trw,Numerals-35,pĩːʃ o biʃ,pĩːʃ_o_biʃ,p ĩː ʃ + o + b i ʃ,,hindukush,,,^ p ĩː ʃ _ o _ b i ʃ $,default,
trw-Numerals-36-1,,trw,Numerals-36,ʂeːʃ o biʃ,ʂeːʃ_o_biʃ,ʂ eː ʃ + o + b i ʃ,,hindukush,,,^ ʂ eː ʃ _ o _ b i ʃ $,default,
trw-Numerals-37-1,,trw,Numerals-37,sataːʃ o biʃ,sataːʃ_o_biʃ,s a t aː ʃ + o + b i ʃ,,hindukush,,,^ s a t aː ʃ _ o _ b i ʃ $,default,
trw-Numerals-38-1,,trw,Numerals-38,aʈʰaːʃ o biʃ,aʈʰaːʃ_o_biʃ,a ʈʰ aː ʃ + o + b i ʃ,,hindukush,,,^ a ʈʰ aː ʃ _ o _ b i ʃ $,default,
trw-Numerals-39-1,,trw,Numerals-39,ambiʃ o biʃ,ambiʃ_o_biʃ,a m b i ʃ + o + b i ʃ,,hindukush,,,^ a m b i ʃ _ o _ b i ʃ $,default,
trw-Numerals-40-1,,trw,Numerals-40,dubiʃ,dubiʃ,d u b i ʃ,,hindukush,,,^ d u b i ʃ $,default,
trw-Numerals-41-1,,trw,Numerals-41,ek o dubiʃ,ek_o_dubiʃ,e k + o + d u b i ʃ,,hindukush,,,^ e k _ o _ d u b i ʃ $,default,
trw-Numerals-42-1,,trw,Numerals-42,du o dubiʃ,du_o_dubiʃ,d u + o + d u b i ʃ,,hindukush,,,^ d u _ o _ d u b i ʃ $,default,
trw-Numerals-43-1,,trw,Numerals-43,ʈ͡ʂaː o dubiʃ,ʈ͡ʂaː_o_dubiʃ,ʈʂ aː + o + d u b i ʃ,,hindukush,,,^ ʈ͡ʂ aː _ o _ d u b i ʃ $,default,
trw-Numerals-44-1,,trw,Numerals-44,t͡ʃaw o dubiʃ,t͡ʃaw_o_dubiʃ,tʃ a w + o + d u b i ʃ,,hindukush,,,^ t͡ʃ a w _ o _ d u b i ʃ $,default,
trw-Numerals-45-1,,trw,Numerals-45,pãːi o dubiʃ,pãːi_o_dubiʃ,p ãː + o + d u b i ʃ,,hindukush,,,^ p ãːi _ o _ d u b i ʃ $,default,
trw-Numerals-46-1,,trw,Numerals-46,ʂoː o dubiʃ,ʂoː_o_dubiʃ,ʂ oː + o + d u b i ʃ,,hindukush,,,^ ʂ oː _ o _ d u b i ʃ $,default,
trw-Numerals-47-1,,trw,Numerals-47,saːt o dubiʃ,saːt_o_dubiʃ,s aː t + o + d u b i ʃ,,hindukush,,,^ s aː t _ o _ d u b i ʃ $,default,
trw-Numerals-48-1,,trw,Numerals-48,aːɽ o dubiʃ,aːɽ_o_dubiʃ,aː ɽ + o + d u b i ʃ,,hindukush,,,^ aː ɽ _ o _ d u b i ʃ $,default,
trw-Numerals-49-1,,trw,Numerals-49,noːm o dubiʃ,noːm_o_dubiʃ,n oː m + o + d u b i ʃ,,hindukush,,,^ n oː m _ o _ d u b i ʃ $,default,
trw-Numerals-50-1,,trw,Numerals-50,daʃ o biʃ,daʃ_o_biʃ,d a ʃ + o + b i ʃ,,hindukush,,,^ d a ʃ _ o _ b i ʃ $,default,
trw-Numerals-60-1,,trw,Numerals-60,ʈ͡ʂabiʃ,ʈ͡ʂabiʃ,ʈʂ a b i ʃ,,hindukush,,,^ ʈ͡ʂ a b i ʃ $,default,
trw-Numerals-70-1,,trw,Numerals-70,daʃ o ʈ͡ʂabiʃ,daʃ_o_ʈ͡ʂabiʃ,d a ʃ + o + ʈʂ a b i ʃ,,hindukush,,,^ d a ʃ _ o _ ʈ͡ʂ a b i ʃ $,default,
trw-Numerals-80-1,,trw,Numerals-80,t͡ʃawbiʃ,t͡ʃawbiʃ,tʃ a w b i ʃ,,hindukush,,,^ t͡ʃ a w b i ʃ $,default,
trw-Numerals-90-1,,trw,Numerals-90,daʃ o t͡ʃawbiʃ,daʃ_o_t͡ʃawbiʃ,d a ʃ + o + tʃ a w b i ʃ,,hindukush,,,^ d a ʃ _ o _ t͡ʃ a w b i ʃ $,default,
trw-Numerals-100-1,,trw,Numerals-100,pãːjbiʃ,pãːjbiʃ,p ãː j b i ʃ,,hindukush,,,^ p ãː j b i ʃ $,default,
trw-Numerals-110-1,,trw,Numerals-110,daʃ o pãːjbiʃ,daʃ_o_pãːjbiʃ,d a ʃ + o + p ãː j b i ʃ,,hindukush,,,^ d a ʃ _ o _ p ãː j b i ʃ $,default,
trw-Numerals-120-1,,trw,Numerals-120,biʃ o pãːjbiʃ,biʃ_o_pãːjbiʃ,b i ʃ + o + p ãː j b i ʃ,,hindukush,,,^ b i ʃ _ o _ p ãː j b i ʃ $,default,
trw-Numerals-200-1,,trw,Numerals-200,du so,du_so,d u + s o,,hindukush,,,^ d u _ s o $,default,
trw-Numerals-1000-1,,trw,Numerals-1000,zar,zar,z a r,,hindukush,,,^ z a r $,default,
ush-Numerals-1-1,,ush,Numerals-1,ek,ek,e k,,hindukush,,,^ e k $,default,
ush-Numerals-2-1,,ush,Numerals-2,duː,duː,d uː,,hindukush,,,^ d uː $,default,
ush-Numerals-3-1,,ush,Numerals-3,ʈ͡ʂiː,ʈ͡ʂiː,ʈʂ iː,,hindukush,,,^ ʈ͡ʂ iː $,default,
ush-Numerals-4-1,,ush,Numerals-4,t͡ʃaːr,t͡ʃaːr,tʃ aː r,,hindukush,,,^ t͡ʃ aː r $,default,
ush-Numerals-5-1,,ush,Numerals-5,poːʃ,poːʃ,p oː ʃ,,hindukush,,,^ p oː ʃ $,default,
ush-Numerals-6-1,,ush,Numerals-6,ʂa,ʂa,ʂ a,,hindukush,,,^ ʂ a $,default,
ush-Numerals-7-1,,ush,Numerals-7,saːt,saːt,s aː t,,hindukush,,,^ s aː t $,default,
ush-Numerals-8-1,,ush,Numerals-8,aːʈ,aːʈ,aː ʈ,,hindukush,,,^ aː ʈ $,default,
ush-Numerals-9-1,,ush,Numerals-9,naw,naw,n a w,,hindukush,,,^ n a w $,default,
ush-Numerals-10-1,,ush,Numerals-10,daiː,daiː,d a iː,,hindukush,,,^ d aiː $,default,
ush-Numerals-11-1,,ush,Numerals-11,agaːʃ,agaːʃ,a g aː ʃ,,hindukush,,,^ a g aː ʃ $,default,
ush-Numerals-12-1,,ush,Numerals-12,doaːʃ,doaːʃ,d o aː ʃ,,hindukush,,,^ d oaː ʃ $,default,
ush-Numerals-13-1,,ush,Numerals-13,ʈ͡ʂiːʃ,ʈ͡ʂiːʃ,ʈʂ iː ʃ,,hindukush,,,^ ʈ͡ʂ iː ʃ $,default,
ush-Numerals-14-1,,ush,Numerals-14,t͡ʃadaʃ,t͡ʃadaʃ,tʃ a d a ʃ,,hindukush,,,^ t͡ʃ a d a ʃ $,default,
ush-Numerals-15-1,,ush,Numerals-15,pĩːʃ,pĩːʃ,p ĩː ʃ,,hindukush,,,^ p ĩː ʃ $,default,
ush-Numerals-16-1,,ush,Numerals-16,ʂiːʃ,ʂiːʃ,ʂ iː ʃ,,hindukush,,,^ ʂ iː ʃ $,default,
ush-Numerals-17-1,,ush,Numerals-17,sataːʃ,sataːʃ,s a t aː ʃ,,hindukush,,,^ s a t aː ʃ $,default,
ush-Numerals-18-1,,ush,Numerals-18,aʈʰaːʃ,aʈʰaːʃ,a ʈʰ aː ʃ,,hindukush,,,^ a ʈʰ aː ʃ $,default,
ush-Numerals-19-1,,ush,Numerals-19,ẽɽ biː,ẽɽ_biː,ẽ ɽ + b iː,,hindukush,,,^ ẽ ɽ _ b iː $,default,
ush-Numerals-20-1,,ush,Numerals-20,biː,biː,b iː,,hindukush,,,^ b iː $,default,
ush-Numerals-21-1,,ush,Numerals-21,ega biː,ega_biː,e g a + b iː,,hindukush,,,^ e g a _ b iː $,default,
ush-Numerals-22-1,,ush,Numerals-22,duːga biː,duːga_biː,d uː g a + b iː,,hindukush,,,^ d uː g a _ b iː $,default,
ush-Numerals-23-1,,ush,Numerals-23,ʈ͡ʂiː ga biː,ʈ͡ʂiː_ga_biː,ʈʂ iː + g a + b iː,,hindukush,,,^ ʈ͡ʂ iː _ g a _ b iː $,default,
ush-Numerals-24-1,,ush,Numerals-24,t͡ʃaːr ga biː,t͡ʃaːr_ga_biː,tʃ aː r + g a + b iː,,hindukush,,,^ t͡ʃ aː r _ g a _ b iː $,default,
ush-Numerals-25-1,,ush,Numerals-25,poːʃ ga biː,poːʃ_ga_biː,p oː ʃ + g a + b iː,,hindukush,,,^ p oː ʃ _ g a _ b iː $,default,
ush-Numerals-26-1,,ush,Numerals-26,ʂa ga biː,ʂa_ga_biː,ʂ a + g a + b iː,,hindukush,,,^ ʂ a _ g a _ b iː $,default,
ush-Numerals-27-1,,ush,Numerals-27,saːt ga biː,saːt_ga_biː,s aː t + g a + b iː,,hindukush,,,^ s aː t _ g a _ b iː $,default,
ush-Numerals-28-1,,ush,Numerals-28,aːʈ ga biː,aːʈ_ga_biː,aː ʈ + g a + b iː,,hindukush,,,^ aː ʈ _ g a _ b iː $,default,
ush-Numerals-29-1,,ush,Numerals-29,naw ga biː,naw_ga_biː,n a w + g a + b iː,,hindukush,,,^ n a w _ g a _ b iː $,default,
ush-Numerals-30-1,,ush,Numerals-30,daiː ga biː,daiː_ga_biː,d a iː + g a + b iː,,hindukush,,,^ d aiː _ g a _ b iː $,default,
ush-Numerals-31-1,,ush,Numerals-31,agaːʃ ga biː,agaːʃ_ga_biː,a g aː ʃ + g a + b iː,,hindukush,,,^ a g aː ʃ _ g a _ b iː $,default,
ush-Numerals-32-1,,ush,Numerals-32,doaːʃ ga biː,doaːʃ_ga_biː,d o aː ʃ + g a + b iː,,hindukush,,,^ d oaː ʃ _ g a _ b iː $,default,
ush-Numerals-33-1,,ush,Numerals-33,ʈ͡ʂiːʃ ga biː,ʈ͡ʂiːʃ_ga_biː,ʈʂ iː ʃ + g a + b iː,,hindukush,,,^ ʈ͡ʂ iː ʃ _ g a _ b iː $,default,
ush-Numerals-34-1,,ush,Numerals-34,t͡ʃadaʃ ga biː,t͡ʃadaʃ_ga_biː,tʃ a d a ʃ + g a + b iː,,hindukush,,,^ t͡ʃ a d a ʃ _ g a _ b iː $,default,
ush-Numerals-35-1,,ush,Numerals-35,pĩːʃ ga biː,pĩːʃ_ga_biː,p ĩː ʃ + g a + b iː,,hindukush,,,^ p ĩː ʃ _ g a _ b iː $,default,
ush-Numerals-36-1,,ush,Numerals-36,ʂiːʃ ga biː,ʂiːʃ_ga_biː,ʂ iː ʃ + g a + b iː,,hindukush,,,^ ʂ iː ʃ _ g a _ b iː $,default,
ush-Numerals-37-1,,ush,Numerals-37,sataːʃ ga biː,sataːʃ_ga_biː,s a t aː ʃ + g a + b iː,,hindukush,,,^ s a t aː ʃ _ g a _ b iː $,default,
ush-Numerals-38-1,,ush,Numerals-38,aʈʰaːʃ ga biː,aʈʰaːʃ_ga_biː,a ʈʰ aː ʃ + g a + b iː,,hindukush,,,^ a ʈʰ aː ʃ _ g a _ b iː $,default,
ush-Numerals-39-1,,ush,Numerals-39,"ẽɽbiː ga biː, ek kam dubi",ẽɽbiː_ga_biː,ẽ ɽ b iː + g a + b iː,,hindukush,,,^ ẽ ɽ b iː _ g a _ b iː $,default,
ush-Numerals-39-2,,ush,Numerals-39,"ẽɽbiː ga biː, ek kam dubi",ek_kam_dubi,e k + k a m + d u b i,,hindukush,,,^ e k _ k a m _ d u b i $,default,
ush-Numerals-40-1,,ush,Numerals-40,dubi,dubi,d u b i,,hindukush,,,^ d u b i $,default,
ush-Numerals-41-1,,ush,Numerals-41,ega dubi,ega_dubi,e g a + d u b i,,hindukush,,,^ e g a _ d u b i $,default,
ush-Numerals-42-1,,ush,Numerals-42,duːga dubi,duːga_dubi,d uː g a + d u b i,,hindukush,,,^ d uː g a _ d u b i $,default,
ush-Numerals-43-1,,ush,Numerals-43,ʈ͡ʂiː ga dubi,ʈ͡ʂiː_ga_dubi,ʈʂ iː + g a + d u b i,,hindukush,,,^ ʈ͡ʂ iː _ g a _ d u b i $,default,
ush-Numerals-44-1,,ush,Numerals-44,t͡ʃaːr ga dubi,t͡ʃaːr_ga_dubi,tʃ aː r + g a + d u b i,,hindukush,,,^ t͡ʃ aː r _ g a _ d u b i $,default,
ush-Numerals-45-1,,ush,Numerals-45,poːʃ ga dubi,poːʃ_ga_dubi,p oː ʃ + g a + d u b i,,hindukush,,,^ p oː ʃ _ g a _ d u b i $,default,
ush-Numerals-46-1,,ush,Numerals-46,ʂa ga dubi,ʂa_ga_dubi,ʂ a + g a + d u b i,,hindukush,,,^ ʂ a _ g a _ d u b i $,default,
ush-Numerals-47-1,,ush,Numerals-47,saːt ga dubi,saːt_ga_dubi,s aː t + g a + d u b i,,hindukush,,,^ s aː t _ g a _ d u b i $,default,
ush-Numerals-48-1,,ush,Numerals-48,aːʈ ga dubi,aːʈ_ga_dubi,aː ʈ + g a + d u b i,,hindukush,,,^ aː ʈ _ g a _ d u b i $,default,
ush-Numerals-49-1,,ush,Numerals-49,naw ga dubi,naw_ga_dubi,n a w + g a + d u b i,,hindukush,,,^ n a w _ g a _ d u b i $,default,
ush-Numerals-50-1,,ush,Numerals-50,"dai ga dubi, pat͡ʃaːs",dai_ga_dubi,d ai + g a + d u b i,,hindukush,,,^ d ai _ g a _ d u b i $,default,
ush-Numerals-50-2,,ush,Numerals-50,"dai ga dubi, pat͡ʃaːs",pat͡ʃaːs,p a tʃ aː s,,hindukush,,,^ p a t͡ʃ aː s $,default,
ush-Numerals-60-1,,ush,Numerals-60,ʈ͡ʂibi,ʈ͡ʂibi,ʈʂ i b i,,hindukush,,,^ ʈ͡ʂ i b i $,default,
ush-Numerals-70-1,,ush,Numerals-70,dai ga ʈ͡ʂibi,dai_ga_ʈ͡ʂibi,d ai + g a + ʈʂ i b i,,hindukush,,,^ d ai _ g a _ ʈ͡ʂ i b i $,default,
ush-Numerals-80-1,,ush,Numerals-80,t͡ʃarbi,t͡ʃarbi,tʃ a r b i,,hindukush,,,^ t͡ʃ a r b i $,default,
ush-Numerals-90-1,,ush,Numerals-90,"dai ga t͡ʃarbi, dai kam poːʃ bi",dai_ga_t͡ʃarbi,d ai + g a + tʃ a r b i,,hindukush,,,^ d ai _ g a _ t͡ʃ a r b i $,default,
ush-Numerals-90-2,,ush,Numerals-90,"dai ga t͡ʃarbi, dai kam poːʃ bi",dai_kam_poːʃ_bi,d ai + k a m + p oː ʃ + b i,,hindukush,,,^ d ai _ k a m _ p oː ʃ _ b i $,default,
ush-Numerals-100-1,,ush,Numerals-100,poːʃ bi,poːʃ_bi,p oː ʃ + b i,,hindukush,,,^ p oː ʃ _ b i $,default,
ush-Numerals-110-1,,ush,Numerals-110,dai ga poːʃ bi,dai_ga_poːʃ_bi,d ai + g a + p oː ʃ + b i,,hindukush,,,^ d ai _ g a _ p oː ʃ _ b i $,default,
ush-Numerals-120-1,,ush,Numerals-120,ʂa bi,ʂa_bi,ʂ a + b i,,hindukush,,,^ ʂ a _ b i $,default,
ush-Numerals-200-1,,ush,Numerals-200,"duːsaw, dai bi",duːsaw,d uː s a w,,hindukush,,,^ d uː s a w $,default,
ush-Numerals-200-2,,ush,Numerals-200,"duːsaw, dai bi",dai_bi,d ai + b i,,hindukush,,,^ d ai _ b i $,default,
ush-Numerals-1000-1,,ush,Numerals-1000,zar,zar,z a r,,hindukush,,,^ z a r $,default,
uzs-Numerals-1-1,,uzs,Numerals-1,bər,bər,b ə r,,hindukush,,,^ b ə r $,default,
uzs-Numerals-2-1,,uzs,Numerals-2,jekːi,jekːi,j e kː i,,hindukush,,,^ j e kː i $,default,
uzs-Numerals-3-1,,uzs,Numerals-3,wut͡ʃ,wut͡ʃ,w u tʃ,,hindukush,,,^ w u t͡ʃ $,default,
uzs-Numerals-4-1,,uzs,Numerals-4,turt,turt,t u r t,,hindukush,,,^ t u r t $,default,
uzs-Numerals-5-1,,uzs,Numerals-5,beːʃ,beːʃ,b eː ʃ,,hindukush,,,^ b eː ʃ $,default,
uzs-Numerals-6-1,,uzs,Numerals-6,ɑlte,ɑlte,ɑ l t e,,hindukush,,,^ ɑ l t e $,default,
uzs-Numerals-7-1,,uzs,Numerals-7,jetːi,jetːi,j e tː i,,hindukush,,,^ j e tː i $,default,
uzs-Numerals-8-1,,uzs,Numerals-8,sakːiz,sakːiz,s a kː i z,,hindukush,,,^ s a kː i z $,default,
uzs-Numerals-9-1,,uzs,Numerals-9,toqːuz,toqːuz,t o qː u z,,hindukush,,,^ t o qː u z $,default,
uzs-Numerals-10-1,,uzs,Numerals-10,won,won,w o n,,hindukush,,,^ w o n $,default,
uzs-Numerals-11-1,,uzs,Numerals-11,won bər,won_bər,w o n + b ə r,,hindukush,,,^ w o n _ b ə r $,default,
uzs-Numerals-12-1,,uzs,Numerals-12,won jekːi,won_jekːi,w o n + j e kː i,,hindukush,,,^ w o n _ j e kː i $,default,
uzs-Numerals-13-1,,uzs,Numerals-13,won wut͡ʃ,won_wut͡ʃ,w o n + w u tʃ,,hindukush,,,^ w o n _ w u t͡ʃ $,default,
uzs-Numerals-14-1,,uzs,Numerals-14,won turt,won_turt,w o n + t u r t,,hindukush,,,^ w o n _ t u r t $,default,
uzs-Numerals-15-1,,uzs,Numerals-15,won beːʃ,won_beːʃ,w o n + b eː ʃ,,hindukush,,,^ w o n _ b eː ʃ $,default,
uzs-Numerals-16-1,,uzs,Numerals-16,won ɑlte,won_ɑlte,w o n + ɑ l t e,,hindukush,,,^ w o n _ ɑ l t e $,default,
uzs-Numerals-17-1,,uzs,Numerals-17,won jetːi,won_jetːi,w o n + j e tː i,,hindukush,,,^ w o n _ j e tː i $,default,
uzs-Numerals-18-1,,uzs,Numerals-18,won sakːiz,won_sakːiz,w o n + s a kː i z,,hindukush,,,^ w o n _ s a kː i z $,default,
uzs-Numerals-19-1,,uzs,Numerals-19,won toqːuz,won_toqːuz,w o n + t o qː u z,,hindukush,,,^ w o n _ t o qː u z $,default,
uzs-Numerals-20-1,,uzs,Numerals-20,jegirma,jegirma,j e g i r m a,,hindukush,,,^ j e g i r m a $,default,
uzs-Numerals-21-1,,uzs,Numerals-21,jegirma bər,jegirma_bər,j e g i r m a + b ə r,,hindukush,,,^ j e g i r m a _ b ə r $,default,
uzs-Numerals-22-1,,uzs,Numerals-22,jegirma jekːi,jegirma_jekːi,j e g i r m a + j e kː i,,hindukush,,,^ j e g i r m a _ j e kː i $,default,
uzs-Numerals-23-1,,uzs,Numerals-23,jegirma wut͡ʃ,jegirma_wut͡ʃ,j e g i r m a + w u tʃ,,hindukush,,,^ j e g i r m a _ w u t͡ʃ $,default,
uzs-Numerals-24-1,,uzs,Numerals-24,jegirma turt,jegirma_turt,j e g i r m a + t u r t,,hindukush,,,^ j e g i r m a _ t u r t $,default,
uzs-Numerals-25-1,,uzs,Numerals-25,jegirma beːʃ,jegirma_beːʃ,j e g i r m a + b eː ʃ,,hindukush,,,^ j e g i r m a _ b eː ʃ $,default,
uzs-Numerals-26-1,,uzs,Numerals-26,jegirma ɑlte,jegirma_ɑlte,j e g i r m a + ɑ l t e,,hindukush,,,^ j e g i r m a _ ɑ l t e $,default,
uzs-Numerals-27-1,,uzs,Numerals-27,jegirma jetːi,jegirma_jetːi,j e g i r m a + j e tː i,,hindukush,,,^ j e g i r m a _ j e tː i $,default,
uzs-Numerals-28-1,,uzs,Numerals-28,jegirma sakːiz,jegirma_sakːiz,j e g i r m a + s a kː i z,,hindukush,,,^ j e g i r m a _ s a kː i z $,default,
uzs-Numerals-29-1,,uzs,Numerals-29,jegirma toqːuz,jegirma_toqːuz,j e g i r m a + t o qː u z,,hindukush,,,^ j e g i r m a _ t o qː u z $,default,
uzs-Numerals-30-1,,uzs,Numerals-30,wotːuz,wotːuz,w o tː u z,,hindukush,,,^ w o tː u z $,default,
uzs-Numerals-31-1,,uzs,Numerals-31,wotːuz bər,wotːuz_bər,w o tː u z + b ə r,,hindukush,,,^ w o tː u z _ b ə r $,default,
uzs-Numerals-32-1,,uzs,Numerals-32,wotːuz jekːi,wotːuz_jekːi,w o tː u z + j e kː i,,hindukush,,,^ w o tː u z _ j e kː i $,default,
uzs-Numerals-33-1,,uzs,Numerals-33,wotːuz wut͡ʃ,wotːuz_wut͡ʃ,w o tː u z + w u tʃ,,hindukush,,,^ w o tː u z _ w u t͡ʃ $,default,
uzs-Numerals-34-1,,uzs,Numerals-34,wotːuz turt,wotːuz_turt,w o tː u z + t u r t,,hindukush,,,^ w o tː u z _ t u r t $,default,
uzs-Numerals-35-1,,uzs,Numerals-35,wotːuz beːʃ,wotːuz_beːʃ,w o tː u z + b eː ʃ,,hindukush,,,^ w o tː u z _ b eː ʃ $,default,
uzs-Numerals-36-1,,uzs,Numerals-36,wotːuz ɑlte,wotːuz_ɑlte,w o tː u z + ɑ l t e,,hindukush,,,^ w o tː u z _ ɑ l t e $,default,
uzs-Numerals-37-1,,uzs,Numerals-37,wotːuz jetːi,wotːuz_jetːi,w o tː u z + j e tː i,,hindukush,,,^ w o tː u z _ j e tː i $,default,
uzs-Numerals-38-1,,uzs,Numerals-38,wotːuz sakːiz,wotːuz_sakːiz,w o tː u z + s a kː i z,,hindukush,,,^ w o tː u z _ s a kː i z $,default,
uzs-Numerals-39-1,,uzs,Numerals-39,wotːuz toqːuz,wotːuz_toqːuz,w o tː u z + t o qː u z,,hindukush,,,^ w o tː u z _ t o qː u z $,default,
uzs-Numerals-40-1,,uzs,Numerals-40,qirʁ,qirʁ,q i r ʁ,,hindukush,,,^ q i r ʁ $,default,
uzs-Numerals-41-1,,uzs,Numerals-41,qirʁu bər,qirʁu_bər,q i r ʁ u + b ə r,,hindukush,,,^ q i r ʁ u _ b ə r $,default,
uzs-Numerals-42-1,,uzs,Numerals-42,qirʁu jekːi,qirʁu_jekːi,q i r ʁ u + j e kː i,,hindukush,,,^ q i r ʁ u _ j e kː i $,default,
uzs-Numerals-43-1,,uzs,Numerals-43,qirʁu wut͡ʃ,qirʁu_wut͡ʃ,q i r ʁ u + w u tʃ,,hindukush,,,^ q i r ʁ u _ w u t͡ʃ $,default,
uzs-Numerals-44-1,,uzs,Numerals-44,qirʁu turt,qirʁu_turt,q i r ʁ u + t u r t,,hindukush,,,^ q i r ʁ u _ t u r t $,default,
uzs-Numerals-45-1,,uzs,Numerals-45,qirʁu beːʃ,qirʁu_beːʃ,q i r ʁ u + b eː ʃ,,hindukush,,,^ q i r ʁ u _ b eː ʃ $,default,
uzs-Numerals-46-1,,uzs,Numerals-46,qirʁu ɑlte,qirʁu_ɑlte,q i r ʁ u + ɑ l t e,,hindukush,,,^ q i r ʁ u _ ɑ l t e $,default,
uzs-Numerals-47-1,,uzs,Numerals-47,qirʁu jetːi,qirʁu_jetːi,q i r ʁ u + j e tː i,,hindukush,,,^ q i r ʁ u _ j e tː i $,default,
uzs-Numerals-48-1,,uzs,Numerals-48,qirʁu sakːiz,qirʁu_sakːiz,q i r ʁ u + s a kː i z,,hindukush,,,^ q i r ʁ u _ s a kː i z $,default,
uzs-Numerals-49-1,,uzs,Numerals-49,qirʁu toqːuz,qirʁu_toqːuz,q i r ʁ u + t o qː u z,,hindukush,,,^ q i r ʁ u _ t o qː u z $,default,
uzs-Numerals-50-1,,uzs,Numerals-50,elːig,elːig,e lː i g,,hindukush,,,^ e lː i g $,default,
uzs-Numerals-60-1,,uzs,Numerals-60,ɑlmiʃ,ɑlmiʃ,ɑ l m i ʃ,,hindukush,,,^ ɑ l m i ʃ $,default,
uzs-Numerals-70-1,,uzs,Numerals-70,jetmiʃ,jetmiʃ,j e t m i ʃ,,hindukush,,,^ j e t m i ʃ $,default,
uzs-Numerals-80-1,,uzs,Numerals-80,seksen,seksen,s e k s e n,,hindukush,,,^ s e ks e n $,default,
uzs-Numerals-90-1,,uzs,Numerals-90,tuχsen,tuχsen,t u χ s e n,,hindukush,,,^ t u χs e n $,default,
uzs-Numerals-100-1,,uzs,Numerals-100,juz,juz,j u z,,hindukush,,,^ j u z $,default,
uzs-Numerals-110-1,,uzs,Numerals-110,bər juzu won,bər_juzu_won,b ə r + j u z u + w o n,,hindukush,,,^ b ə r _ j u z u _ w o n $,default,
uzs-Numerals-120-1,,uzs,Numerals-120,bər juzu won jegirma,bər_juzu_won_jegirma,b ə r + j u z u + w o n + j e g i r m a,,hindukush,,,^ b ə r _ j u z u _ w o n _ j e g i r m a $,default,
uzs-Numerals-200-1,,uzs,Numerals-200,jekː juz,jekː_juz,j e kː + j u z,,hindukush,,,^ j e kː _ j u z $,default,
uzs-Numerals-1000-1,,uzs,Numerals-1000,bər ming,bər_ming,b ə r + m i n g,,hindukush,,,^ b ə r _ m i n g $,default,
wbk-Numerals-1-1,,wbk,Numerals-1,ew,ew,e w,,hindukush,,,^ e w $,default,
wbk-Numerals-2-1,,wbk,Numerals-2,dyː,dyː,d yː,,hindukush,,,^ d yː $,default,
wbk-Numerals-3-1,,wbk,Numerals-3,treː,treː,t r eː,,hindukush,,,^ t r eː $,default,
wbk-Numerals-4-1,,wbk,Numerals-4,t͡ʃataː,t͡ʃataː,tʃ a t aː,,hindukush,,,^ t͡ʃ a t aː $,default,
wbk-Numerals-5-1,,wbk,Numerals-5,puːnt͡ʃ,puːnt͡ʃ,p uː n tʃ,,hindukush,,,^ p uː n t͡ʃ $,default,
wbk-Numerals-6-1,,wbk,Numerals-6,ʂuː,ʂuː,ʂ uː,,hindukush,,,^ ʂ uː $,default,
wbk-Numerals-7-1,,wbk,Numerals-7,soːt,soːt,s oː t,,hindukush,,,^ s oː t $,default,
wbk-Numerals-8-1,,wbk,Numerals-8,oːʃt,oːʃt,oː ʃ t,,hindukush,,,^ oː ʃ t $,default,
wbk-Numerals-9-1,,wbk,Numerals-9,nuː,nuː,n uː,,hindukush,,,^ n uː $,default,
wbk-Numerals-10-1,,wbk,Numerals-10,doːʃ,doːʃ,d oː ʃ,,hindukush,,,^ d oː ʃ $,default,
wbk-Numerals-11-1,,wbk,Numerals-11,jaːʃ,jaːʃ,j aː ʃ,,hindukush,,,^ j aː ʃ $,default,
wbk-Numerals-12-1,,wbk,Numerals-12,baːʃ,baːʃ,b aː ʃ,,hindukush,,,^ b aː ʃ $,default,
wbk-Numerals-13-1,,wbk,Numerals-13,trynʃ,trynʃ,t r y n ʃ,,hindukush,,,^ t r y nʃ $,default,
wbk-Numerals-14-1,,wbk,Numerals-14,t͡ʃadiʃ,t͡ʃadiʃ,tʃ a d i ʃ,,hindukush,,,^ t͡ʃ a d i ʃ $,default,
wbk-Numerals-15-1,,wbk,Numerals-15,pat͡ʃiʃ,pat͡ʃiʃ,p a tʃ i ʃ,,hindukush,,,^ p a t͡ʃ i ʃ $,default,
wbk-Numerals-16-1,,wbk,Numerals-16,ʂenʃ,ʂenʃ,ʂ e n ʃ,,hindukush,,,^ ʂ e nʃ $,default,
wbk-Numerals-17-1,,wbk,Numerals-17,sataːs,sataːs,s a t aː s,,hindukush,,,^ s a t aː s $,default,
wbk-Numerals-18-1,,wbk,Numerals-18,iʃʈaːʃ,iʃʈaːʃ,i ʃ ʈ aː ʃ,,hindukush,,,^ i ʃ ʈ aː ʃ $,default,
wbk-Numerals-19-1,,wbk,Numerals-19,iʃi,iʃi,i ʃ i,,hindukush,,,^ i ʃ i $,default,
wbk-Numerals-20-1,,wbk,Numerals-20,wiʃi,wiʃi,w i ʃ i,,hindukush,,,^ w i ʃ i $,default,
wbk-Numerals-21-1,,wbk,Numerals-21,wiʃije ewi,wiʃije_ewi,w i ʃ i j e + e w i,,hindukush,,,^ w i ʃ i j e _ e w i $,default,
wbk-Numerals-22-1,,wbk,Numerals-22,wiʃije dyːi,wiʃije_dyːi,w i ʃ i j e + d yː i,,hindukush,,,^ w i ʃ i j e _ d yːi $,default,
wbk-Numerals-23-1,,wbk,Numerals-23,wiʃije treːi,wiʃije_treːi,w i ʃ i j e + t r eː i,,hindukush,,,^ w i ʃ i j e _ t r eːi $,default,
wbk-Numerals-24-1,,wbk,Numerals-24,wiʃije t͡ʃataːi,wiʃije_t͡ʃataːi,w i ʃ i j e + tʃ a t aːi,,hindukush,,,^ w i ʃ i j e _ t͡ʃ a t aːi $,default,
wbk-Numerals-25-1,,wbk,Numerals-25,wiʃije puːnt͡ʃi,wiʃije_puːnt͡ʃi,w i ʃ i j e + p uː n tʃ i,,hindukush,,,^ w i ʃ i j e _ p uː n t͡ʃ i $,default,
wbk-Numerals-26-1,,wbk,Numerals-26,wiʃije ʂuːi,wiʃije_ʂuːi,w i ʃ i j e + ʂ uː i,,hindukush,,,^ w i ʃ i j e _ ʂ uːi $,default,
wbk-Numerals-27-1,,wbk,Numerals-27,wiʃije soːti,wiʃije_soːti,w i ʃ i j e + s oː t i,,hindukush,,,^ w i ʃ i j e _ s oː t i $,default,
wbk-Numerals-28-1,,wbk,Numerals-28,wiʃije oːʂʈi,wiʃije_oːʂʈi,w i ʃ i j e + oː ʂ ʈ i,,hindukush,,,^ w i ʃ i j e _ oː ʂ ʈ i $,default,
wbk-Numerals-29-1,,wbk,Numerals-29,wiʃije nuːi,wiʃije_nuːi,w i ʃ i j e + n uː i,,hindukush,,,^ w i ʃ i j e _ n uːi $,default,
wbk-Numerals-30-1,,wbk,Numerals-30,wiʃije doːʃ,wiʃije_doːʃ,w i ʃ i j e + d oː ʃ,,hindukush,,,^ w i ʃ i j e _ d oː ʃ $,default,
wbk-Numerals-31-1,,wbk,Numerals-31,wiʃije jaːʃ,wiʃije_jaːʃ,w i ʃ i j e + j aː ʃ,,hindukush,,,^ w i ʃ i j e _ j aː ʃ $,default,
wbk-Numerals-32-1,,wbk,Numerals-32,wiʃije baːʃ,wiʃije_baːʃ,w i ʃ i j e + b aː ʃ,,hindukush,,,^ w i ʃ i j e _ b aː ʃ $,default,
wbk-Numerals-33-1,,wbk,Numerals-33,wiʃije trynʃ,wiʃije_trynʃ,w i ʃ i j e + t r y n ʃ,,hindukush,,,^ w i ʃ i j e _ t r y nʃ $,default,
wbk-Numerals-34-1,,wbk,Numerals-34,wiʃije t͡ʃadiʃ,wiʃije_t͡ʃadiʃ,w i ʃ i j e + tʃ a d i ʃ,,hindukush,,,^ w i ʃ i j e _ t͡ʃ a d i ʃ $,default,
wbk-Numerals-35-1,,wbk,Numerals-35,wiʃije pat͡ʃiʃ,wiʃije_pat͡ʃiʃ,w i ʃ i j e + p a tʃ i ʃ,,hindukush,,,^ w i ʃ i j e _ p a t͡ʃ i ʃ $,default,
wbk-Numerals-36-1,,wbk,Numerals-36,wiʃije ʂenʃ,wiʃije_ʂenʃ,w i ʃ i j e + ʂ e n ʃ,,hindukush,,,^ w i ʃ i j e _ ʂ e nʃ $,default,
wbk-Numerals-37-1,,wbk,Numerals-37,wiʃije sataːs,wiʃije_sataːs,w i ʃ i j e + s a t aː s,,hindukush,,,^ w i ʃ i j e _ s a t aː s $,default,
wbk-Numerals-38-1,,wbk,Numerals-38,wiʃije iʃʈaːʃ,wiʃije_iʃʈaːʃ,w i ʃ i j e + i ʃ ʈ aː ʃ,,hindukush,,,^ w i ʃ i j e _ i ʃ ʈ aː ʃ $,default,
wbk-Numerals-39-1,,wbk,Numerals-39,dyːwiʃije nuːi,dyːwiʃije_nuːi,d yː w i ʃ i j e + n uː i,,hindukush,,,^ d yː w i ʃ i j e _ n uːi $,default,
wbk-Numerals-40-1,,wbk,Numerals-40,dyːwiʃi,dyːwiʃi,d yː w i ʃ i,,hindukush,,,^ d yː w i ʃ i $,default,
wbk-Numerals-41-1,,wbk,Numerals-41,dyːwiʃije ewi,dyːwiʃije_ewi,d yː w i ʃ i j e + e w i,,hindukush,,,^ d yː w i ʃ i j e _ e w i $,default,
wbk-Numerals-42-1,,wbk,Numerals-42,dyːwiʃije dyːi,dyːwiʃije_dyːi,d yː w i ʃ i j e + d yː i,,hindukush,,,^ d yː w i ʃ i j e _ d yːi $,default,
wbk-Numerals-43-1,,wbk,Numerals-43,dyːwiʃije treːi,dyːwiʃije_treːi,d yː w i ʃ i j e + t r eː i,,hindukush,,,^ d yː w i ʃ i j e _ t r eːi $,default,
wbk-Numerals-44-1,,wbk,Numerals-44,dyːwiʃije t͡ʃataː,dyːwiʃije_t͡ʃataː,d yː w i ʃ i j e + tʃ a t aː,,hindukush,,,^ d yː w i ʃ i j e _ t͡ʃ a t aː $,default,
wbk-Numerals-45-1,,wbk,Numerals-45,dyːwiʃije puːnt͡ʃ,dyːwiʃije_puːnt͡ʃ,d yː w i ʃ i j e + p uː n tʃ,,hindukush,,,^ d yː w i ʃ i j e _ p uː n t͡ʃ $,default,
wbk-Numerals-46-1,,wbk,Numerals-46,dyːwiʃije ʂuː,dyːwiʃije_ʂuː,d yː w i ʃ i j e + ʂ uː,,hindukush,,,^ d yː w i ʃ i j e _ ʂ uː $,default,
wbk-Numerals-47-1,,wbk,Numerals-47,dyːwiʃije soːt,dyːwiʃije_soːt,d yː w i ʃ i j e + s oː t,,hindukush,,,^ d yː w i ʃ i j e _ s oː t $,default,
wbk-Numerals-48-1,,wbk,Numerals-48,dyːwiʃije oːʂʈ,dyːwiʃije_oːʂʈ,d yː w i ʃ i j e + oː ʂ ʈ,,hindukush,,,^ d yː w i ʃ i j e _ oː ʂ ʈ $,default,
wbk-Numerals-49-1,,wbk,Numerals-49,dyːwiʃije nuː,dyːwiʃije_nuː,d yː w i ʃ i j e + n uː,,hindukush,,,^ d yː w i ʃ i j e _ n uː $,default,
wbk-Numerals-50-1,,wbk,Numerals-50,dyːwiʃije doːʃ,dyːwiʃije_doːʃ,d yː w i ʃ i j e + d oː ʃ,,hindukush,,,^ d yː w i ʃ i j e _ d oː ʃ $,default,
wbk-Numerals-60-1,,wbk,Numerals-60,treːwiʃi,treːwiʃi,t r eː w i ʃ i,,hindukush,,,^ t r eː w i ʃ i $,default,
wbk-Numerals-70-1,,wbk,Numerals-70,treːwiʃije doːʃ,treːwiʃije_doːʃ,t r eː w i ʃ i j e + d oː ʃ,,hindukush,,,^ t r eː w i ʃ i j e _ d oː ʃ $,default,
wbk-Numerals-80-1,,wbk,Numerals-80,t͡ʃataːwiʃi,t͡ʃataːwiʃi,tʃ a t aː w i ʃ i,,hindukush,,,^ t͡ʃ a t aː w i ʃ i $,default,
wbk-Numerals-90-1,,wbk,Numerals-90,t͡ʃataːwiʃije doːʃ,t͡ʃataːwiʃije_doːʃ,tʃ a t aː w i ʃ i j e + d oː ʃ,,hindukush,,,^ t͡ʃ a t aː w i ʃ i j e _ d oː ʃ $,default,
wbk-Numerals-100-1,,wbk,Numerals-100,punt͡ʃwiʃi,punt͡ʃwiʃi,p u n tʃ w i ʃ i,,hindukush,,,^ p u n t͡ʃw i ʃ i $,default,
wbk-Numerals-110-1,,wbk,Numerals-110,punt͡ʃwiʃije doːʃi,punt͡ʃwiʃije_doːʃi,p u n tʃ w i ʃ i j e + d oː ʃ i,,hindukush,,,^ p u n t͡ʃw i ʃ i j e _ d oː ʃ i $,default,
wbk-Numerals-120-1,,wbk,Numerals-120,punt͡ʃwiʃije wiʃi,punt͡ʃwiʃije_wiʃi,p u n tʃ w i ʃ i j e + w i ʃ i,,hindukush,,,^ p u n t͡ʃw i ʃ i j e _ w i ʃ i $,default,
wbk-Numerals-200-1,,wbk,Numerals-200,dyːwiʃiːje wiʃi,dyːwiʃiːje_wiʃi,d yː w i ʃ iː j e + w i ʃ i,,hindukush,,,^ d yː w i ʃ iː j e _ w i ʃ i $,default,
wbk-Numerals-1000-1,,wbk,Numerals-1000,eː azaːr,eː_azaːr,eː + a z aː r,,hindukush,,,^ eː _ a z aː r $,default,
wbl_a-Numerals-1-1,,wbl_a,Numerals-1,jiːw,jiːw,j iː w,,hindukush,,,^ j iː w $,default,
wbl_a-Numerals-2-1,,wbl_a,Numerals-2,buːj,buːj,b uː j,,hindukush,,,^ b uː j $,default,
wbl_a-Numerals-3-1,,wbl_a,Numerals-3,təruːj,təruːj,t ə r uː j,,hindukush,,,^ t ə r uː j $,default,
wbl_a-Numerals-4-1,,wbl_a,Numerals-4,t͡səbɨːr,t͡səbɨːr,ts ə b ɨː r,,hindukush,,,^ t͡s ə b ɨː r $,default,
wbl_a-Numerals-5-1,,wbl_a,Numerals-5,paːnt͡s,paːnt͡s,p aː n ts,,hindukush,,,^ p aː n t͡s $,default,
wbl_a-Numerals-6-1,,wbl_a,Numerals-6,ʃaːd,ʃaːd,ʃ aː d,,hindukush,,,^ ʃ aː d $,default,
wbl_a-Numerals-7-1,,wbl_a,Numerals-7,ɨːb,ɨːb,ɨː b,,hindukush,,,^ ɨː b $,default,
wbl_a-Numerals-8-1,,wbl_a,Numerals-8,aːt,aːt,aː t,,hindukush,,,^ aː t $,default,
wbl_a-Numerals-9-1,,wbl_a,Numerals-9,naw,naw,n a w,,hindukush,,,^ n a w $,default,
wbl_a-Numerals-10-1,,wbl_a,Numerals-10,ðas,ðas,ð a s,,hindukush,,,^ ð a s $,default,
wbl_a-Numerals-11-1,,wbl_a,Numerals-11,ðas jiːw,ðas_jiːw,ð a s + j iː w,,hindukush,,,^ ð a s _ j iː w $,default,
wbl_a-Numerals-12-1,,wbl_a,Numerals-12,ðas buːj,ðas_buːj,ð a s + b uː j,,hindukush,,,^ ð a s _ b uː j $,default,
wbl_a-Numerals-13-1,,wbl_a,Numerals-13,ðas təruːj,ðas_təruːj,ð a s + t ə r uː j,,hindukush,,,^ ð a s _ t ə r uː j $,default,
wbl_a-Numerals-14-1,,wbl_a,Numerals-14,ðas t͡səbɨːr,ðas_t͡səbɨːr,ð a s + ts ə b ɨː r,,hindukush,,,^ ð a s _ t͡s ə b ɨː r $,default,
wbl_a-Numerals-15-1,,wbl_a,Numerals-15,ðas paːnt͡s,ðas_paːnt͡s,ð a s + p aː n ts,,hindukush,,,^ ð a s _ p aː n t͡s $,default,
wbl_a-Numerals-16-1,,wbl_a,Numerals-16,ðas ʃaːd,ðas_ʃaːd,ð a s + ʃ aː d,,hindukush,,,^ ð a s _ ʃ aː d $,default,
wbl_a-Numerals-17-1,,wbl_a,Numerals-17,ðas ɨːb,ðas_ɨːb,ð a s + ɨː b,,hindukush,,,^ ð a s _ ɨː b $,default,
wbl_a-Numerals-18-1,,wbl_a,Numerals-18,ðas aːt,ðas_aːt,ð a s + aː t,,hindukush,,,^ ð a s _ aː t $,default,
wbl_a-Numerals-19-1,,wbl_a,Numerals-19,ðas naw,ðas_naw,ð a s + n a w,,hindukush,,,^ ð a s _ n a w $,default,
wbl_a-Numerals-20-1,,wbl_a,Numerals-20,bist,bist,b i s t,,hindukush,,,^ b i s t $,default,
wbl_a-Numerals-21-1,,wbl_a,Numerals-21,iː bistet jiːw,iː_bistet_jiːw,iː + b i s t e t + j iː w,,hindukush,,,^ iː _ b i s t e t _ j iː w $,default,
wbl_a-Numerals-22-1,,wbl_a,Numerals-22,iː bistet buːj,iː_bistet_buːj,iː + b i s t e t + b uː j,,hindukush,,,^ iː _ b i s t e t _ b uː j $,default,
wbl_a-Numerals-23-1,,wbl_a,Numerals-23,iː bistet təruːj,iː_bistet_təruːj,iː + b i s t e t + t ə r uː j,,hindukush,,,^ iː _ b i s t e t _ t ə r uː j $,default,
wbl_a-Numerals-24-1,,wbl_a,Numerals-24,iː bistet t͡səbɨːr,iː_bistet_t͡səbɨːr,iː + b i s t e t + ts ə b ɨː r,,hindukush,,,^ iː _ b i s t e t _ t͡s ə b ɨː r $,default,
wbl_a-Numerals-25-1,,wbl_a,Numerals-25,iː bistet paːnt͡s,iː_bistet_paːnt͡s,iː + b i s t e t + p aː n ts,,hindukush,,,^ iː _ b i s t e t _ p aː n t͡s $,default,
wbl_a-Numerals-26-1,,wbl_a,Numerals-26,iː bistet ʃaːd,iː_bistet_ʃaːd,iː + b i s t e t + ʃ aː d,,hindukush,,,^ iː _ b i s t e t _ ʃ aː d $,default,
wbl_a-Numerals-27-1,,wbl_a,Numerals-27,iː bistet ɨːb,iː_bistet_ɨːb,iː + b i s t e t + ɨː b,,hindukush,,,^ iː _ b i s t e t _ ɨː b $,default,
wbl_a-Numerals-28-1,,wbl_a,Numerals-28,iː bistet aːt,iː_bistet_aːt,iː + b i s t e t + aː t,,hindukush,,,^ iː _ b i s t e t _ aː t $,default,
wbl_a-Numerals-29-1,,wbl_a,Numerals-29,iː bistet naw,iː_bistet_naw,iː + b i s t e t + n a w,,hindukush,,,^ iː _ b i s t e t _ n a w $,default,
wbl_a-Numerals-30-1,,wbl_a,Numerals-30,iː bistet ðas,iː_bistet_ðas,iː + b i s t e t + ð a s,,hindukush,,,^ iː _ b i s t e t _ ð a s $,default,
wbl_a-Numerals-31-1,,wbl_a,Numerals-31,iː bistet ðas jiːw,iː_bistet_ðas_jiːw,iː + b i s t e t + ð a s + j iː w,,hindukush,,,^ iː _ b i s t e t _ ð a s _ j iː w $,default,
wbl_a-Numerals-32-1,,wbl_a,Numerals-32,iː bistet ðas buːj,iː_bistet_ðas_buːj,iː + b i s t e t + ð a s + b uː j,,hindukush,,,^ iː _ b i s t e t _ ð a s _ b uː j $,default,
wbl_a-Numerals-33-1,,wbl_a,Numerals-33,iː bistet ðas təruːj,iː_bistet_ðas_təruːj,iː + b i s t e t + ð a s + t ə r uː j,,hindukush,,,^ iː _ b i s t e t _ ð a s _ t ə r uː j $,default,
wbl_a-Numerals-34-1,,wbl_a,Numerals-34,iː bistet ðas t͡səbɨːr,iː_bistet_ðas_t͡səbɨːr,iː + b i s t e t + ð a s + ts ə b ɨː r,,hindukush,,,^ iː _ b i s t e t _ ð a s _ t͡s ə b ɨː r $,default,
wbl_a-Numerals-35-1,,wbl_a,Numerals-35,iː bistet ðas paːnt͡s,iː_bistet_ðas_paːnt͡s,iː + b i s t e t + ð a s + p aː n ts,,hindukush,,,^ iː _ b i s t e t _ ð a s _ p aː n t͡s $,default,
wbl_a-Numerals-36-1,,wbl_a,Numerals-36,iː bistet ðas ʃaːd,iː_bistet_ðas_ʃaːd,iː + b i s t e t + ð a s + ʃ aː d,,hindukush,,,^ iː _ b i s t e t _ ð a s _ ʃ aː d $,default,
wbl_a-Numerals-37-1,,wbl_a,Numerals-37,iː bistet ðas ɨːb,iː_bistet_ðas_ɨːb,iː + b i s t e t + ð a s + ɨː b,,hindukush,,,^ iː _ b i s t e t _ ð a s _ ɨː b $,default,
wbl_a-Numerals-38-1,,wbl_a,Numerals-38,iː bistet ðas aːt,iː_bistet_ðas_aːt,iː + b i s t e t + ð a s + aː t,,hindukush,,,^ iː _ b i s t e t _ ð a s _ aː t $,default,
wbl_a-Numerals-39-1,,wbl_a,Numerals-39,iː bistet ðas naw,iː_bistet_ðas_naw,iː + b i s t e t + ð a s + n a w,,hindukush,,,^ iː _ b i s t e t _ ð a s _ n a w $,default,
wbl_a-Numerals-40-1,,wbl_a,Numerals-40,buː bist,buː_bist,b uː + b i s t,,hindukush,,,^ b uː _ b i s t $,default,
wbl_a-Numerals-41-1,,wbl_a,Numerals-41,buː bistet jiːw,buː_bistet_jiːw,b uː + b i s t e t + j iː w,,hindukush,,,^ b uː _ b i s t e t _ j iː w $,default,
wbl_a-Numerals-42-1,,wbl_a,Numerals-42,buː bistet buːj,buː_bistet_buːj,b uː + b i s t e t + b uː j,,hindukush,,,^ b uː _ b i s t e t _ b uː j $,default,
wbl_a-Numerals-43-1,,wbl_a,Numerals-43,buː bistet təruːj,buː_bistet_təruːj,b uː + b i s t e t + t ə r uː j,,hindukush,,,^ b uː _ b i s t e t _ t ə r uː j $,default,
wbl_a-Numerals-44-1,,wbl_a,Numerals-44,buː bistet t͡səbɨːr,buː_bistet_t͡səbɨːr,b uː + b i s t e t + ts ə b ɨː r,,hindukush,,,^ b uː _ b i s t e t _ t͡s ə b ɨː r $,default,
wbl_a-Numerals-45-1,,wbl_a,Numerals-45,buː bistet paːnt͡s,buː_bistet_paːnt͡s,b uː + b i s t e t + p aː n ts,,hindukush,,,^ b uː _ b i s t e t _ p aː n t͡s $,default,
wbl_a-Numerals-46-1,,wbl_a,Numerals-46,buː bistet ʃaːd,buː_bistet_ʃaːd,b uː + b i s t e t + ʃ aː d,,hindukush,,,^ b uː _ b i s t e t _ ʃ aː d $,default,
wbl_a-Numerals-47-1,,wbl_a,Numerals-47,buː bistet ɨːb,buː_bistet_ɨːb,b uː + b i s t e t + ɨː b,,hindukush,,,^ b uː _ b i s t e t _ ɨː b $,default,
wbl_a-Numerals-48-1,,wbl_a,Numerals-48,buː bistet aːt,buː_bistet_aːt,b uː + b i s t e t + aː t,,hindukush,,,^ b uː _ b i s t e t _ aː t $,default,
wbl_a-Numerals-49-1,,wbl_a,Numerals-49,buː bistet naw,buː_bistet_naw,b uː + b i s t e t + n a w,,hindukush,,,^ b uː _ b i s t e t _ n a w $,default,
wbl_a-Numerals-50-1,,wbl_a,Numerals-50,buː bistet ðas,buː_bistet_ðas,b uː + b i s t e t + ð a s,,hindukush,,,^ b uː _ b i s t e t _ ð a s $,default,
wbl_a-Numerals-60-1,,wbl_a,Numerals-60,təruː bist,təruː_bist,t ə r uː + b i s t,,hindukush,,,^ t ə r uː _ b i s t $,default,
wbl_a-Numerals-70-1,,wbl_a,Numerals-70,təruː bistet ðas,təruː_bistet_ðas,t ə r uː + b i s t e t + ð a s,,hindukush,,,^ t ə r uː _ b i s t e t _ ð a s $,default,
wbl_a-Numerals-80-1,,wbl_a,Numerals-80,t͡səbɨːr bist,t͡səbɨːr_bist,ts ə b ɨː r + b i s t,,hindukush,,,^ t͡s ə b ɨː r _ b i s t $,default,
wbl_a-Numerals-90-1,,wbl_a,Numerals-90,t͡səbɨːr bistet ðas,t͡səbɨːr_bistet_ðas,ts ə b ɨː r + b i s t e t + ð a s,,hindukush,,,^ t͡s ə b ɨː r _ b i s t e t _ ð a s $,default,
wbl_a-Numerals-100-1,,wbl_a,Numerals-100,iː sad,iː_sad,iː + s a d,,hindukush,,,^ iː _ s a d $,default,
wbl_a-Numerals-110-1,,wbl_a,Numerals-110,iː sadet ðas,iː_sadet_ðas,iː + s a d e t + ð a s,,hindukush,,,^ iː _ s a d e t _ ð a s $,default,
wbl_a-Numerals-120-1,,wbl_a,Numerals-120,iː sadet bist,iː_sadet_bist,iː + s a d e t + b i s t,,hindukush,,,^ iː _ s a d e t _ b i s t $,default,
wbl_a-Numerals-200-1,,wbl_a,Numerals-200,buː sad,buː_sad,b uː + s a d,,hindukush,,,^ b uː _ s a d $,default,
wbl_a-Numerals-1000-1,,wbl_a,Numerals-1000,iː azɑːr,iː_azɑːr,iː + a z ɑː r,,hindukush,,,^ iː _ a z ɑː r $,default,
wbl_p-Numerals-1-1,,wbl_p,Numerals-1,jiːw,jiːw,j iː w,,hindukush,,,^ j iː w $,default,
wbl_p-Numerals-2-1,,wbl_p,Numerals-2,buːj,buːj,b uː j,,hindukush,,,^ b uː j $,default,
wbl_p-Numerals-3-1,,wbl_p,Numerals-3,tʰruːj,tʰruːj,tʰ r uː j,,hindukush,,,^ tʰ r uː j $,default,
wbl_p-Numerals-4-1,,wbl_p,Numerals-4,t͡səbɨːr,t͡səbɨːr,ts ə b ɨː r,,hindukush,,,^ t͡s ə b ɨː r $,default,
wbl_p-Numerals-5-1,,wbl_p,Numerals-5,paːnz,paːnz,p aː n z,,hindukush,,,^ p aː n z $,default,
wbl_p-Numerals-6-1,,wbl_p,Numerals-6,ɕaːð,ɕaːð,ɕ aː ð,,hindukush,,,^ ɕ aː ð $,default,
wbl_p-Numerals-7-1,,wbl_p,Numerals-7,hub,hub,h u b,,hindukush,,,^ h u b $,default,
wbl_p-Numerals-8-1,,wbl_p,Numerals-8,hat,hat,h a t,,hindukush,,,^ h a t $,default,
wbl_p-Numerals-9-1,,wbl_p,Numerals-9,naw,naw,n a w,,hindukush,,,^ n a w $,default,
wbl_p-Numerals-10-1,,wbl_p,Numerals-10,ðas,ðas,ð a s,,hindukush,,,^ ð a s $,default,
wbl_p-Numerals-11-1,,wbl_p,Numerals-11,ðas jiːw,ðas_jiːw,ð a s + j iː w,,hindukush,,,^ ð a s _ j iː w $,default,
wbl_p-Numerals-12-1,,wbl_p,Numerals-12,ðas buːj,ðas_buːj,ð a s + b uː j,,hindukush,,,^ ð a s _ b uː j $,default,
wbl_p-Numerals-13-1,,wbl_p,Numerals-13,ðas tʰruːj,ðas_tʰruːj,ð a s + tʰ r uː j,,hindukush,,,^ ð a s _ tʰ r uː j $,default,
wbl_p-Numerals-14-1,,wbl_p,Numerals-14,ðas t͡səbɨːr,ðas_t͡səbɨːr,ð a s + ts ə b ɨː r,,hindukush,,,^ ð a s _ t͡s ə b ɨː r $,default,
wbl_p-Numerals-15-1,,wbl_p,Numerals-15,ðas paːnz,ðas_paːnz,ð a s + p aː n z,,hindukush,,,^ ð a s _ p aː n z $,default,
wbl_p-Numerals-16-1,,wbl_p,Numerals-16,ðaɕaːð,ðaɕaːð,ð a ɕ aː ð,,hindukush,,,^ ð a ɕ aː ð $,default,
wbl_p-Numerals-17-1,,wbl_p,Numerals-17,ðas hub,ðas_hub,ð a s + h u b,,hindukush,,,^ ð a s _ h u b $,default,
wbl_p-Numerals-18-1,,wbl_p,Numerals-18,ðas hat,ðas_hat,ð a s + h a t,,hindukush,,,^ ð a s _ h a t $,default,
wbl_p-Numerals-19-1,,wbl_p,Numerals-19,ðas naw,ðas_naw,ð a s + n a w,,hindukush,,,^ ð a s _ n a w $,default,
wbl_p-Numerals-20-1,,wbl_p,Numerals-20,wist,wist,w i s t,,hindukush,,,^ w i s t $,default,
wbl_p-Numerals-21-1,,wbl_p,Numerals-21,wiste jiːw,wiste_jiːw,w i s t e + j iː w,,hindukush,,,^ w i s t e _ j iː w $,default,
wbl_p-Numerals-22-1,,wbl_p,Numerals-22,wiste buːj,wiste_buːj,w i s t e + b uː j,,hindukush,,,^ w i s t e _ b uː j $,default,
wbl_p-Numerals-23-1,,wbl_p,Numerals-23,wiste tʰruːj,wiste_tʰruːj,w i s t e + tʰ r uː j,,hindukush,,,^ w i s t e _ tʰ r uː j $,default,
wbl_p-Numerals-24-1,,wbl_p,Numerals-24,wiste t͡səbɨːr,wiste_t͡səbɨːr,w i s t e + ts ə b ɨː r,,hindukush,,,^ w i s t e _ t͡s ə b ɨː r $,default,
wbl_p-Numerals-25-1,,wbl_p,Numerals-25,wiste paːnz,wiste_paːnz,w i s t e + p aː n z,,hindukush,,,^ w i s t e _ p aː n z $,default,
wbl_p-Numerals-26-1,,wbl_p,Numerals-26,wiste ɕaːð,wiste_ɕaːð,w i s t e + ɕ aː ð,,hindukush,,,^ w i s t e _ ɕ aː ð $,default,
wbl_p-Numerals-27-1,,wbl_p,Numerals-27,wiste hub,wiste_hub,w i s t e + h u b,,hindukush,,,^ w i s t e _ h u b $,default,
wbl_p-Numerals-28-1,,wbl_p,Numerals-28,wiste hat,wiste_hat,w i s t e + h a t,,hindukush,,,^ w i s t e _ h a t $,default,
wbl_p-Numerals-29-1,,wbl_p,Numerals-29,wiste naw,wiste_naw,w i s t e + n a w,,hindukush,,,^ w i s t e _ n a w $,default,
wbl_p-Numerals-30-1,,wbl_p,Numerals-30,wiste ðas,wiste_ðas,w i s t e + ð a s,,hindukush,,,^ w i s t e _ ð a s $,default,
wbl_p-Numerals-31-1,,wbl_p,Numerals-31,wiste ðas jiːw,wiste_ðas_jiːw,w i s t e + ð a s + j iː w,,hindukush,,,^ w i s t e _ ð a s _ j iː w $,default,
wbl_p-Numerals-32-1,,wbl_p,Numerals-32,wiste ðas buːj,wiste_ðas_buːj,w i s t e + ð a s + b uː j,,hindukush,,,^ w i s t e _ ð a s _ b uː j $,default,
wbl_p-Numerals-33-1,,wbl_p,Numerals-33,wiste ðas tʰruːj,wiste_ðas_tʰruːj,w i s t e + ð a s + tʰ r uː j,,hindukush,,,^ w i s t e _ ð a s _ tʰ r uː j $,default,
wbl_p-Numerals-34-1,,wbl_p,Numerals-34,wiste ðas t͡səbɨːr,wiste_ðas_t͡səbɨːr,w i s t e + ð a s + ts ə b ɨː r,,hindukush,,,^ w i s t e _ ð a s _ t͡s ə b ɨː r $,default,
wbl_p-Numerals-35-1,,wbl_p,Numerals-35,wiste ðas paːnz,wiste_ðas_paːnz,w i s t e + ð a s + p aː n z,,hindukush,,,^ w i s t e _ ð a s _ p aː n z $,default,
wbl_p-Numerals-36-1,,wbl_p,Numerals-36,wiste ðaɕaːð,wiste_ðaɕaːð,w i s t e + ð a ɕ aː ð,,hindukush,,,^ w i s t e _ ð a ɕ aː ð $,default,
wbl_p-Numerals-37-1,,wbl_p,Numerals-37,wiste ðas hub,wiste_ðas_hub,w i s t e + ð a s + h u b,,hindukush,,,^ w i s t e _ ð a s _ h u b $,default,
wbl_p-Numerals-38-1,,wbl_p,Numerals-38,wiste ðas hat,wiste_ðas_hat,w i s t e + ð a s + h a t,,hindukush,,,^ w i s t e _ ð a s _ h a t $,default,
wbl_p-Numerals-39-1,,wbl_p,Numerals-39,wiste ðas naw,wiste_ðas_naw,w i s t e + ð a s + n a w,,hindukush,,,^ w i s t e _ ð a s _ n a w $,default,
wbl_p-Numerals-40-1,,wbl_p,Numerals-40,buː wist,buː_wist,b uː + w i s t,,hindukush,,,^ b uː _ w i s t $,default,
wbl_p-Numerals-41-1,,wbl_p,Numerals-41,buː wiste jiːw,buː_wiste_jiːw,b uː + w i s t e + j iː w,,hindukush,,,^ b uː _ w i s t e _ j iː w $,default,
wbl_p-Numerals-42-1,,wbl_p,Numerals-42,buː wiste buːj,buː_wiste_buːj,b uː + w i s t e + b uː j,,hindukush,,,^ b uː _ w i s t e _ b uː j $,default,
wbl_p-Numerals-43-1,,wbl_p,Numerals-43,buː wiste tʰruːj,buː_wiste_tʰruːj,b uː + w i s t e + tʰ r uː j,,hindukush,,,^ b uː _ w i s t e _ tʰ r uː j $,default,
wbl_p-Numerals-44-1,,wbl_p,Numerals-44,buː wiste t͡səbɨːr,buː_wiste_t͡səbɨːr,b uː + w i s t e + ts ə b ɨː r,,hindukush,,,^ b uː _ w i s t e _ t͡s ə b ɨː r $,default,
wbl_p-Numerals-45-1,,wbl_p,Numerals-45,buː wiste paːnz,buː_wiste_paːnz,b uː + w i s t e + p aː n z,,hindukush,,,^ b uː _ w i s t e _ p aː n z $,default,
wbl_p-Numerals-46-1,,wbl_p,Numerals-46,buː wiste ɕaːð,buː_wiste_ɕaːð,b uː + w i s t e + ɕ aː ð,,hindukush,,,^ b uː _ w i s t e _ ɕ aː ð $,default,
wbl_p-Numerals-47-1,,wbl_p,Numerals-47,buː wiste hub,buː_wiste_hub,b uː + w i s t e + h u b,,hindukush,,,^ b uː _ w i s t e _ h u b $,default,
wbl_p-Numerals-48-1,,wbl_p,Numerals-48,buː wiste hat,buː_wiste_hat,b uː + w i s t e + h a t,,hindukush,,,^ b uː _ w i s t e _ h a t $,default,
wbl_p-Numerals-49-1,,wbl_p,Numerals-49,buː wiste naw,buː_wiste_naw,b uː + w i s t e + n a w,,hindukush,,,^ b uː _ w i s t e _ n a w $,default,
wbl_p-Numerals-50-1,,wbl_p,Numerals-50,buː wiste ðas,buː_wiste_ðas,b uː + w i s t e + ð a s,,hindukush,,,^ b uː _ w i s t e _ ð a s $,default,
wbl_p-Numerals-60-1,,wbl_p,Numerals-60,tʰruː wist,tʰruː_wist,tʰ r uː + w i s t,,hindukush,,,^ tʰ r uː _ w i s t $,default,
wbl_p-Numerals-70-1,,wbl_p,Numerals-70,tʰruː wiste ðas,tʰruː_wiste_ðas,tʰ r uː + w i s t e + ð a s,,hindukush,,,^ tʰ r uː _ w i s t e _ ð a s $,default,
wbl_p-Numerals-80-1,,wbl_p,Numerals-80,t͡səbɨːr wist,t͡səbɨːr_wist,ts ə b ɨː r + w i s t,,hindukush,,,^ t͡s ə b ɨː r _ w i s t $,default,
wbl_p-Numerals-90-1,,wbl_p,Numerals-90,t͡səbɨːr wiste ðas,t͡səbɨːr_wiste_ðas,ts ə b ɨː r + w i s t e + ð a s,,hindukush,,,^ t͡s ə b ɨː r _ w i s t e _ ð a s $,default,
wbl_p-Numerals-100-1,,wbl_p,Numerals-100,sad,sad,s a d,,hindukush,,,^ s a d $,default,
wbl_p-Numerals-110-1,,wbl_p,Numerals-110,jiː sadet ðas,jiː_sadet_ðas,j iː + s a d e t + ð a s,,hindukush,,,^ j iː _ s a d e t _ ð a s $,default,
wbl_p-Numerals-120-1,,wbl_p,Numerals-120,jiː sadet wist,jiː_sadet_wist,j iː + s a d e t + w i s t,,hindukush,,,^ j iː _ s a d e t _ w i s t $,default,
wbl_p-Numerals-200-1,,wbl_p,Numerals-200,buː sad,buː_sad,b uː + s a d,,hindukush,,,^ b uː _ s a d $,default,
wbl_p-Numerals-1000-1,,wbl_p,Numerals-1000,hazoːr,hazoːr,h a z oː r,,hindukush,,,^ h a z oː r $,default,
ydg-Numerals-1-1,,ydg,Numerals-1,ju,ju,j u,,hindukush,,,^ j u $,default,
ydg-Numerals-2-1,,ydg,Numerals-2,loħ,loħ,l o ħ,,hindukush,,,^ l o ħ $,default,
ydg-Numerals-3-1,,ydg,Numerals-3,ʃiroiː,ʃiroiː,ʃ i r o iː,,hindukush,,,^ ʃ i r oiː $,default,
ydg-Numerals-4-1,,ydg,Numerals-4,t͡ʃːiːr,t͡ʃːiːr,tʃː iː r,,hindukush,,,^ t͡ʃː iː r $,default,
ydg-Numerals-5-1,,ydg,Numerals-5,pãːd͡ʒ,pãːd͡ʒ,p ãː dʒ,,hindukush,,,^ p ãː d͡ʒ $,default,
ydg-Numerals-6-1,,ydg,Numerals-6,uχʂo,uχʂo,u χ ʂ o,,hindukush,,,^ u χʂ o $,default,
ydg-Numerals-7-1,,ydg,Numerals-7,aːvdo,aːvdo,aː v d o,,hindukush,,,^ aː v d o $,default,
ydg-Numerals-8-1,,ydg,Numerals-8,aːht͡ʃo,aːht͡ʃo,aː h tʃ o,,hindukush,,,^ aː h t͡ʃ o $,default,
ydg-Numerals-9-1,,ydg,Numerals-9,now,now,n o w,,hindukush,,,^ n o w $,default,
ydg-Numerals-10-1,,ydg,Numerals-10,les,les,l e s,,hindukush,,,^ l e s $,default,
ydg-Numerals-11-1,,ydg,Numerals-11,les ju,les_ju,l e s + j u,,hindukush,,,^ l e s _ j u $,default,
ydg-Numerals-12-1,,ydg,Numerals-12,les loħ,les_loħ,l e s + l o ħ,,hindukush,,,^ l e s _ l o ħ $,default,
ydg-Numerals-13-1,,ydg,Numerals-13,les ʃiroiː,les_ʃiroiː,l e s + ʃ i r o iː,,hindukush,,,^ l e s _ ʃ i r oiː $,default,
ydg-Numerals-14-1,,ydg,Numerals-14,les t͡ʃːiːr,les_t͡ʃːiːr,l e s + tʃː iː r,,hindukush,,,^ l e s _ t͡ʃː iː r $,default,
ydg-Numerals-15-1,,ydg,Numerals-15,les pãːd͡ʒ,les_pãːd͡ʒ,l e s + p ãː dʒ,,hindukush,,,^ l e s _ p ãː d͡ʒ $,default,
ydg-Numerals-16-1,,ydg,Numerals-16,les uχʂo,les_uχʂo,l e s + u χ ʂ o,,hindukush,,,^ l e s _ u χʂ o $,default,
ydg-Numerals-17-1,,ydg,Numerals-17,les aːvdo,les_aːvdo,l e s + aː v d o,,hindukush,,,^ l e s _ aː v d o $,default,
ydg-Numerals-18-1,,ydg,Numerals-18,les aːht͡ʃo,les_aːht͡ʃo,l e s + aː h tʃ o,,hindukush,,,^ l e s _ aː h t͡ʃ o $,default,
ydg-Numerals-19-1,,ydg,Numerals-19,les now,les_now,l e s + n o w,,hindukush,,,^ l e s _ n o w $,default,
ydg-Numerals-20-1,,ydg,Numerals-20,usto,usto,u s t o,,hindukush,,,^ u s t o $,default,
ydg-Numerals-21-1,,ydg,Numerals-21,ustoju,ustoju,u s t o j u,,hindukush,,,^ u s t o j u $,default,
ydg-Numerals-22-1,,ydg,Numerals-22,usto loħ,usto_loħ,u s t o + l o ħ,,hindukush,,,^ u s t o _ l o ħ $,default,
ydg-Numerals-23-1,,ydg,Numerals-23,usto ʃiroiː,usto_ʃiroiː,u s t o + ʃ i r o iː,,hindukush,,,^ u s t o _ ʃ i r oiː $,default,
ydg-Numerals-24-1,,ydg,Numerals-24,usto t͡ʃːiːr,usto_t͡ʃːiːr,u s t o + tʃː iː r,,hindukush,,,^ u s t o _ t͡ʃː iː r $,default,
ydg-Numerals-25-1,,ydg,Numerals-25,usto pãːd͡ʒ,usto_pãːd͡ʒ,u s t o + p ãː dʒ,,hindukush,,,^ u s t o _ p ãː d͡ʒ $,default,
ydg-Numerals-26-1,,ydg,Numerals-26,usto uχʂo,usto_uχʂo,u s t o + u χ ʂ o,,hindukush,,,^ u s t o _ u χʂ o $,default,
ydg-Numerals-27-1,,ydg,Numerals-27,usto aːvdo,usto_aːvdo,u s t o + aː v d o,,hindukush,,,^ u s t o _ aː v d o $,default,
ydg-Numerals-28-1,,ydg,Numerals-28,usto aːht͡ʃo,usto_aːht͡ʃo,u s t o + aː h tʃ o,,hindukush,,,^ u s t o _ aː h t͡ʃ o $,default,
ydg-Numerals-29-1,,ydg,Numerals-29,usto now,usto_now,u s t o + n o w,,hindukush,,,^ u s t o _ n o w $,default,
ydg-Numerals-30-1,,ydg,Numerals-30,usto les,usto_les,u s t o + l e s,,hindukush,,,^ u s t o _ l e s $,default,
ydg-Numerals-31-1,,ydg,Numerals-31,usto les ju,usto_les_ju,u s t o + l e s + j u,,hindukush,,,^ u s t o _ l e s _ j u $,default,
ydg-Numerals-32-1,,ydg,Numerals-32,usto les loħ,usto_les_loħ,u s t o + l e s + l o ħ,,hindukush,,,^ u s t o _ l e s _ l o ħ $,default,
ydg-Numerals-33-1,,ydg,Numerals-33,usto les ʃiroiː,usto_les_ʃiroiː,u s t o + l e s + ʃ i r o iː,,hindukush,,,^ u s t o _ l e s _ ʃ i r oiː $,default,
ydg-Numerals-34-1,,ydg,Numerals-34,usto les t͡ʃːiːr,usto_les_t͡ʃːiːr,u s t o + l e s + tʃː iː r,,hindukush,,,^ u s t o _ l e s _ t͡ʃː iː r $,default,
ydg-Numerals-35-1,,ydg,Numerals-35,usto les pãːd͡ʒ,usto_les_pãːd͡ʒ,u s t o + l e s + p ãː dʒ,,hindukush,,,^ u s t o _ l e s _ p ãː d͡ʒ $,default,
ydg-Numerals-36-1,,ydg,Numerals-36,usto les uχʂo,usto_les_uχʂo,u s t o + l e s + u χ ʂ o,,hindukush,,,^ u s t o _ l e s _ u χʂ o $,default,
ydg-Numerals-37-1,,ydg,Numerals-37,usto les aːvdo,usto_les_aːvdo,u s t o + l e s + aː v d o,,hindukush,,,^ u s t o _ l e s _ aː v d o $,default,
ydg-Numerals-38-1,,ydg,Numerals-38,usto les aːht͡ʃo,usto_les_aːht͡ʃo,u s t o + l e s + aː h tʃ o,,hindukush,,,^ u s t o _ l e s _ aː h t͡ʃ o $,default,
ydg-Numerals-39-1,,ydg,Numerals-39,usto les now,usto_les_now,u s t o + l e s + n o w,,hindukush,,,^ u s t o _ l e s _ n o w $,default,
ydg-Numerals-40-1,,ydg,Numerals-40,lewist,lewist,l e w i s t,,hindukush,,,^ l e w i s t $,default,
ydg-Numerals-41-1,,ydg,Numerals-41,lewisto ju,lewisto_ju,l e w i s t o + j u,,hindukush,,,^ l e w i s t o _ j u $,default,
ydg-Numerals-42-1,,ydg,Numerals-42,lewisto loħ,lewisto_loħ,l e w i s t o + l o ħ,,hindukush,,,^ l e w i s t o _ l o ħ $,default,
ydg-Numerals-43-1,,ydg,Numerals-43,lewisto ʃiroiː,lewisto_ʃiroiː,l e w i s t o + ʃ i r o iː,,hindukush,,,^ l e w i s t o _ ʃ i r oiː $,default,
ydg-Numerals-44-1,,ydg,Numerals-44,lewisto t͡ʃːiːr,lewisto_t͡ʃːiːr,l e w i s t o + tʃː iː r,,hindukush,,,^ l e w i s t o _ t͡ʃː iː r $,default,
ydg-Numerals-45-1,,ydg,Numerals-45,lewisto pãːd͡ʒ,lewisto_pãːd͡ʒ,l e w i s t o + p ãː dʒ,,hindukush,,,^ l e w i s t o _ p ãː d͡ʒ $,default,
ydg-Numerals-46-1,,ydg,Numerals-46,lewisto uχʂo,lewisto_uχʂo,l e w i s t o + u χ ʂ o,,hindukush,,,^ l e w i s t o _ u χʂ o $,default,
ydg-Numerals-47-1,,ydg,Numerals-47,lewisto aːvdo,lewisto_aːvdo,l e w i s t o + aː v d o,,hindukush,,,^ l e w i s t o _ aː v d o $,default,
ydg-Numerals-48-1,,ydg,Numerals-48,lewisto aːht͡ʃo,lewisto_aːht͡ʃo,l e w i s t o + aː h tʃ o,,hindukush,,,^ l e w i s t o _ aː h t͡ʃ o $,default,
ydg-Numerals-49-1,,ydg,Numerals-49,lewisto now,lewisto_now,l e w i s t o + n o w,,hindukush,,,^ l e w i s t o _ n o w $,default,
ydg-Numerals-50-1,,ydg,Numerals-50,lewisto les,lewisto_les,l e w i s t o + l e s,,hindukush,,,^ l e w i s t o _ l e s $,default,
ydg-Numerals-60-1,,ydg,Numerals-60,ʃiroiː ist,ʃiroiː_ist,ʃ i r o iː + i s t,,hindukush,,,^ ʃ i r oiː _ i s t $,default,
ydg-Numerals-70-1,,ydg,Numerals-70,ʃiroiːjistuː les,ʃiroiːjistuː_les,ʃ i r o iː j i s t uː + l e s,,hindukush,,,^ ʃ i r oiː j i s t uː _ l e s $,default,
ydg-Numerals-80-1,,ydg,Numerals-80,t͡ʃːiːrwist,t͡ʃːiːrwist,tʃː iː r w i s t,,hindukush,,,^ t͡ʃː iː rw i s t $,default,
ydg-Numerals-90-1,,ydg,Numerals-90,t͡ʃːiːrwistuː les,t͡ʃːiːrwistuː_les,tʃː iː r w i s t uː + l e s,,hindukush,,,^ t͡ʃː iː rw i s t uː _ l e s $,default,
ydg-Numerals-100-1,,ydg,Numerals-100,ʃoːr,ʃoːr,ʃ oː r,,hindukush,,,^ ʃ oː r $,default,
ydg-Numerals-110-1,,ydg,Numerals-110,ju ʃoːruː les,ju_ʃoːruː_les,j u + ʃ oː r uː + l e s,,hindukush,,,^ j u _ ʃ oː r uː _ l e s $,default,
ydg-Numerals-120-1,,ydg,Numerals-120,ju ʃoːruː usto,ju_ʃoːruː_usto,j u + ʃ oː r uː + u s t o,,hindukush,,,^ j u _ ʃ oː r uː _ u s t o $,default,
ydg-Numerals-200-1,,ydg,Numerals-200,loħ ʃoːr,loħ_ʃoːr,l o ħ + ʃ oː r,,hindukush,,,^ l o ħ _ ʃ oː r $,default,
ydg-Numerals-1000-1,,ydg,Numerals-1000,hazaːr,hazaːr,h a z aː r,,hindukush,,,^ h a z aː r $,default,
